2014061512+000HOUR     2014061521LST
STNID    18H    42H    66H    90H   114H   138H   162H   186H   210H   234H   258H   282H
STNID 061615 061715 061815 061915 062015 062115 062215 062315 062415 062515 062615 062715LST
47008   17.4   13.0   14.6   13.7   16.5   13.9   15.8   16.8   19.4   21.8   18.2   22.0
47014   26.0   26.1   23.9   20.5   21.2   21.6   22.3   20.3   24.5   30.6   27.3   25.8
47041   26.0   17.4   16.3   21.2   19.7   20.9   22.3   36.7   26.8   25.4   20.2   26.2
47058   29.6   29.1   29.6   26.9   24.2   23.6   25.5   24.8   27.3   32.0   25.2   25.5
47069   27.4   27.2   28.9   25.1   21.1   23.9   23.5   23.7   25.0   29.3   29.9   26.2
47070   26.9   27.8   28.2   26.5   25.8   25.6   24.9   23.6   24.0   31.8   28.4   26.0
47090   26.9   19.9   21.7   23.1   21.0   21.5   22.0   24.1   23.6   24.6   23.6   22.4
47095   29.0   28.2   29.5   28.0   27.6   24.4   25.7   26.8   27.4   33.0   27.2   28.3
47098   30.7   30.0   30.0   29.4   28.0   27.2   26.6   28.5   28.3   32.8   27.7   30.8
47099   29.7   30.1   30.3   29.7   27.4   28.0   27.5   27.0   29.0   33.9   28.5   30.9
47100   26.1   20.0   20.2   23.9   22.6   19.7   21.4   22.4   23.3   26.2   25.8   24.1
47101   30.3   30.1   29.8   28.9   29.0   26.4   25.5   28.2   29.0   34.0   24.6   29.6
47102   24.2   24.9   23.5   23.4   20.7   20.0   20.0   23.4   23.6   27.2   22.5   22.2
47104   29.7   19.6   20.9   26.8   21.6   21.5   22.2   25.3   26.1   26.8   25.3   28.1
47105   30.4   20.9   22.2   27.5   22.6   20.9   22.7   26.1   25.8   28.6   29.0   26.3
47106   26.3   20.7   21.9   26.5   23.6   24.2   20.2   23.7   24.7   26.6   27.4   23.5
47108   28.9   29.6   29.9   27.9   27.9   26.8   26.7   27.5   27.0   33.3   26.6   26.9
47112   25.7   27.3   27.3   24.5   27.0   26.4   23.2   24.5   25.2   30.4   25.2   26.0
47114   29.4   28.1   30.3   29.7   28.7   28.2   26.1   27.5   28.4   33.9   27.2   26.4
47115   25.2   23.3   17.3   21.7   23.2   20.1   23.6   24.0   25.8   24.2   21.4   21.2
47119   28.6   29.1   29.3   28.6   27.9   27.4   23.8   28.0   28.4   32.1   24.8   27.3
47121   29.7   28.2   30.5   29.5   29.1   26.9   25.1   28.3   30.2   33.4   26.0   28.7
47127   29.0   26.8   30.0   28.9   28.9   27.9   27.6   28.2   29.5   32.4   26.9   27.0
47129   27.2   26.7   28.0   26.4   24.9   26.5   23.8   27.8   28.4   31.6   25.9   23.3
47130   25.5   19.9   21.6   25.8   23.7   20.8   26.6   27.3   27.6   26.0   23.6   23.0
47131   30.0   26.3   30.2   29.9   28.0   27.3   27.4   28.5   30.3   32.0   28.3   28.7
47133   29.5   25.0   30.0   28.8   26.9   25.8   27.5   26.9   29.9   30.2   27.0   27.5
47135   28.4   24.5   27.8   28.4   25.7   21.9   26.5   26.6   28.5   30.5   27.7   27.2
47136   30.1   26.2   29.6   30.4   29.0   25.2   26.3   29.5   29.6   31.5   27.2   29.4
47137   29.8   25.4   29.4   29.8   28.4   24.4   27.3   28.5   28.5   30.4   26.6   28.3
47138   30.7   22.9   25.6   30.5   29.5   23.6   23.9   27.5   31.1   28.7   27.2   32.3
47140   27.5   25.5   26.5   26.3   25.2   26.3   26.0   25.2   28.8   30.5   26.9   25.2
47143   31.6   27.8   30.4   32.2   27.3   26.5   29.3   29.6   31.7   31.5   27.2   33.0
47146   30.9   25.3   31.6   30.0   26.7   27.0   27.2   27.8   30.0   31.1   26.9   28.1
47152   31.5   26.1   26.9   29.5   26.8   24.6   25.9   27.3   31.8   29.2   26.3   33.0
47155   29.4   22.7   28.1   27.3   23.8   25.1   24.2   28.7   29.4   27.3   23.1   29.8
47156   30.7   24.1   31.6   30.4   25.1   27.2   28.4   28.8   30.9   29.5   25.0   29.3
47159   26.8   21.2   25.8   25.3   24.2   24.4   24.2   25.1   27.8   27.4   23.6   27.0
47162   26.1   22.3   25.7   24.8   24.3   22.3   24.1   24.5   26.0   24.4   21.6   27.7
47165   27.2   18.7   27.3   27.4   22.1   25.0   24.9   25.3   27.3   25.3   24.3   26.7
47168   26.4   20.3   25.4   24.0   21.8   22.9   23.6   24.7   26.9   25.2   21.1   28.7
47169   23.8   18.7   24.0   24.6   22.0   24.3   23.6   24.9   26.1   22.6   23.4   24.7
47170   29.6   20.2   29.5   26.3   23.0   27.7   25.8   28.6   29.4   26.0   24.7   29.2
47172   29.7   23.6   29.2   28.6   25.2   26.1   24.3   25.3   29.6   28.5   22.2   25.7
47174   29.5   21.3   29.5   27.4   20.2   26.2   25.5   26.2   29.2   28.0   25.5   29.4
47175   26.1   19.3   26.9   24.6   20.8   23.4   23.0   24.7   26.9   22.7   19.7   25.5
47184   25.7   20.7   23.4   27.2   24.4   25.2   25.6   26.2   27.2   22.1   30.4   27.9
47185   24.0   19.5   24.1   25.9   22.9   22.0   24.1   25.1   25.4   24.3   21.3   25.8
47188   24.7   22.5   23.7   25.4   21.9   25.2   24.6   26.9   28.4   21.3   24.2   27.2
47189   25.0   21.5   26.4   26.1   24.7   25.0   25.6   27.8   27.5   23.8   23.2   26.9
47192   30.5   23.7   29.4   27.8   24.3   26.3   24.7   29.5   29.6   27.8   25.6   30.2
   96   22.5   22.8   20.0   19.7   20.7   19.1   20.0   21.2   22.0   23.8   19.8   20.2
