2014061600+000HOUR     2014061609LST
STNID     6H    30H    54H    78H   102H   126H   150H   174H   198H   222H   246H   270H
STNID 061615 061715 061815 061915 062015 062115 062215 062315 062415 062515 062615 062715LST
47008   18.3   13.5   13.5   12.9   15.2   18.6   19.7   23.2   16.0   22.8   20.9   22.1
47014   27.2   23.7   19.9   25.7   24.0   24.8   24.8   24.7   28.4   24.6   23.2   23.8
47041   23.3   16.5   18.0   15.8   18.0   20.9   27.6   33.8   25.4   22.0   21.6   23.4
47058   28.8   29.6   27.5   25.1   28.2   28.2   26.7   27.0   28.4   26.6   22.5   23.0
47069   28.3   27.6   26.3   26.1   25.7   30.5   27.9   28.3   29.1   25.4   25.9   21.1
47070   27.4   29.0   24.7   26.6   27.5   28.6   31.0   27.7   29.7   20.6   24.6   25.0
47090   27.7   21.9   23.1   21.0   19.4   20.2   24.8   28.6   24.3   22.5   22.0   21.5
47095   30.1   28.3   28.6   27.4   27.6   28.7   30.7   29.7   32.2   22.3   25.3   27.0
47098   31.4   30.0   29.1   29.3   30.3   29.4   33.5   31.6   31.0   24.8   29.2   29.9
47099   30.3   31.3   28.1   29.2   30.2   30.1   32.8   30.5   30.8   25.6   29.5   30.0
47100   26.4   21.0   21.9   19.6   20.6   18.0   22.2   23.3   24.3   18.6   20.1   22.5
47101   31.7   28.9   28.6   28.1   28.8   27.8   30.0   30.5   32.2   23.8   27.7   28.5
47102   22.3   23.7   21.4   21.8   23.4   24.9   21.9   22.6   26.5   24.4   20.0   19.0
47104   28.9   21.8   22.9   21.4   21.1   19.9   26.3   26.4   26.7   23.7   21.8   25.3
47105   29.1   22.9   24.3   21.9   21.4   22.0   26.1   29.3   28.6   26.6   22.8   26.5
47106   27.3   21.3   22.5   24.9   21.1   20.6   23.9   31.3   26.1   21.5   21.8   25.4
47108   29.3   30.2   27.9   29.2   30.2   29.0   30.9   28.8   30.7   23.8   28.4   29.1
47112   25.5   27.1   25.1   24.9   28.5   25.0   26.8   26.2   28.8   21.9   25.0   25.8
47114   30.7   29.5   28.8   30.8   29.5   25.3   30.3   30.3   31.5   26.5   27.0   28.9
47115   26.6   22.8   18.5   20.5   18.1   20.5   21.8   23.7   26.2   19.0   22.1   21.8
47119   28.5   29.3   27.3   28.7   29.7   27.0   28.8   28.3   30.8   25.6   26.8   27.9
47121   31.3   29.3   28.9   30.7   30.4   25.1   30.4   30.2   32.5   25.8   27.2   27.9
47127   30.1   29.3   29.0   30.3   29.4   25.4   29.2   30.3   30.3   25.4   28.5   28.9
47129   27.8   27.0   26.2   28.9   27.9   24.6   27.3   26.4   29.1   24.9   29.0   26.3
47130   25.9   20.6   22.2   23.9   21.2   20.1   24.0   27.2   24.3   19.9   22.1   25.2
47131   30.5   29.5   29.2   30.6   29.9   25.2   30.2   30.4   31.1   25.9   27.9   28.3
47133   29.5   28.4   28.0   30.1   29.5   25.4   28.8   29.3   28.0   25.6   27.9   27.8
47135   28.9   27.1   28.3   29.5   26.6   16.6   27.5   28.4   28.3   22.4   26.3   26.5
47136   31.2   28.8   29.8   30.9   27.8   24.6   28.9   31.1   28.9   25.5   27.7   28.7
47137   30.0   28.0   29.3   31.0   28.4   23.6   29.7   29.5   27.9   23.4   27.1   27.8
47138   30.0   25.1   25.1   28.5   24.5   19.4   25.6   30.9   26.2   24.7   24.4   23.2
47140   27.8   26.1   25.8   28.2   29.1   24.1   27.2   25.7   27.9   23.3   26.4   27.1
47143   31.5   29.5   30.6   32.9   28.6   23.8   30.7   31.4   31.1   27.3   29.2   28.7
47146   31.0   29.6   30.7   31.8   31.5   26.9   30.0   30.4   28.6   26.3   28.7   29.4
47152   31.1   26.6   27.5   30.7   25.9   22.4   25.9   30.3   25.1   25.2   26.9   26.1
47155   29.8   26.6   28.2   29.1   26.5   21.4   28.0   28.4   25.3   26.2   25.4   24.4
47156   30.9   28.8   31.4   31.9   31.6   25.3   29.4   30.5   26.8   28.1   27.8   30.0
47159   27.1   24.1   26.1   25.9   26.2   19.8   24.2   26.0   24.7   25.3   25.1   25.1
47162   26.6   24.1   25.9   25.3   25.5   22.3   25.0   25.6   24.2   26.1   22.8   23.4
47165   26.4   24.8   26.4   26.6   28.0   20.1   25.6   27.6   22.6   25.5   26.0   26.1
47168   26.6   22.3   24.8   25.8   25.1   20.3   25.4   24.4   22.5   25.9   24.9   23.0
47169   21.0   22.3   23.0   22.9   23.4   20.1   22.8   22.3   21.9   21.3   24.6   27.0
47170   27.5   26.4   29.2   27.7   26.6   22.7   27.2   26.9   22.4   24.4   26.2   27.0
47172   29.6   27.8   28.3   29.2   29.6   24.2   28.3   29.2   26.2   25.1   26.1   27.3
47174   30.1   27.3   29.6   29.7   28.2   22.1   28.2   28.1   24.4   24.9   25.7   26.5
47175   24.1   24.5   26.2   26.1   25.2   21.5   25.6   26.2   20.8   23.1   23.3   25.8
47184   25.9   20.1   23.4   26.0   26.4   26.3   23.7   27.0   23.8   27.4   27.6   29.5
47185   22.7   22.1   23.8   24.8   26.0   22.8   23.5   26.8   23.5   19.7   23.3   24.3
47188   26.1   21.4   23.9   23.9   23.9   23.2   24.2   24.7   22.7   23.9   23.8   24.7
47189   25.6   22.8   25.2   24.8   24.9   23.4   25.1   25.1   22.3   23.6   24.9   26.2
47192   30.7   28.3   29.4   30.5   28.6   21.0   29.5   29.5   24.9   26.1   26.9   27.1
   96   22.4   22.4   21.1   20.3   19.9   20.5   19.7   21.4   22.5   20.1   19.7   21.6
