2014061600+000HOUR     2014061609LST
STNID    21H    45H    69H    93H   117H   141H   165H   189H   213H   237H   261H   285H
STNID 061706 061806 061906 062006 062106 062206 062306 062406 062506 062606 062706 062806LST
47008   12.1   11.4   12.8   12.5   12.4   14.5   16.1   15.7   13.7   12.3   15.5   12.9
47014   13.7   16.9   16.5   15.5   16.8   14.2   15.0   16.5   16.5   17.4   18.1   17.3
47041   14.9   13.3   14.1   15.5   17.2   15.3   16.5   17.2   18.3   18.5   17.7   17.5
47058   18.5   18.6   17.6   18.9   18.7   18.6   20.1   19.9   20.1   19.2   20.3   20.2
47069   19.2   18.8   18.0   18.8   20.5   19.7   21.1   19.1   18.7   19.9   21.2   21.4
47070   18.5   16.8   18.8   18.2   18.6   19.9   20.0   17.6   18.2   19.6   19.8   19.8
47090   17.1   15.4   15.8   17.9   17.4   17.7   17.3   18.2   17.4   14.7   17.9   15.7
47095   17.6   16.9   17.5   19.1   17.1   18.4   18.4   16.5   18.0   18.0   19.4   17.5
47098   17.2   18.7   17.8   19.3   18.1   19.5   19.7   17.2   18.3   19.1   18.9   19.6
47099   17.5   17.3   17.8   18.3   18.3   18.8   19.5   18.4   18.8   18.5   18.6   18.6
47100   12.6   11.1   12.6   13.7   13.8   12.9   14.5   13.4   13.5   11.4   15.3   14.1
47101   19.5   17.6   18.4   19.3   17.3   19.6   19.8   18.4   18.6   19.2   19.0   18.1
47102   15.7   15.3   14.1   15.2   15.7   18.7   16.7   16.6   14.6   14.8   16.1   17.2
47104   17.4   14.3   16.1   17.1   16.8   17.6   16.9   18.8   16.6   16.1   16.5   16.6
47105   18.2   14.4   17.2   18.2   18.2   18.9   18.7   19.9   17.6   18.6   18.7   18.5
47106   17.6   15.1   15.9   17.2   17.0   17.9   17.3   19.3   17.8   15.5   16.3   16.3
47108   19.8   19.9   19.2   20.5   21.0   22.2   23.0   18.1   20.2   21.1   19.5   21.4
47112   17.5   17.3   16.9   18.9   20.7   20.4   20.4   20.3   18.3   20.8   20.8   20.4
47114   19.2   18.3   18.6   18.9   18.6   18.4   21.4   19.1   17.8   18.4   19.4   16.6
47115   15.6   13.9   15.6   14.5   15.0   17.5   17.5   18.6   14.8   17.1   15.0   15.4
47119   18.1   18.5   16.7   19.3   19.6   20.4   20.3   20.4   20.2   19.9   20.3   21.2
47121   17.3   15.6   16.8   18.3   16.5   17.7   18.4   17.9   17.6   17.2   18.7   16.1
47127   18.8   16.9   18.0   18.9   19.2   19.3   21.1   18.1   18.6   18.6   19.4   16.2
47129   16.4   16.8   15.4   17.2   19.7   19.2   18.2   17.7   18.5   19.2   19.2   19.7
47130   17.8   14.6   14.8   16.1   16.2   16.5   17.1   17.3   16.0   16.5   17.6   17.9
47131   20.1   19.5   19.1   20.6   21.1   21.4   21.0   19.4   19.8   20.7   20.2   21.4
47133   20.0   19.0   18.3   20.0   20.7   20.7   21.6   19.7   19.0   20.6   20.2   21.9
47135   17.9   15.4   16.8   17.7   16.7   17.8   18.4   17.1   17.2   17.1   18.1   17.0
47136   19.2   16.3   16.4   18.6   18.4   17.4   18.5   18.7   17.7   17.7   18.3   17.5
47137   19.4   16.2   17.4   19.8   17.8   20.1   18.6   18.9   17.8   19.0   19.2   18.3
47138   19.4   17.9   17.2   19.6   19.2   19.1   20.1   19.2   19.0   19.8   20.4   20.4
47140   18.3   17.5   17.2   18.3   18.7   18.8   20.3   19.4   18.8   19.0   18.6   19.1
47143   22.3   18.8   18.7   19.7   19.8   20.7   20.4   19.8   17.7   20.4   20.6   21.2
47146   19.2   16.9   18.2   18.4   18.7   18.2   20.6   18.7   19.8   20.2   19.3   21.1
47152   20.0   17.4   16.3   18.4   18.9   18.4   18.8   18.4   17.8   19.8   19.8   20.4
47155   19.6   18.7   18.6   18.9   18.1   20.0   20.4   18.9   18.5   19.7   19.1   19.2
47156   19.6   18.2   19.1   20.5   19.0   20.7   23.2   18.7   18.9   20.0   19.4   21.2
47159   20.0   19.0   18.1   19.5   20.3   20.1   20.7   19.7   19.4   19.9   20.4   20.2
47162   19.6   18.2   16.8   17.4   18.3   19.3   19.6   17.8   18.8   19.2   19.0   19.2
47165   17.9   18.0   17.7   19.1   18.6   19.8   19.5   21.1   18.5   19.9   19.8   21.0
47168   20.3   18.8   19.0   19.3   20.0   20.0   20.4   19.5   19.1   20.7   20.2   20.2
47169   18.0   16.3   16.7   18.0   17.7   18.5   19.2   18.3   18.4   18.5   18.7   17.4
47170   18.4   17.0   18.6   17.8   19.3   19.5   19.4   18.6   18.6   20.2   19.7   20.6
47172   18.8   17.0   16.7   18.1   19.3   19.4   18.9   18.1   17.1   19.0   18.3   19.1
47174   17.9   15.4   16.3   15.9   16.8   16.8   19.0   17.0   15.7   17.4   16.7   15.9
47175   15.9   13.6   15.6   16.1   15.7   16.8   18.3   16.8   15.8   18.3   18.6   18.9
47184   17.2   17.3   18.4   20.7   20.0   18.5   19.1   20.2   20.2   21.2   21.9   22.2
47185   17.2   17.4   19.2   20.2   20.5   20.9   20.1   21.4   19.4   19.2   19.1   18.8
47188   17.1   17.6   17.7   19.4   18.5   19.8   19.2   21.3   20.2   21.1   20.9   21.7
47189   17.9   18.3   18.8   20.2   20.1   22.0   20.9   20.1   21.2   22.0   22.0   21.3
47192   19.5   17.2   17.1   15.4   18.0   19.1   18.0   15.3   18.8   19.0   18.9   18.3
   96   17.9   18.0   14.4   18.7   19.2   15.9   16.2   17.1   18.0   17.2   14.5   15.2
