2014061600+000HOUR     2014061609LST
STNID    21H    45H    69H    93H   117H   141H   165H   189H   213H   237H   261H   285H
STNID 061706 061806 061906 062006 062106 062206 062306 062406 062506 062606 062706 062806LST
47008   11.5   11.1   12.5   13.0   14.0   13.7   14.9   13.9   15.3   12.8   13.7   11.4
47014   16.0   17.2   16.0   15.6   16.0   15.8   16.7   18.0   16.2   17.2   17.6   17.8
47041   14.7   13.5   14.4   15.3   17.4   15.5   17.9   16.9   17.4   17.8   18.0   17.3
47058   19.0   18.3   18.0   19.5   20.0   19.2   19.2   19.1   19.4   19.5   20.4   18.6
47069   19.3   19.8   18.4   19.7   22.9   21.9   20.6   20.8   19.2   21.8   22.4   19.4
47070   18.2   17.7   18.1   18.5   19.7   18.0   19.7   19.5   20.0   21.4   21.7   17.8
47090   15.3   16.0   15.8   16.7   17.8   17.0   16.0   17.5   18.4   19.9   19.4   18.3
47095   16.8   17.2   17.2   18.7   17.9   16.5   16.8   17.8   19.3   18.5   20.5   17.2
47098   16.7   17.7   17.8   19.7   18.9   17.5   18.9   18.7   19.6   19.7   20.9   17.5
47099   17.1   17.1   17.9   19.5   19.7   17.3   18.5   18.0   19.7   20.8   21.9   15.9
47100   13.1   11.9   13.6   13.9   14.1   11.7   10.9   12.6   14.5   15.2   15.8   17.7
47101   18.9   18.2   18.5   19.3   18.8   17.3   16.8   18.0   19.6   19.2   20.5   19.0
47102   15.4   15.1   15.3   15.5   15.6   18.0   16.3   18.0   15.6   16.6   16.2   16.5
47104   16.5   15.5   15.1   16.8   17.4   15.8   15.3   16.0   18.6   19.3   18.4   17.3
47105   16.9   15.7   15.9   17.9   18.3   17.2   15.6   18.2   18.4   19.2   18.9   18.1
47106   17.4   15.9   16.5   17.3   17.8   16.4   15.3   16.6   17.7   19.6   18.7   19.4
47108   19.6   18.9   18.4   21.0   21.3   20.5   20.7   21.6   20.0   21.6   21.8   19.2
47112   18.5   17.3   16.3   17.4   21.4   20.9   20.1   20.7   19.4   22.8   21.3   22.4
47114   17.9   18.5   18.5   19.3   19.2   20.6   18.4   19.1   20.8   19.5   19.9   19.1
47115   17.8   14.4   15.7   16.9   15.3   15.9   17.8   18.3   17.2   18.0   18.2   18.7
47119   18.4   17.3   16.4   19.4   20.9   20.0   19.7   22.1   20.1   20.9   21.3   20.3
47121   17.0   17.0   17.7   17.7   18.0   15.6   15.2   16.7   20.0   19.6   18.3   20.0
47127   17.4   18.6   17.8   19.0   19.3   19.0   17.0   19.1   19.2   19.3   19.6   18.2
47129   17.2   15.2   14.7   16.6   20.9   18.8   19.0   20.1   18.3   19.5   21.0   19.0
47130   18.2   15.9   15.2   16.1   17.1   16.0   15.3   15.9   17.0   18.0   17.9   18.9
47131   19.9   18.2   18.8   20.7   20.3   20.1   19.4   21.7   20.8   21.5   22.6   19.6
47133   19.8   18.3   18.4   20.0   20.9   20.6   20.0   20.9   19.0   21.7   21.8   19.6
47135   18.1   15.5   17.4   18.0   17.1   17.8   16.4   18.4   18.6   18.7   18.5   18.0
47136   20.2   17.5   18.2   18.6   18.6   17.8   15.7   18.6   20.8   19.5   18.3   19.9
47137   19.6   17.0   18.2   18.6   18.1   18.6   16.3   18.9   19.6   19.2   19.6   18.6
47138   20.4   18.2   18.2   20.2   19.7   17.1   18.9   18.9   18.6   21.2   19.7   19.3
47140   18.0   17.4   16.8   16.8   19.3   20.5   21.4   19.7   20.4   18.8   18.9   18.0
47143   22.2   19.4   19.1   20.8   19.9   18.8   18.7   19.6   20.0   21.5   21.1   19.8
47146   19.1   16.0   18.7   19.7   21.6   17.9   20.3   20.9   21.0   21.2   20.2   19.8
47152   20.7   17.3   17.1   17.8   19.4   17.7   17.5   19.8   13.4   19.6   19.3   18.6
47155   19.2   18.7   18.0   18.7   18.8   20.0   19.2   20.5   20.5   20.0   18.7   19.2
47156   19.8   18.3   20.1   19.3   20.8   18.1   20.3   21.5   20.5   21.6   21.4   20.3
47159   20.3   19.2   18.2   18.9   20.3   19.8   19.4   20.4   18.8   20.6   19.9   19.6
47162   19.5   18.6   17.9   17.2   18.2   18.8   19.2   19.9   18.6   19.1   19.7   19.7
47165   18.3   17.0   17.8   18.6   18.5   19.0   21.0   19.5   19.1   19.9   20.4   19.8
47168   20.1   18.9   19.3   19.4   20.3   20.3   19.8   21.4   20.5   20.4   20.5   20.7
47169   16.5   14.7   15.3   17.9   17.0   16.5   18.2   15.5   18.0   18.8   19.1   17.7
47170   18.4   16.3   18.7   18.5   19.3   19.3   21.5   21.7   20.0   19.2   19.0   19.5
47172   18.2   16.0   18.2   17.5   19.3   18.2   17.6   18.8   20.9   20.7   20.1   18.1
47174   17.3   15.1   17.2   14.5   18.1   17.7   17.6   18.2   21.1   22.1   20.9   17.7
47175   15.9   13.8   15.7   16.6   16.6   15.7   16.4   18.4   17.6   17.9   17.5   18.1
47184   18.3   16.7   17.7   20.2   19.2   20.5   20.5   21.6   20.9   20.5   19.4   20.6
47185   18.0   16.7   18.4   19.6   18.6   19.5   19.7   20.1   19.9   20.2   21.2   19.3
47188   18.1   17.4   16.6   19.4   18.7   19.1   21.3   21.1   20.8   19.4   20.2   21.1
47189   18.4   18.0   18.2   20.3   19.3   19.9   21.9   21.5   21.3   21.1   20.7   23.0
47192   18.8   16.4   17.6   15.1   18.0   20.1   17.7   21.1   20.7   19.7   19.3   19.2
   96   19.2   18.5   15.6   18.1   18.6   16.9   16.7   18.5   21.3   18.6   20.2   19.8
