2014061512+000HOUR     2014061521LST
STNID     9H    33H    57H    81H   105H   129H   153H   177H   201H   225H   249H   273H
STNID 061606 061706 061806 061906 062006 062106 062206 062306 062406 062506 062606 062706LST
47008   14.6   13.2   13.0   13.5   12.5   14.1   14.4   13.9   14.6   14.8   15.6   15.7
47014   14.6   15.3   16.0   17.1   15.3   17.1   16.3   15.2   12.3   13.5   14.5   14.8
47041   16.4   14.9   15.1   15.9   17.9   16.9   17.4   16.2   17.7   16.8   18.3   16.1
47058   17.5   18.5   19.1   19.3   19.0   19.5   16.8   18.5   18.5   19.2   18.8   20.3
47069   18.8   19.0   19.9   18.1   18.8   18.5   17.0   19.3   17.8   17.9   18.4   19.8
47070   17.9   17.6   18.9   18.8   18.3   18.2   16.9   18.1   16.8   16.4   16.5   18.6
47090   21.8   17.2   16.8   17.5   18.6   17.5   17.9   21.2   19.7   16.9   16.2   14.6
47095   17.0   17.9   16.8   18.0   17.5   17.4   16.5   16.0   18.0   17.0   17.2   18.8
47098   17.2   16.9   18.3   18.8   18.4   17.6   17.6   16.3   17.8   16.6   17.2   19.9
47099   16.2   17.0   18.4   17.7   18.2   19.5   17.4   18.0   19.5   15.4   16.2   18.9
47100   15.0   14.9   13.2   13.5   14.5   12.9   17.2   13.8   14.6   15.8   14.6   13.1
47101   17.9   18.5   18.3   19.9   18.9   18.9   17.7   17.9   18.7   18.1   18.3   19.5
47102   16.3   17.0   16.4   16.6   17.6   11.7   15.6   19.2   16.2   15.5   16.9   18.4
47104   21.0   16.9   16.9   17.2   18.2   18.4   17.2   20.3   21.6   19.6   17.4   17.4
47105   23.9   17.2   17.1   18.3   20.3   17.5   18.6   22.5   22.2   21.1   19.0   19.7
47106   22.0   16.6   16.3   17.2   19.2   16.4   19.1   20.2   20.1   20.7   19.2   18.2
47108   18.9   19.4   19.4   20.0   19.6   18.2   18.1   17.3   19.4   18.2   18.2   20.8
47112   17.5   18.0   19.5   17.9   19.6   16.1   17.1   17.9   17.1   19.6   17.7   18.9
47114   17.3   18.7   18.6   18.9   18.9   16.7   18.7   17.5   16.3   14.8   16.4   19.5
47115   21.3   17.7   14.8   16.0   17.0   18.2   18.0   19.8   18.5   19.4   16.8   16.3
47119   16.6   17.8   18.5   18.5   20.4   17.6   17.6   16.4   18.9   18.6   18.5   20.8
47121   16.4   17.7   16.6   16.8   17.8   20.0   18.8   17.2   16.9   17.4   18.2   17.3
47127   16.8   17.8   18.5   18.7   18.0   18.6   18.4   17.7   18.1   14.3   16.2   19.7
47129   16.3   17.1   17.0   17.0   18.5   22.2   17.9   17.1   19.9   17.9   17.2   17.9
47130   21.0   17.3   16.4   16.0   17.9   15.7   17.4   18.4   20.0   18.9   16.5   17.5
47131   18.9   19.8   19.5   19.5   20.5   17.0   18.9   18.7   19.5   19.6   18.7   21.0
47133   18.2   19.8   19.2   19.7   21.3   14.4   18.6   19.0   18.7   20.1   18.9   20.5
47135   17.0   17.8   16.1   17.5   18.3   20.2   18.3   16.6   16.5   17.8   16.7   17.5
47136   18.0   18.6   18.2   18.1   20.1   18.8   18.5   18.6   19.4   19.9   18.0   18.3
47137   18.7   18.5   18.0   17.3   20.0   20.2   18.7   18.1   17.7   19.7   18.6   19.3
47138   22.8   19.6   19.4   18.5   20.1   17.1   20.9   20.1   21.1   22.4   19.0   20.5
47140   17.0   18.1   18.4   18.9   18.9   22.2   19.2   18.0   19.2   19.7   17.5   18.5
47143   21.2   22.3   19.7   19.3   21.1   20.1   20.9   20.4   19.6   20.1   20.8   21.3
47146   17.4   19.0   18.5   18.7   19.1   22.5   19.8   18.7   19.3   20.4   18.9   19.9
47152   20.6   19.6   17.5   16.0   17.9   18.4   18.3   19.9   19.7   20.5   18.3   19.2
47155   18.2   21.5   17.7   18.4   17.9   21.3   19.9   19.1   18.6   20.9   20.3   20.2
47156   19.0   19.4   18.9   18.4   20.6   22.1   19.5   17.6   19.3   19.9   19.2   21.4
47159   19.9   21.1   18.8   18.5   18.8   20.5   20.2   19.9   20.5   20.8   20.5   20.3
47162   17.8   19.6   16.8   17.8   16.7   20.4   18.6   18.4   19.1   19.7   19.1   19.4
47165   18.3   18.4   17.2   17.9   18.1   21.7   19.6   17.6   19.2   19.1   20.4   21.3
47168   19.8   20.4   18.1   18.7   19.5   21.9   19.9   19.5   19.8   21.1   21.3   20.5
47169   18.7   18.9   16.7   17.6   17.7   19.6   17.8   17.8   19.2   19.4   18.0   18.2
47170   18.5   19.5   17.1   18.2   18.8   22.2   18.9   19.2   19.6   19.6   19.4   20.8
47172   16.9   16.9   17.0   16.3   18.6   22.4   19.6   18.8   19.0   20.6   16.5   20.8
47174   14.9   17.6   16.8   15.9   15.6   18.9   16.8   16.2   16.3   16.9   13.9   15.8
47175   17.5   17.1   14.2   16.4   16.6   18.5   16.9   16.4   18.0   17.3   18.5   19.6
47184   20.1   18.3   17.1   19.1   20.8   22.5   20.2   21.4   21.0   21.2   22.5   23.0
47185   20.1   18.3   17.4   19.2   20.1   21.0   19.4   20.2   20.7   20.3   20.1   20.4
47188   20.1   18.3   18.9   18.8   19.8   21.6   17.2   21.2   20.0   20.3   22.5   22.2
47189   21.1   18.6   18.2   19.9   21.5   20.1   19.3   22.3   20.8   21.3   22.4   21.1
47192   16.3   18.9   16.8   17.8   15.5   21.4   19.4   19.0   16.2   19.5   16.9   17.1
   96   20.3   18.7   17.3   17.6   19.3   19.1   16.8   17.6   18.6   19.2   17.5   17.3
