2014061512+000HOUR     2014061521LST
STNID    15H    27H    39H    51H    63H    75H    87H    99H   111H   123H   135H   147H   159H   171H   183H   195H   207H   219H   231H   243H   255H   267H   279H
STNID 061612 061700 061712 061800 061812 061900 061912 062000 062012 062100 062112 062200 062212 062300 062312 062400 062412 062500 062512 062600 062612 062700 062712LST
47090    2.9    7.0   10.0    9.9    9.7    8.7    7.7    8.5    9.2    9.8    9.7    9.9    3.2   10.0   10.0    9.5   10.0    7.1    2.3    0.0    0.0    0.0    0.0
47095    4.4    7.0    7.2    7.3    7.0    6.7    8.3    8.2    8.1    8.6    9.0    8.7   10.0   10.0   10.0   10.0   10.0   10.0   10.0   10.0    9.6   10.0    9.3
47100    5.1    7.7    9.2    9.5    8.3    7.1    9.2    7.7    9.0    9.1    9.7    9.2    0.0    9.1    3.6   10.0   10.0   10.0   10.0    7.7    8.1    6.8    6.7
47101    4.7    7.3    7.1    8.2    6.0    6.2    7.0    7.8    8.2    8.5    9.0    8.2    1.0   10.0    1.3   10.0    0.7   10.0    8.7    0.0    0.0    0.0    0.0
47102    5.7    7.1    6.8    4.0    1.8    2.3    4.9    6.4    7.4    8.5    6.7    6.3   10.0    9.7   10.0    0.0   10.0    0.0   10.0   10.0   10.0   10.0   10.0
47104    4.3    8.3    9.9    9.9    9.7    6.2    7.9    7.5    9.5    9.9   10.0   10.0    9.5   10.0    6.8   10.0   10.0   10.0    0.3    0.0    0.0    0.0    0.0
47108    5.2    8.1    6.3    7.9    5.2    6.5    4.8    7.5    7.5    7.9    9.1    8.2    1.2   10.0   10.0   10.0   10.0    0.0   10.0    0.0    0.0    0.0    0.0
47112    5.7    8.1    6.2    7.0    3.2    4.3    3.8    6.6    7.8    8.9    7.7    8.5    1.0    9.7    1.9    9.1    9.0   10.0    1.8    3.0    3.3    4.4    3.9
47114    5.9    7.5    8.4    8.1    5.6    5.1    7.4    6.1    7.9    7.9    8.9    7.2    1.5    0.0    7.0   10.0   10.0   10.0    0.0    5.8    8.8    7.4    9.1
47115    1.9    6.2    7.3    9.5    9.4    8.1    8.3    6.2    9.1    8.5    9.2    9.8    0.0    1.5    2.2    0.0    2.8    7.8    4.0   10.0   10.0   10.0   10.0
47119    5.9    7.7    6.5    7.2    3.9    4.1    3.6    5.8    7.5    8.2    8.4    8.4   10.0   10.0    6.3   10.0    0.0    0.6    0.0    0.0    0.0    0.0    0.0
47129    6.0    6.6    6.7    6.8    2.3    2.8    4.2    5.3    8.9    8.2    8.4    7.2   10.0   10.0    0.0    0.0    1.6   10.0    0.0   10.0   10.0   10.0   10.0
47130    7.5    8.0    9.6    9.6    9.1    4.8    6.7    7.4    8.6    8.7    9.7    8.4    0.0   10.0    3.2   10.0    0.0    0.4    0.0    0.0    1.4    0.0    1.8
47131    7.6    8.2    8.3    8.3    3.7    5.2    4.0    6.8    5.6    7.1    6.6    7.2    8.0   10.0   10.0    0.0    0.0    6.8    0.0   10.0   10.0   10.0   10.0
47133    7.6    7.6    8.6    8.2    4.8    4.1    4.5    6.1    7.0    7.6    8.2    6.8    1.4   10.0   10.0    0.0    9.5   10.0   10.0   10.0   10.0   10.0   10.0
47136    5.8    6.9    8.3    7.9    7.2    3.4    6.6    6.2    8.8    7.2    8.8    8.0    1.8    0.0    9.1    9.1    9.1    9.4    0.0    7.9    5.4    7.3    7.2
47138    6.0    7.1    9.2    9.8    7.8    2.1    3.6    6.6    7.3    9.7    9.7    6.9   10.0   10.0    6.2   10.0    4.4   10.0    6.5    2.7    4.0    3.5    4.8
47140    7.6    7.6    8.3    7.8    2.9    1.3    3.0    5.4    7.1    8.3    7.2    6.8    0.0    5.0    0.0   10.0    0.0   10.0    0.0   10.0   10.0   10.0   10.0
47143    6.9    7.1    8.4    9.5    7.2    2.4    4.1    5.6    8.7    9.0    9.5    9.2    0.0    0.0   10.0    7.8   10.0    5.6   10.0    0.8    1.4    1.8    2.3
47146    7.5    7.9    9.2    8.1    5.3    2.8    4.4    5.2    6.7    9.0    8.2    7.9   10.0   10.0    5.1   10.0   10.0    5.3    9.2   10.0    9.1    9.0    9.0
47152    6.4    6.8    8.0    9.8    7.1    2.3    3.7    6.1    7.7    8.1    9.6    8.2    0.0   10.0   10.0    5.5   10.0    1.4    1.2    3.1    2.0    3.2    5.8
47155    6.2    7.3    8.5    9.9    6.2    2.1    2.4    5.0    8.1    9.7    9.5    9.3    0.0    0.1    0.0    4.6   10.0    3.9   10.0    3.2    3.8    3.6    6.0
47156    8.0    6.9    9.7    9.4    5.4    2.2    4.0    4.2    7.8    9.1    9.3    7.5   10.0   10.0    6.8   10.0    0.0   10.0    0.0   10.0    9.8    9.7    9.5
47159    7.0    7.5    9.3    9.9    6.0    1.8    1.3    4.8    7.6    9.3    9.5    9.2   10.0   10.0   10.0    3.1   10.0    2.8   10.0    0.0    0.1    1.4    1.4
47162    6.2    8.0    8.7   10.0    6.3    2.0    2.0    5.8    7.2    9.6    9.6    9.2   10.0    9.9    0.5    2.8   10.0    2.5    9.7   10.0   10.0   10.0   10.0
47165    8.5    8.3   10.0    9.4    4.9    1.8    3.0    4.6    6.8    9.8    9.1    7.6   10.0   10.0    0.0    7.9    0.0   10.0    0.0   10.0   10.0   10.0   10.0
47168    7.2    7.8    9.2    9.8    4.8    1.9    3.0    6.0    8.0    8.7    9.0    8.5    0.0   10.0    0.0   10.0   10.0   10.0    7.7   10.0   10.0   10.0   10.0
47169    9.1    9.3   10.0    9.2    2.8    1.1    2.1    7.1    9.2    9.7    7.6    6.6    5.2   10.0    0.0   10.0   10.0   10.0    0.0    1.0    0.6    0.4    1.1
47170    8.3    9.0   10.0    9.5    4.8    0.7    1.7    6.0    8.1    9.8    9.0    8.3   10.0    8.8    0.0    9.5    9.0    0.0    9.9    0.3    1.3    1.2    0.5
47172    7.4    7.7    9.3    8.6    4.3    1.6    3.5    5.5    7.1    9.0    8.9    7.8   10.0   10.0    0.0   10.0   10.0    0.0    9.0   10.0   10.0   10.0   10.0
47174    7.4    8.2    9.8    9.5    5.7    3.0    4.0    6.3    8.7    9.3    9.7    7.8   10.0   10.0    2.9   10.0    0.0   10.0    0.0    4.6    3.3    6.2    4.6
47175    8.1    9.0   10.0    8.6    4.8    1.4    2.8    5.5    8.7    9.4    8.8    6.6   10.0   10.0   10.0    0.0    8.8    9.8    9.5    8.7    9.5   10.0   10.0
47184    9.8   10.0   10.0   10.0    7.8    3.4    2.5    4.8    8.5   10.0    8.6    9.0   10.0    1.5    0.0    6.2    0.2    8.7    8.8   10.0   10.0   10.0   10.0
47185    9.9   10.0   10.0   10.0    6.9    3.7    2.6    5.4    8.8   10.0    9.2    9.2    0.0   10.0    6.8   10.0   10.0    0.1    9.7    3.5    4.0    4.1    5.2
47188    9.3   10.0   10.0    9.9    7.6    3.5    3.6    5.4    8.5    9.9    9.1    9.7   10.0   10.0   10.0   10.0    0.0    6.2    2.4   10.0   10.0    9.5   10.0
47189   10.0    9.8   10.0   10.0    7.2    4.8    1.7    5.5    9.7   10.0    9.0    9.2   10.0   10.0   10.0    6.5   10.0    3.3    0.1    8.5    8.4    6.8    8.9
47192    7.0    8.0    8.6    9.8    5.9    3.6    4.4    6.1    8.3    9.4    9.6    7.2    0.3   10.0   10.0    6.0    2.1    7.2   10.0    0.0    0.0    0.0    0.0
47232    6.8    7.7    8.2    8.0    3.7    3.2    4.0    5.2    7.5    7.8    7.4    7.3    0.7    2.5   10.0   10.0   10.0   10.0    0.0   10.0   10.0   10.0   10.0
47235    7.2    8.0    7.8    6.8    2.6    1.4    3.8    5.8    7.8    8.6    8.1    7.9    0.0    0.0    0.1    0.0    0.5    0.0    0.0    8.9    9.4   10.0    9.9
47284    7.6    8.4    8.5    9.8    6.0    2.8    4.9    6.7    8.0    9.3    9.5    9.7    5.2    7.1    9.4   10.0    9.5   10.0    9.0    1.2    2.7    3.2    4.4
47110    5.9    8.4    6.9    7.3    4.3    4.1    4.4    5.9    7.5    9.0    8.2    8.7    5.7    9.8    7.7   10.0    8.1    9.0    8.0   10.0   10.0   10.0    9.8
47113    7.2    8.6    6.4    7.5    3.8    3.6    4.8    7.5    7.2    8.7    7.0    9.1    6.8   10.0    2.0    2.5    0.0    9.0    0.0    2.5    2.2    3.4    1.0
47128    8.2    8.9    8.2    8.6    2.9    4.9    4.8    7.4    6.4    8.8    8.5    6.2    8.5   10.0    0.0    7.5   10.0    9.0    0.0    0.9    0.0    1.2    0.0
47151    6.5    6.8    8.5    9.9    7.5    2.5    3.4    7.0    8.2    8.9    9.6    9.2   10.0   10.0   10.0    1.2    5.5    1.8   10.0    3.2    5.0    4.1    6.4
47163    6.9    8.0    9.8    8.8    3.5    1.5    3.5    4.8    7.5    9.6    8.7    9.3    9.8    4.9    0.0    0.0    0.0   10.0    0.0    3.8    5.0    5.8    5.5
47167    7.7    7.9    9.8    9.6    5.2    3.2    2.8    5.8    8.5    9.3    9.4    7.3   10.0   10.0    8.9    2.0    0.0    7.9    9.5   10.0   10.0   10.0   10.0
47139    7.1    8.2    8.8    9.8    7.1    3.9    3.6    7.0    7.8    9.7    9.8    7.6    8.0   10.0    6.8   10.0   10.0   10.0   10.0   10.0   10.0    9.5    9.8
47142    7.4    7.6    8.6    9.0    6.4    2.4    3.2    5.7    8.3    8.7    9.1    7.0   10.0   10.0   10.0    0.0   10.0   10.0    6.4   10.0    8.7    9.5    9.0
47153    6.4    8.2    8.7    9.8    6.7    1.7    1.7    5.5    8.2    9.5    9.4    9.7    8.2   10.0   10.0    7.6   10.0    0.0    5.5    0.0    0.0    0.1    0.9
47158    8.5    6.8    9.4    9.0    5.0    2.4    3.6    4.6    7.8    9.2    8.7    8.7   10.0    7.1   10.0   10.0   10.0   10.0   10.0   10.0   10.0   10.0   10.0
47161    7.8    8.5    8.5    9.8    5.7    3.3    3.8    6.0    8.7    9.5    9.3    8.4   10.0   10.0   10.0   10.0   10.0    0.0   10.0    0.0    0.2    0.8    0.7
47182    9.9    9.9   10.0   10.0    7.6    3.6    3.8    5.6    8.6   10.0    8.5    8.4   10.0    8.0   10.0    7.3    0.0    2.1    4.2    9.5   10.0    8.8   10.0
