2014061600+000HOUR     2014061609LST
STNID     6H    30H    54H    78H   102H   126H   150H   174H   198H   222H   246H   270H
STNID 061615 061715 061815 061915 062015 062115 062215 062315 062415 062515 062615 062715LST
47008   17.2   14.6   13.6   18.4   16.3   17.4   19.1   22.8   21.6   19.9   21.0   19.3
47014   24.4   24.9   24.6   24.0   21.5   22.0   25.7   26.2   25.2   22.5   23.6   24.2
47041   23.2   13.3   14.7   17.4   18.2   18.7   21.7   28.8   29.9   24.3   24.9   22.8
47058   30.2   26.0   21.4   25.7   21.1   26.0   26.6   28.4   25.1   23.7   24.4   25.8
47069   25.9   24.9   22.9   20.8   20.5   25.5   25.9   28.9   22.7   24.7   24.7   25.2
47070   25.9   22.8   21.6   20.5   21.4   25.3   27.0   29.5   25.1   22.7   24.8   28.0
47090   28.4   17.1   17.1   17.0   17.7   17.8   22.4   24.7   26.1   24.4   22.7   23.8
47095   29.9   24.8   19.8   21.2   23.3   26.4   26.8   29.8   26.8   23.5   25.9   29.4
47098   30.7   26.5   23.2   21.8   25.7   27.6   29.4   33.4   28.1   25.3   28.5   31.5
47099   29.6   25.4   23.3   22.4   23.7   27.7   29.5   32.0   26.7   26.8   27.8   29.9
47100   26.9   17.2   15.9   17.7   20.4   18.5   18.2   24.9   24.7   18.4   21.4   21.0
47101   31.3   25.1   22.0   22.0   26.2   27.1   27.8   31.3   27.2   24.5   28.0   30.6
47102   23.6   24.7   19.2   20.4   21.8   24.0   23.8   25.6   21.1   20.0   21.6   23.7
47104   30.3   17.4   18.3   19.1   22.3   19.8   21.5   26.6   28.3   20.8   24.0   22.9
47105   31.3   18.6   18.2   19.4   23.3   20.9   20.6   29.1   29.7   23.1   26.6   24.1
47106   27.7   18.9   17.7   18.8   18.1   22.3   21.6   23.6   24.6   19.8   23.8   24.0
47108   -999   -999   -999   22.7   25.3   28.0   29.1   31.8   26.9   24.6   27.9   30.2
47112   26.2   22.8   24.6   20.1   23.3   28.0   25.2   27.9   23.8   23.9   24.8   26.3
47114   30.4   24.3   24.8   25.3   27.8   29.3   29.8   30.8   28.7   24.6   28.4   30.6
47115   26.1   20.1   15.9   17.3   18.1   18.9   19.1   26.0   23.4   18.7   20.9   21.7
47119   28.5   23.8   25.3   24.2   26.3   29.4   29.1   30.0   27.1   25.7   26.7   28.9
47121   30.6   23.1   26.2   25.7   29.2   28.8   28.8   31.2   30.0   21.7   28.2   28.6
47127   30.2   22.8   26.0   26.6   27.7   28.7   29.7   30.4   30.7   25.0   27.8   30.2
47129   27.8   24.6   25.2   25.4   27.6   28.4   28.2   28.7   27.3   24.9   24.3   28.1
47130   27.0   20.0   19.6   19.1   22.0   18.9   19.7   25.2   26.3   20.2   23.7   23.8
47131   30.8   22.2   27.1   27.7   28.9   27.9   28.9   30.6   29.1   25.5   27.4   28.5
47133   29.6   21.5   27.4   27.4   28.5   28.1   29.2   30.2   29.5   26.3   26.4   28.3
47135   28.8   22.2   25.9   26.6   27.5   21.3   25.7   27.1   27.7   19.7   25.5   26.3
47136   31.0   21.9   26.2   27.7   26.7   24.4   27.9   28.9   30.9   23.7   27.1   29.7
47137   30.5   23.2   26.6   27.8   28.2   24.6   30.1   29.3   29.8   22.2   25.8   27.8
47138   29.9   22.4   22.3   25.3   27.1   22.8   22.1   24.0   25.9   20.8   24.9   26.0
47140   27.0   20.8   24.9   25.0   28.1   26.2   29.0   25.9   26.0   25.0   26.0   26.9
47143   31.5   23.3   26.4   28.4   27.2   24.1   29.5   28.7   30.4   23.5   28.8   29.3
47146   31.1   20.9   30.1   29.8   29.7   28.3   31.2   30.3   30.6   26.5   28.7   29.1
47152   30.4   21.5   22.6   25.7   26.4   21.7   22.7   25.7   28.3   21.7   25.7   26.5
47155   29.3   20.2   24.7   26.3   23.6   22.5   26.3   25.4   27.2   22.0   26.4   25.5
47156   30.1   20.9   29.5   30.0   28.1   26.6   30.5   28.2   27.9   26.2   29.1   28.0
47159   26.9   19.7   22.1   22.9   24.0   20.2   24.2   23.3   26.3   21.5   26.2   26.1
47162   25.5   20.0   23.3   24.1   23.8   22.2   25.5   22.8   21.4   21.7   24.2   23.7
47165   26.6   19.1   25.4   25.3   24.8   22.7   27.2   24.2   23.5   22.9   26.4   29.0
47168   26.0   20.1   25.1   24.3   21.3   20.9   23.9   23.4   23.4   23.1   25.3   23.4
47169   20.9   16.2   21.7   23.5   21.5   19.8   22.5   23.1   21.5   20.5   25.0   23.3
47170   28.2   16.7   28.3   27.7   25.2   20.7   27.6   25.6   23.9   22.7   27.5   24.9
47172   29.9   20.3   27.4   26.4   26.0   24.6   29.2   25.6   23.9   22.3   26.3   25.9
47174   29.2   17.2   26.4   28.7   24.0   21.9   27.3   25.4   25.7   22.1   27.4   24.7
47175   24.3   16.5   25.6   25.3   21.8   21.3   26.1   24.6   22.2   21.5   25.4   23.6
47184   24.3   20.8   22.7   24.4   23.4   20.8   23.1   26.1   23.9   22.2   27.1   26.2
47185   22.8   19.2   22.7   22.5   22.9   22.3   24.8   27.1   23.0   22.5   22.7   22.1
47188   25.7   18.8   23.5   25.1   22.6   18.9   23.1   22.8   23.0   21.0   23.5   23.5
47189   24.9   19.9   25.7   25.4   22.5   22.8   25.0   24.8   21.9   21.8   24.4   24.5
47192   29.8   18.3   26.4   28.2   23.9   23.2   27.8   27.3   26.1   23.3   27.3   25.7
   96   21.6   22.0   19.1   18.2   19.9   18.0   17.0   18.3   21.0   20.0   20.0   20.4
