2014061600+000HOUR     2014061609LST
STNID    21H    45H    69H    93H   117H   141H   165H   189H   213H   237H   261H   285H
STNID 061706 061806 061906 062006 062106 062206 062306 062406 062506 062606 062706 062806LST
47008   12.6   10.9   13.0   11.6   13.5   15.1   14.4   15.6   16.1   17.6   14.1   12.8
47014   17.9   17.2   14.9   13.9   13.7   14.9   15.1   16.9   16.6   15.6   16.6   15.8
47041   15.1   14.3   15.6   14.6   14.2   16.2   18.6   19.6   18.4   17.1   17.0   15.9
47058   18.8   18.5   17.8   17.7   16.0   17.9   18.5   18.9   19.5   18.9   20.7   19.8
47069   21.6   20.6   19.1   17.3   17.6   17.9   20.7   19.8   18.8   16.8   22.0   18.9
47070   19.5   18.0   18.2   18.1   16.3   17.0   18.1   17.9   17.3   16.2   21.3   16.5
47090   16.9   16.6   19.0   17.0   16.7   17.5   20.4   20.1   19.9   19.1   20.4   19.7
47095   19.3   15.6   16.9   18.4   14.2   15.1   16.1   16.4   17.9   17.3   19.8   18.2
47098   18.3   16.6   19.2   16.8   14.7   14.8   17.5   17.8   17.7   17.4   20.5   17.4
47099   17.7   17.1   18.5   18.1   16.7   17.1   18.1   16.3   18.2   15.4   20.6   15.1
47100   15.1   12.5   15.7   14.5   10.3    9.8   13.8   13.0   15.2   14.7   16.7    9.8
47101   19.4   17.5   18.9   18.2   15.0   15.0   16.7   17.8   17.9   17.7   20.9   18.2
47102   15.6   14.3   16.2   14.0   13.9   16.4   15.3   15.2   15.8   16.1   18.2   16.9
47104   18.0   16.6   19.1   16.3   13.6   16.7   18.4   20.7   21.0   21.1   19.4   18.5
47105   19.1   17.2   20.0   17.3   16.7   17.3   20.9   22.6   21.0   21.6   19.9   17.2
47106   19.3   15.9   20.2   18.5   16.2   17.1   20.2   20.9   21.2   21.7   19.2   18.4
47108   20.5   18.6   19.5   17.8   14.9   15.2   19.0   19.4   20.1   17.6   23.7   20.9
47112   18.8   19.4   18.3   17.7   18.5   17.4   19.8   19.3   18.9   18.2   21.7   20.4
47114   19.0   17.6   18.7   18.2   15.6   13.0   18.3   20.1   17.1   17.5   20.7   15.8
47115   20.0   14.8   18.0   19.3   10.6   16.2   19.6   19.7   19.5   19.9   19.5   18.3
47119   19.1   18.5   18.7   19.2   20.0   15.6   19.4   20.0   18.7   19.0   22.8   20.3
47121   16.9   16.8   17.7   17.5   14.7   12.4   17.2   17.0   16.7   17.1   16.3   16.7
47127   17.7   18.0   18.6   18.8   16.3   13.4   18.4   18.2   19.4   17.0   19.2   16.9
47129   16.6   18.1   16.7   17.2   18.0   15.7   18.2   18.5   18.6   18.0   18.8   17.4
47130   19.1   16.6   17.1   18.1   13.7   16.4   18.2   19.1   19.9   19.6   19.2   15.6
47131   20.3   19.7   19.6   19.2   17.0   15.5   19.3   20.1   20.4   19.9   21.9   21.0
47133   20.2   19.0   19.2   19.0   14.7   17.4   19.6   21.2   21.0   20.3   21.1   20.8
47135   18.6   16.3   17.8   16.8   15.3   13.0   17.2   17.4   18.4   18.4   17.8   19.7
47136   20.6   17.9   20.3   18.8   15.5   15.2   18.8   19.0   18.3   19.8   18.3   19.1
47137   20.5   17.3   19.8   19.2   14.5   15.7   17.7   18.6   19.6   19.4   19.7   20.0
47138   21.3   19.2   19.7   21.4   15.0   17.3   21.5   21.7   21.5   21.8   20.6   17.1
47140   17.9   18.4   17.8   17.6   15.7   16.3   18.4   21.2   20.0   16.8   19.7   17.4
47143   22.7   19.1   21.7   20.5   13.9   15.7   19.1   21.5   21.7   22.2   21.3   18.6
47146   19.5   18.3   19.3   17.8   12.9   12.8   18.4   18.7   19.8   19.6   17.5   20.8
47152   21.2   17.1   17.5   20.0   17.9   14.6   19.2   19.8   20.1   20.7   20.0   16.6
47155   19.9   18.8   19.6   20.3   18.5   16.7   20.1   20.8   20.5   20.7   20.0   15.7
47156   19.6   19.1   19.3   19.5   17.6   15.4   18.8   20.4   20.5   20.9   20.2   19.7
47159   21.2   19.6   19.8   19.4   18.1   17.3   19.9   21.3   21.3   21.7   22.2   15.9
47162   19.5   17.8   17.8   18.8   18.1   15.8   19.1   20.2   19.7   19.7   20.2   17.6
47165   19.2   18.7   17.2   18.5   17.2   15.8   17.6   18.5   20.1   20.8   19.0   19.4
47168   20.3   18.9   19.9   19.1   19.4   17.8   20.0   21.2   22.0   21.9   20.9   19.6
47169   17.9   17.2   16.9   17.6   16.7   14.2   18.8   19.1   20.0   16.8   20.4   17.8
47170   18.6   16.4   18.9   18.1   19.1   15.6   17.6   19.6   19.0   20.0   17.6   19.1
47172   17.7   18.1   18.1   16.7   15.5   14.8   17.4   20.3   17.0   16.7   19.4   13.3
47174   17.3   14.2   16.8   18.1   16.4   12.7   13.5   14.3   15.6   18.5   18.6   13.1
47175   15.2   14.9   16.4   15.7   15.4   11.6   16.8   19.0   18.7   19.9   16.6   17.1
47184   17.9   18.7   19.3   20.2   21.4   16.6   19.8   21.5   21.0   22.5   19.1   20.7
47185   17.9   17.3   19.6   20.0   19.5   18.5   19.7   20.7   21.8   19.1   18.1   18.9
47188   18.2   18.7   17.3   20.3   20.4   18.1   20.1   20.0   20.3   21.0   21.0   20.7
47189   18.0   18.3   19.3   21.4   20.4   18.7   21.4   22.4   21.4   23.1   20.2   22.0
47192   19.0   16.1   18.1   19.4   17.2   15.8   15.5   17.6   18.4   19.5   19.8   14.7
   96   19.5   17.9   16.9   18.5   18.3   14.0   18.3   19.8   19.5   20.8   20.7   20.6
