2014061512+000HOUR     2014061521LST
STNID    18H    42H    66H    90H   114H   138H   162H   186H   210H   234H   258H   282H
STNID 061615 061715 061815 061915 062015 062115 062215 062315 062415 062515 062615 062715LST
47008   16.6   13.1   16.5   16.5   16.1   14.8   19.2   20.8   20.1   19.7   17.8   20.4
47014   26.8   25.9   23.1   21.5   24.7   24.6   25.8   25.9   27.0   24.6   22.9   25.2
47041   27.5   20.0   25.2   25.6   17.9   16.4   18.6   25.1   26.9   25.9   22.0   25.7
47058   30.6   27.9   26.7   27.3   27.6   17.1   24.4   28.2   28.0   27.4   26.1   25.3
47069   27.8   25.3   28.6   27.0   26.0   19.9   23.4   28.1   24.9   25.0   23.9   23.8
47070   27.9   25.1   30.7   27.8   29.4   21.1   22.8   23.5   26.0   26.3   24.5   26.5
47090   28.4   19.3   24.6   28.0   19.9   16.1   18.6   20.6   23.5   22.5   22.2   23.8
47095   29.8   27.7   28.4   29.8   26.0   17.0   23.0   23.8   27.8   27.6   27.7   28.7
47098   31.1   28.7   30.3   31.2   29.6   21.5   24.5   25.5   28.6   19.3   29.2   30.5
47099   30.1   27.4   31.8   30.6   31.5   23.3   25.0   24.7   29.2   29.9   28.8   29.3
47100   27.1   21.3   22.2   26.7   19.5   17.9   18.4   17.6   22.0   20.8   20.8   24.5
47101   31.0   28.3   28.5   30.6   28.3   23.4   22.1   23.3   29.9   28.7   28.1   29.8
47102   23.8   23.8   23.6   24.1   23.1   20.5   19.0   22.1   21.8   21.0   20.5   21.3
47104   30.5   22.3   24.7   28.7   21.1   17.4   17.9   20.2   24.1   23.5   23.2   25.9
47105   31.3   22.5   26.0   29.6   20.8   17.6   16.2   25.6   24.0   23.3   23.1   27.3
47106   27.7   21.9   23.3   25.3   22.8   17.8   19.8   22.4   24.6   22.2   22.5   24.8
47108   29.9   27.1   29.4   30.1   30.0   22.2   22.2   24.6   29.3   23.6   27.9   29.1
47112   25.8   24.5   27.5   27.3   27.7   21.2   19.6   23.5   24.6   26.1   24.6   25.5
47114   29.7   27.5   28.6   31.5   29.2   24.6   26.9   25.3   29.2   27.1   28.4   30.4
47115   25.5   23.0   23.0   24.6   23.1   16.5   21.6   20.5   21.7   20.3   20.7   22.9
47119   29.1   27.4   28.8   29.3   30.4   25.0   23.7   25.0   28.2   27.7   27.1   28.8
47121   29.6   26.6   26.0   32.4   31.1   24.0   23.2   24.9   29.1   27.6   26.8   29.4
47127   29.5   26.4   28.3   30.8   30.3   26.0   28.5   27.8   28.0   28.2   28.4   30.0
47129   28.3   26.5   27.8   29.3   29.5   25.1   26.3   23.8   23.4   25.2   25.6   28.9
47130   26.7   21.5   23.2   26.0   23.6   22.3   20.8   20.5   21.0   22.7   22.9   24.6
47131   30.7   25.4   29.3   31.5   28.6   26.5   27.3   26.8   26.8   27.1   27.7   29.3
47133   30.0   22.7   29.1   30.0   28.3   24.6   26.7   26.6   26.2   26.1   27.5   29.4
47135   29.6   24.2   27.9   29.7   24.5   26.2   24.2   23.3   23.8   26.3   25.9   28.2
47136   31.6   26.5   29.0   31.9   28.3   24.7   25.5   27.3   25.4   26.3   28.5   29.8
47137   30.8   25.5   28.9   31.0   28.2   22.4   25.7   24.0   26.1   27.0   27.3   28.9
47138   30.4   24.7   27.8   32.3   25.8   27.0   24.3   25.3   22.9   23.3   25.8   25.0
47140   27.3   24.1   26.9   28.4   27.5   25.0   26.2   24.1   25.4   25.0   25.6   28.4
47143   32.3   26.2   29.7   33.7   27.5   29.4   24.3   25.2   26.3   26.8   29.8   30.9
47146   31.4   23.8   30.6   32.0   27.1   26.8   27.3   27.4   28.8   27.8   28.4   31.0
47152   32.8   25.3   27.5   31.0   26.4   31.5   23.6   24.3   23.7   23.6   27.3   27.7
47155   30.2   23.1   27.1   28.4   24.6   29.4   23.4   26.2   24.6   23.4   26.4   27.0
47156   31.0   23.3   30.5   31.2   25.1   27.1   27.4   26.6   27.8   27.4   27.5   30.2
47159   27.9   23.7   25.0   25.8   24.2   26.1   23.5   24.1   24.2   23.7   25.8   25.8
47162   26.7   22.3   24.8   25.4   24.8   25.8   22.3   23.9   22.7   22.5   24.9   24.5
47165   27.9   20.1   26.6   26.5   23.4   24.6   25.8   21.8   25.4   27.5   25.7   27.6
47168   27.3   20.9   24.3   23.5   23.7   27.0   23.1   24.0   22.7   22.3   25.0   25.1
47169   23.5   19.3   23.9   23.8   21.0   24.2   21.9   21.2   23.1   22.2   24.1   25.7
47170   30.2   20.2   27.7   25.0   21.8   27.5   27.5   24.2   24.7   24.9   26.9   26.6
47172   30.7   23.4   28.9   29.7   25.6   23.7   24.9   22.6   24.8   24.8   25.6   28.7
47174   30.4   20.4   26.6   27.2   21.9   27.4   24.7   25.7   25.1   24.3   24.4   27.1
47175   26.6   18.9   26.0   25.1   19.7   23.6   22.9   21.5   22.1   23.6   24.4   25.7
47184   27.1   21.5   22.7   23.5   24.7   27.5   26.6   24.8   23.9   21.8   27.4   28.1
47185   24.5   20.8   23.0   24.8   23.4   24.3   24.2   23.7   22.7   21.9   24.4   25.8
47188   25.9   20.5   22.1   23.4   22.7   25.6   25.8   25.0   24.2   20.1   24.5   24.6
47189   25.9   20.6   23.8   25.3   25.6   25.3   25.8   25.0   22.7   22.7   26.0   26.0
47192   31.2   22.4   28.2   28.2   25.5   28.1   25.2   25.6   25.2   24.2   26.6   27.8
   96   22.7   23.4   22.5   21.6   19.5   18.0   20.2   19.6   19.3   20.4   23.3   22.5
