2014061512+000HOUR     2014061521LST
STNID     9H    33H    57H    81H   105H   129H   153H   177H   201H   225H   249H   273H
STNID 061606 061706 061806 061906 062006 062106 062206 062306 062406 062506 062606 062706LST
47008   14.4   12.5   12.5   13.2   13.2   14.1   12.7   10.1   11.2   14.2   14.4   12.7
47014   14.6   16.4   16.1   15.1   15.1   16.5   16.2   15.3   15.4   13.1   13.7   16.7
47041   17.6   15.8   15.2   14.8   17.7   16.6   17.2   15.4   16.5   16.9   17.1   18.0
47058   17.9   18.4   17.9   17.7   19.9   20.7   17.6   19.1   18.9   18.7   18.6   19.2
47069   19.1   18.9   19.1   18.3   18.8   20.1   18.2   18.1   15.9   14.8   16.4   17.3
47070   17.6   16.4   18.5   18.5   17.1   18.1   17.3   17.6   16.6   14.8   16.0   17.4
47090   22.4   16.8   15.0   14.8   18.3   17.3   16.8   15.7   16.4   17.4   15.5   17.6
47095   15.7   17.1   17.6   17.7   17.4   18.0   16.0   17.2   18.0   18.5   18.1   16.8
47098   16.4   16.3   18.0   18.4   18.5   19.5   17.1   18.5   17.8   17.5   16.8   17.2
47099   16.6   16.3   17.5   17.7   18.7   19.7   17.8   17.1   18.9   14.9   14.5   15.6
47100   14.6   14.2   12.2   12.6   14.8   11.4   11.7   13.5   14.3   15.9   16.8   14.1
47101   18.2   17.9   18.7   18.0   18.6   19.0   17.5   17.2   18.5   18.2   17.8   17.6
47102   16.2   15.3   15.1   14.4   15.7   14.4   14.9   14.0   13.9   13.8   13.8   15.6
47104   21.9   16.8   14.6   15.7   18.2   17.3   17.1   15.1   17.2   18.6   18.3   19.4
47105   24.5   18.1   15.4   16.1   19.0   18.0   15.7   16.4   17.8   20.3   20.0   20.6
47106   21.7   17.9   15.3   15.2   17.3   16.4   16.0   15.2   16.1   19.2   18.6   19.1
47108   18.7   18.4   19.7   19.7   18.9   20.4   18.4   18.1   17.4   18.3   17.9   17.3
47112   17.5   17.0   18.2   19.3   18.7   20.1   17.8   18.1   14.9   18.3   19.8   19.9
47114   17.1   17.7   18.3   19.0   18.2   19.7   18.2   17.9   16.4   16.6   15.4   16.2
47115   19.7   18.1   16.9   13.7   14.5   17.4   16.7   17.5   12.4   15.5   16.2   16.6
47119   16.6   17.0   17.4   18.2   19.4   20.6   18.6   20.8   18.8   18.1   18.5   19.0
47121   15.6   16.6   16.9   17.4   18.5   17.5   17.0   16.8   17.9   18.4   16.0   17.4
47127   16.0   17.5   16.3   18.2   18.5   19.4   18.6   18.6   18.9   16.6   15.5   14.4
47129   15.6   17.4   15.5   15.1   17.6   18.0   16.2   19.6   19.0   17.7   18.6   19.0
47130   20.9   18.9   15.5   15.2   16.6   16.1   15.7   15.6   15.6   17.9   18.1   18.8
47131   18.1   19.6   18.3   19.0   18.8   20.1   18.7   20.5   19.8   20.2   19.7   19.6
47133   17.9   19.4   18.5   19.1   18.7   16.3   19.2   19.7   20.2   20.0   19.3   19.6
47135   16.7   17.5   17.0   17.0   16.7   18.1   17.0   17.3   18.5   18.2   17.6   16.9
47136   17.8   18.3   17.3   17.5   19.0   18.3   17.3   17.3   20.0   19.9   19.9   18.5
47137   18.0   17.8   17.9   18.6   18.7   17.9   17.3   17.5   19.0   19.9   18.2   18.5
47138   22.8   21.1   19.3   19.5   20.2   17.6   18.3   17.5   19.5   20.8   20.5   21.6
47140   16.8   17.8   18.4   16.1   19.2   15.4   17.6   19.5   19.9   18.5   16.9   19.0
47143   21.0   22.0   19.6   19.8   21.2   19.3   19.0   18.0   20.0   19.5   19.5   20.1
47146   17.1   18.9   18.7   18.4   18.0   16.0   19.1   20.3   20.4   20.0   20.1   19.2
47152   20.8   19.8   17.8   19.3   19.6   17.4   17.6   17.9   19.3   19.1   19.5   19.5
47155   18.2   20.3   19.3   19.2   20.0   19.6   19.4   18.3   19.5   19.3   19.1   20.3
47156   18.6   19.1   18.2   19.8   20.2   20.7   20.2   20.1   20.2   19.3   18.7   20.4
47159   20.8   20.4   20.1   19.6   19.9   18.8   19.7   18.0   18.5   20.5   19.9   20.7
47162   17.6   19.2   18.3   18.6   18.1   17.6   18.0   17.7   18.4   18.6   18.2   19.5
47165   17.4   17.6   17.1   17.9   17.3   21.7   18.5   20.4   19.8   19.3   19.2   20.7
47168   19.9   19.4   19.2   20.4   20.1   19.5   19.6   19.2   19.5   20.6   19.3   21.6
47169   18.2   18.1   18.1   18.3   17.9   18.3   16.9   16.6   18.5   17.5   17.5   20.3
47170   17.6   18.3   18.4   19.2   18.2   22.0   19.8   19.0   20.6   19.1   19.2   20.5
47172   16.8   16.5   17.0   16.0   18.2   19.1   16.6   17.6   17.8   18.6   17.4   20.2
47174   13.6   16.4   15.2   16.8   17.4   18.1   17.9   16.5   16.0   17.0   13.3   16.3
47175   17.1   16.5   16.0   15.7   17.1   16.0   16.8   16.6   17.5   17.5   18.0   19.3
47184   19.2   18.1   18.5   19.0   20.1   21.2   20.8   21.4   22.0   21.0   22.3   22.4
47185   19.5   17.8   18.8   18.9   19.7   19.8   18.5   20.5   21.5   20.3   20.3   21.2
47188   19.0   18.4   19.3   17.8   19.2   20.0   19.8   19.5   20.4   19.1   20.3   21.4
47189   20.6   18.1   18.8   19.3   21.4   19.6   21.3   21.9   21.8   20.7   21.8   22.9
47192   15.3   17.7   17.4   16.6   18.0   16.8   18.7   18.8   19.0   18.7   17.9   18.2
   96   19.4   19.5   16.2   17.2   17.8   17.3   15.5   13.7   14.8   15.9   16.5   16.5
