2014061512+000HOUR     2014061521LST
STNID    18H    42H    66H    90H   114H   138H   162H   186H   210H   234H   258H   282H
STNID 061615 061715 061815 061915 062015 062115 062215 062315 062415 062515 062615 062715LST
47008   17.7   14.6   14.1   17.4   19.0   18.3   16.2   15.6   21.0   19.0   17.9   19.0
47014   27.0   26.5   21.5   23.2   22.3   22.5   22.8   23.3   23.0   23.0   24.2   26.6
47041   25.7   16.2   17.0   20.1   24.2   17.7   29.3   19.6   26.9   25.2   25.9   27.7
47058   29.2   29.0   25.9   24.6   28.3   21.5   24.4   26.8   26.3   28.4   31.1   30.2
47069   27.5   24.8   26.7   24.8   24.5   22.0   22.3   21.1   26.4   25.6   26.2   27.4
47070   27.1   26.5   27.4   25.7   28.1   21.8   21.0   25.1   28.6   25.3   27.5   30.7
47090   27.1   21.0   21.9   22.3   26.5   19.7   21.0   20.7   21.9   22.6   23.9   27.0
47095   28.5   28.8   26.8   26.9   28.1   23.3   24.4   26.9   27.3   27.7   30.4   32.9
47098   29.9   29.9   29.3   28.7   30.5   24.4   24.1   28.0   29.5   29.5   31.5   32.4
47099   29.4   28.7   30.0   28.5   30.7   24.2   25.5   28.3   28.4   28.7   30.6   32.0
47100   25.8   21.3   20.2   21.8   25.6   20.7   21.3   20.4   21.0   21.3   22.5   25.3
47101   30.0   29.1   28.1   29.0   30.2   23.5   25.5   26.3   27.0   28.5   32.0   32.8
47102   23.9   24.0   22.5   22.0   21.1   20.2   17.2   21.1   21.7   21.7   23.9   24.8
47104   29.4   21.1   21.8   25.1   28.1   22.0   20.5   21.9   23.3   23.3   25.0   25.8
47105   29.9   22.5   22.2   25.5   28.8   21.4   20.9   21.6   24.3   25.8   25.5   27.5
47106   26.4   21.5   21.6   21.7   26.4   21.8   22.5   21.4   22.3   22.8   24.6   26.4
47108   28.3   27.3   26.6   27.2   29.4   24.6   23.7   27.1   29.1   27.6   28.6   31.7
47112   23.4   25.2   24.4   23.0   26.8   21.9   20.8   23.5   26.6   23.5   24.5   28.3
47114   29.2   28.1   27.3   29.8   29.5   27.7   26.3   26.1   26.8   27.8   30.4   32.6
47115   24.4   22.1   18.3   19.6   24.1   19.0   22.1   19.4   21.6   22.0   23.6   22.8
47119   28.0   27.7   26.2   26.8   30.1   24.0   23.8   24.9   27.1   26.5   27.7   31.7
47121   28.8   28.1   27.2   29.5   31.3   26.1   26.4   26.8   27.4   27.6   29.9   32.9
47127   28.6   26.9   28.4   28.7   30.7   26.2   26.1   26.8   26.6   27.5   29.4   31.6
47129   26.5   25.8   24.6   26.7   27.8   22.0   23.5   23.2   25.8   27.0   27.3   31.2
47130   25.8   19.9   20.7   22.9   27.4   25.2   21.9   23.1   24.2   23.4   24.7   25.4
47131   29.2   25.7   28.0   29.2   30.7   26.3   26.7   26.3   26.3   26.7   28.5   30.7
47133   29.4   24.8   26.8   28.3   30.6   24.0   25.2   26.3   26.2   27.3   28.5   30.8
47135   28.1   24.3   26.8   28.1   28.0   25.0   25.8   24.5   23.6   26.1   28.6   28.4
47136   30.4   26.5   28.7   30.0   31.1   26.4   26.9   26.3   27.2   27.9   29.9   30.6
47137   29.7   25.2   27.1   29.6   30.2   24.6   24.2   26.2   25.6   26.6   29.4   30.1
47138   30.2   23.8   23.3   26.5   33.2   27.2   24.7   24.5   28.8   26.7   28.7   27.4
47140   26.2   23.5   24.6   25.5   29.9   24.0   23.1   24.7   23.1   24.8   27.1   30.7
47143   31.5   26.7   29.6   31.0   30.9   27.7   28.9   27.2   29.2   29.3   29.7   30.0
47146   30.0   25.0   29.3   30.2   32.5   25.9   25.8   25.5   26.8   27.7   29.8   31.0
47152   31.3   25.0   26.1   28.6   30.5   26.6   26.2   24.5   27.4   28.0   29.3   26.7
47155   30.2   24.7   28.9   28.1   25.6   23.7   26.7   25.8   25.9   26.9   27.2   24.7
47156   29.3   24.8   30.0   30.5   29.8   23.5   25.1   26.5   27.3   28.1   30.4   30.3
47159   27.1   23.2   25.9   25.2   25.2   21.4   24.1   23.7   25.5   25.6   26.6   25.9
47162   25.7   24.6   27.0   25.7   25.5   20.8   21.9   23.9   24.9   24.3   24.5   23.8
47165   26.8   23.3   26.8   25.6   26.9   22.5   22.0   24.0   24.1   23.9   26.6   27.2
47168   26.1   23.6   26.6   24.7   22.6   23.8   23.2   24.4   25.2   24.0   25.4   22.9
47169   22.4   18.9   22.3   23.5   21.8   21.7   21.3   20.8   24.1   24.1   24.6   22.6
47170   27.8   22.6   30.6   29.0   26.9   23.4   23.8   24.7   26.0   23.6   26.5   23.3
47172   28.9   24.1   28.3   27.3   27.1   22.4   25.7   25.5   25.5   24.6   27.4   26.7
47174   29.4   23.8   29.5   29.0   26.4   22.0   24.5   25.4   25.2   24.8   27.4   25.3
47175   25.7   21.8   26.9   26.7   22.4   18.8   20.3   21.9   23.6   23.4   25.2   23.8
47184   26.1   20.5   24.7   24.2   25.8   27.2   26.5   25.8   26.1   29.4   27.9   24.9
47185   23.3   19.1   23.7   23.8   23.5   22.0   22.9   22.8   22.3   23.5   23.0   22.7
47188   24.7   19.7   23.4   25.5   24.0   22.7   22.6   24.8   25.1   24.7   23.5   19.5
47189   24.2   20.4   25.8   25.6   23.9   24.0   23.0   24.8   24.3   25.8   24.7   22.6
47192   30.3   24.6   29.8   29.3   26.2   26.3   27.4   27.1   25.9   26.4   27.4   26.8
   96   22.3   21.6   19.7   19.2   21.4   19.6   21.0   17.9   19.0   24.9   22.3   22.0
