2014061512+000HOUR     2014061521LST
STNID    18H    42H    66H    90H   114H   138H   162H   186H   210H   234H   258H   282H
STNID 061615 061715 061815 061915 062015 062115 062215 062315 062415 062515 062615 062715LST
47008   17.4   14.0   12.4   16.9   17.8   15.1   21.1   22.1   21.2   19.7   19.4   19.6
47014   27.4   25.7   22.7   20.9   25.5   23.7   22.5   24.1   24.2   25.7   26.6   25.8
47041   21.7   18.2   16.6   18.2   20.1   19.1   20.9   21.1   24.8   29.7   25.8   23.7
47058   27.4   30.3   28.7   26.1   27.5   21.0   20.8   24.4   23.6   27.3   27.6   29.3
47069   27.0   26.5   26.2   24.1   27.5   22.6   20.8   23.5   23.0   24.3   23.5   27.1
47070   25.6   27.5   26.1   25.2   27.8   23.3   21.1   23.4   26.1   25.6   27.5   29.2
47090   26.0   20.2   20.6   22.0   23.2   17.9   17.7   20.1   24.3   27.1   22.6   23.4
47095   27.2   29.5   28.6   26.5   27.6   21.8   20.5   23.6   26.1   27.5   29.3   29.5
47098   28.7   29.7   27.9   26.9   29.8   24.5   23.6   25.7   29.4   29.7   32.0   31.6
47099   27.2   29.8   28.9   27.5   29.2   25.4   23.3   25.8   28.6   29.2   32.5   32.6
47100   25.0   20.2   20.4   21.4   21.6   18.9   17.5   18.3   21.2   23.1   23.5   23.2
47101   28.3   29.1   27.9   26.0   30.1   25.9   21.2   24.3   27.1   29.0   30.9   30.6
47102   23.4   25.0   24.2   23.4   25.2   22.6   19.0   20.1   20.8   21.3   22.8   22.5
47104   28.0   20.1   21.9   24.7   24.5   19.9   19.6   20.8   25.9   27.0   24.5   23.6
47105   28.7   20.7   23.2   25.3   25.9   19.1   20.1   23.6   27.2   28.2   25.9   25.4
47106   25.9   20.2   21.9   22.3   22.1   21.0   20.2   22.0   24.7   26.2   25.6   24.2
47108   27.6   29.0   28.4   27.2   31.0   26.1   23.5   26.1   28.6   28.2   30.2   31.8
47112   25.4   26.5   25.7   25.4   28.3   26.0   22.1   22.3   25.0   25.4   26.4   28.0
47114   28.6   27.9   29.3   28.4   30.3   28.5   27.7   26.5   27.3   29.4   31.6   31.9
47115   24.6   20.9   18.3   20.5   22.9   23.6   19.8   19.3   21.0   23.9   25.1   23.7
47119   28.3   28.9   28.3   27.8   30.4   28.7   24.6   26.2   27.3   28.4   29.5   30.8
47121   29.0   28.2   29.8   29.1   31.0   28.8   25.3   25.3   28.2   30.4   30.6   31.6
47127   28.4   27.6   29.2   28.5   30.9   28.5   27.8   27.1   28.6   30.0   31.3   31.1
47129   27.0   25.9   27.3   27.0   29.8   28.8   25.3   24.9   25.3   27.7   28.0   29.5
47130   25.9   19.3   21.5   22.4   22.6   24.5   20.9   20.6   26.0   25.5   25.0   24.8
47131   29.5   27.4   29.7   29.0   31.5   29.1   26.8   27.6   27.5   29.2   30.6   31.4
47133   29.4   27.6   29.0   28.4   30.7   27.9   25.6   26.5   27.7   28.8   30.1   30.9
47135   28.5   25.2   26.7   27.8   28.0   24.1   24.2   25.3   24.8   27.4   28.7   28.1
47136   30.6   27.2   28.8   28.6   29.9   25.8   27.6   25.8   27.6   30.8   31.4   30.7
47137   29.8   26.9   28.4   28.5   29.3   26.4   27.6   26.6   26.9   28.5   29.6   29.1
47138   29.3   22.0   22.7   25.8   25.6   21.1   25.8   25.1   27.3   28.5   28.2   25.8
47140   26.6   26.0   27.4   26.4   30.4   27.5   25.4   25.6   24.7   27.0   27.7   30.8
47143   32.0   26.8   28.8   29.3   29.1   27.8   29.1   25.3   29.3   31.6   31.5   30.1
47146   29.8   27.0   30.9   29.9   31.1   28.9   27.6   28.4   28.6   30.0   31.4   32.3
47152   32.1   24.5   25.3   27.0   26.7   23.3   25.8   23.5   27.6   29.4   29.7   27.4
47155   30.4   24.2   27.0   26.0   25.2   23.1   27.1   23.4   26.0   26.6   27.8   26.8
47156   30.1   25.2   30.1   29.9   28.8   27.9   27.3   28.1   27.9   29.5   30.5   32.5
47159   27.7   22.9   24.6   24.6   25.0   21.3   25.4   23.6   25.3   26.5   28.2   27.2
47162   26.1   23.2   26.1   24.7   24.9   22.8   22.7   23.7   23.6   24.7   26.4   24.8
47165   27.0   23.4   26.4   26.3   24.5   23.7   23.7   25.3   26.0   25.8   26.1   27.4
47168   26.9   23.1   25.2   23.6   22.5   22.5   24.4   22.7   24.2   25.6   26.8   24.7
47169   23.2   20.8   24.0   24.4   21.8   21.5   22.1   24.5   25.8   23.9   25.5   25.3
47170   29.3   24.1   29.5   26.2   23.5   24.6   26.8   27.4   26.8   27.3   28.1   26.6
47172   28.9   23.9   29.2   28.0   27.6   27.5   26.4   25.3   24.5   27.3   28.6   30.8
47174   29.6   23.6   29.0   27.0   24.2   24.8   26.1   24.9   25.8   26.8   28.1   29.3
47175   26.0   21.3   26.2   25.1   21.0   23.2   23.1   23.9   24.0   25.1   26.3   25.0
47184   26.1   21.5   25.7   27.2   23.5   25.2   23.9   25.2   26.8   27.7   28.8   22.2
47185   24.5   22.0   24.9   26.3   24.0   24.3   24.1   25.5   23.4   24.8   25.3   25.0
47188   25.9   19.8   24.5   25.3   22.5   24.4   31.0   24.4   25.8   24.1   24.6   21.6
47189   26.0   21.8   26.1   25.7   25.3   25.3   25.8   26.2   25.3   25.8   26.7   23.6
47192   30.5   25.3   28.5   27.4   26.2   24.8   27.5   25.7   27.0   27.7   28.8   28.2
   96   22.8   20.8   19.7   19.9   20.3   21.1   19.4   19.8   19.5   22.3   23.6   24.1
