2014061600+000HOUR     2014061609LST
STNID    15H    27H    39H    51H    63H    75H    87H    99H   111H   123H   135H   147H   159H   171H   183H   195H   207H   219H   231H   243H   255H   267H   279H
STNID 061700 061712 061800 061812 061900 061912 062000 062012 062100 062112 062200 062212 062300 062312 062400 062412 062500 062512 062600 062612 062700 062712 062800LST
47003    0.0    1.0    0.5    4.0    3.0   14.0    0.0    0.0    0.0    0.0    0.0    2.0    0.5    2.0    1.0    7.0    0.0    0.0    1.5    0.0    0.5    1.0    0.5
47005    0.0    3.5    2.5    1.0    4.5    6.0    1.0    0.0    0.0    0.0    0.0    2.5    2.5    1.0    8.5    1.0    2.5    1.0    1.0    0.5    2.5    0.5    1.0
47008    0.0    1.0    0.5    1.0    1.0    3.0    0.0    0.0    0.0    0.5    0.0    0.0    1.0    1.0    0.0    1.0    0.0    0.0    0.0    0.0    1.5    1.0    1.0
47014    1.0    6.5    5.5    4.0    7.5    5.0    0.0    0.0    0.0    0.0    0.0    2.5    3.0    0.0    4.0    0.0    3.0    0.0    1.0    0.0    5.0    0.0    4.0
47016    1.0    2.5    5.5    0.0    3.5    1.5    0.0    0.0    0.0    0.0    0.0    3.0    2.5    2.5    3.0    0.0    2.5    1.0    3.5    0.0    0.0    0.0    0.0
47020    1.0    8.0    7.0    1.0   12.0    5.0    0.0    0.0    0.0    0.0    0.0    2.5    2.5    0.0    3.0    0.0    2.5    0.0    0.0    0.0    2.0    0.0    3.0
47022    3.5    1.5    3.5    1.5    3.0    0.0    0.0    0.0    1.0    0.0    0.0    0.0    0.0    0.0    4.0    4.0    4.0    0.0    3.0    0.0    0.0    0.0    0.0
47025    0.0    0.0    0.0    0.0    0.5    0.0    1.0    0.0    0.0    0.0    0.0    0.0    0.0    0.0    0.0    0.0    0.0    0.0    0.0    0.0    0.0    0.0    0.0
47028    8.0    8.0    3.0    0.0    0.0    2.5    3.0    0.5    0.0    0.0    1.0    0.0    2.0    0.0    0.0    0.0    0.0    0.0    0.0    0.0    0.0    0.0    0.0
47031    3.0    5.5    3.5    0.0    3.0    0.5    0.0    0.0    2.5    0.0    0.0    0.0    1.0    0.0    3.0    1.0    5.0    0.0    3.0    1.5    1.5    0.0    0.5
47035    0.0    6.5    0.0    0.0    0.0    7.0    0.5    0.0    0.0    0.0    0.0    0.0    1.0    0.0    0.0    0.0    0.0    0.0    0.0    0.0    0.0    0.0    0.0
47037   15.5    7.0    8.0    0.0    2.0    4.0    0.5    0.0    1.5    1.5    0.5    0.0    5.0    0.0    0.0    0.0    0.0    0.0    0.0    0.0    0.0    0.0    0.0
47039   10.0    4.5    4.0    0.0    3.0    3.5    1.0    0.0    0.5    0.0    2.0    0.0    5.0    0.0    0.0    0.0    0.5    0.0    0.0    0.0    0.0    0.0    0.0
47041    0.0    0.0    0.0    0.5    0.0    0.0    1.0    1.5    0.5    0.0    0.0    0.0    0.0    0.0    0.0    0.0    0.0    0.0    0.0    0.0    1.0    1.5    1.0
47046    0.0    0.0    0.0    0.5    0.0    0.0    3.0    0.5    0.0    0.0    0.0    0.0    0.0    0.0    0.0    0.5    0.0    0.0    0.0    0.0    0.0    0.0    0.0
47050   11.5    3.0    7.5    0.0    0.5   12.0    2.0    0.0    0.0    0.0    0.5    0.0    0.0    0.0    0.0    0.0    0.0    0.0    0.0    0.0    0.0    0.0    0.0
47052    5.0    0.0    0.0    0.0    0.5    0.5    1.0    0.0    0.0    0.0    7.0    4.0    0.0    0.0    0.0    0.0    0.0    0.0    0.0    0.0    0.0    0.5    0.0
47055    4.0    5.5    1.5    1.0    0.0    0.0    0.0    1.0    1.0    5.5    8.0    2.5    0.0    0.0    0.5    0.0    0.5    0.0    0.0    0.0    0.0    2.0    2.0
47058   14.0    5.0    2.0    0.0    1.0    4.0    0.5    0.0    0.0    0.0    1.0    1.5    0.0    0.0    0.0    0.0    0.0    0.0    0.0    0.0    0.0    2.0    0.0
47060    0.0    0.5    5.5    0.0    0.0    5.0    2.0    1.5    0.0    0.0    0.0    1.5    0.0    0.0    0.0    0.0    0.0    0.0    0.0    0.0    0.0    4.0    1.5
47061    0.0    2.0    1.5    0.5    0.0    0.0    0.0    1.0    2.5   15.5   12.0    3.0    0.0    0.0    1.5    0.0    1.0    0.0    0.0    0.0    0.0    2.0    3.0
47065    0.5    1.5   12.5    0.0    1.5    3.5    2.5    1.0    0.0    0.0    2.0    3.5    0.0    0.0    0.0    0.0    0.0    0.0    0.0    0.0    0.0    3.5    0.0
47067    2.5    0.0    2.0    0.0    1.5    1.5    2.5    0.0    0.5    0.0    3.5    6.5    0.0    0.0    0.0    0.0    0.0    0.0    0.0    0.0    0.0    0.0    0.0
47068    0.0    0.0    2.0    0.0    0.0    0.0    3.0    6.5    3.5    0.0    0.0    1.0    0.0    0.0    0.0    0.0    0.0    0.0    0.0    0.0    0.0    3.5    4.0
47069    0.0    0.0    1.0    0.0    0.0    0.0    8.0   11.5   11.0    2.5    0.0    0.0    0.0    0.0    0.0    0.0    0.0    0.0    0.0    0.0    0.0    5.5    2.0
47070    0.0    0.0    8.5    0.0    0.0    0.0    4.0    7.0   11.0    7.5    1.0    5.5    0.0    0.0    0.0    0.0    0.0    0.0    0.0    0.0    0.0    0.5    0.5
47075    0.5    0.0    0.0    0.0    1.0    0.0    0.0    1.0    5.0    5.0    3.5    6.0    0.5    0.0    2.0    0.0    0.0    0.0    0.0    0.0    0.0    0.0    0.0
47090    0.0    0.0    1.5    0.0    0.0    0.0    0.0    1.0    8.5   29.5   10.0    7.0    0.0    0.0    0.0    0.0    0.0    0.0    0.0    0.0    0.0    3.5    6.5
47095    0.5    0.0    0.0    0.0    1.0    0.0    0.0    1.0    5.0    5.0    3.5    6.0    0.5    0.0    2.0    0.0    0.0    0.0    0.0    0.0    0.0    0.0    0.0
47098    0.0    1.0    3.0    0.0    1.0    0.0    2.0    5.0    9.5   11.0    1.5    4.5    0.0    0.0    0.0    0.0    0.0    0.0    0.0    0.0    0.0    0.0    1.5
47099    0.0    0.0    8.5    0.0    0.0    0.0    4.0    7.0   11.0    7.5    1.0    5.5    0.0    0.0    0.0    0.0    0.0    0.0    0.0    0.0    0.0    0.5    0.5
47100    0.0    0.0    1.0    0.0    2.5    0.0    2.0    6.0   18.0   35.5    7.5    4.5    0.0    0.0    3.5    0.0    3.5    0.0    1.0    0.0    0.0    0.0   15.0
47101    0.0    0.0    0.0    0.0    0.0    0.0    1.0    4.0    8.5   14.0    4.0    2.0    0.0    0.0    1.0    0.0    0.0    0.0    0.0    0.0    0.0    0.0    3.0
47104    0.0    0.0    1.0    0.0    0.0    0.0    1.0    3.0   11.5   36.0   12.0    5.5    0.0    0.0    1.0    0.0    1.5    0.0    0.0    0.0    0.0    1.0    8.5
47105    0.0    0.0    1.0    0.0    0.0    0.0    1.0    3.0   11.5   36.0   12.0    5.5    0.0    0.0    1.0    0.0    1.5    0.0    0.0    0.0    0.0    1.0    8.5
47106    0.0    1.0    1.5    1.0    0.0    0.0    2.0    8.0   20.0   48.5   10.0   12.5    0.0    0.0    0.0    0.0    0.0    0.0    0.0    0.0    0.0    2.0   24.5
47108    0.0    0.0    5.5    0.0    0.0    0.0    2.5    3.0    9.5   14.5    0.5    4.0    0.0    0.0    0.0    0.0    0.0    0.0    0.0    0.0    0.0    1.5    4.0
47112    0.0    0.0    1.5    0.0    0.0    0.0    3.0    2.5    9.5   13.5    0.0    3.5    0.0    0.0    0.0    0.0    0.0    0.0    0.0    0.0    0.0    6.0    2.5
47114    0.0    2.0    7.0    0.0    0.0    0.0    2.0    3.5   11.0   18.0    2.5    2.0    0.0    0.0    0.0    0.0    0.0    0.0    0.0    0.0    0.0    0.5    5.0
47115    0.0    0.0    0.0    0.0    0.0    0.0    0.0    2.5    8.5   36.0   10.0    1.0    2.0    0.0    0.0    0.0    0.0    0.0    0.0    0.0    0.0    0.0    7.0
47119    0.0    0.0    2.0    0.0    0.0    0.0    0.0    0.0   18.5   20.0    1.0    2.0    0.0    0.0    0.0    0.0    0.0    0.0    0.0    0.0    0.0    3.0    7.0
47121    0.0    0.0    1.5    0.0    0.0    0.0    0.0    0.0   17.5   26.5    3.5    2.5    1.5    0.0    0.5    0.0    2.5    0.0    0.0    0.0    0.0    1.5    9.5
47127    0.0    0.0    0.5    0.0    0.0    0.0    0.0    0.0   17.0   28.0    2.5    1.5    0.0    0.0    0.0    0.0    0.0    0.0    0.0    0.0    0.0    2.0    8.0
47129    0.0    0.0    0.0    0.0    0.0    0.0    0.0    0.0   19.5   17.0    0.0    0.5    0.0    0.0    0.0    0.0    0.0    0.0    0.0    0.0    0.0    3.5    9.0
47130    0.0    1.5    0.5    0.5    0.0    0.0    0.0    1.0   21.0   49.0   11.0    4.5    0.0    0.0    1.5    0.0    1.0    0.0    3.0    0.0    0.0    0.0   18.0
47131    0.0    0.0    1.0    0.0    0.0    0.0    0.0    0.0   21.0   28.5    3.5    3.0    1.5    0.0    0.0    0.0    1.0    0.0    0.0    0.0    0.0    3.0   12.5
47133    0.0    0.0    0.5    0.0    0.0    0.0    0.0    0.0   27.0   28.5    1.5    0.5    0.0    0.0    0.0    0.0    0.0    0.0    0.0    0.0    0.0    4.5   16.5
47135    0.0    0.0    0.0    0.0    0.0    0.0    0.0    0.0   27.5   30.5    5.0    1.5    2.0    0.0    0.0    0.0    1.0    0.0    0.0    0.0    0.0    4.5   22.5
47136    0.0    0.0    0.0    0.0    0.0    0.0    0.0    0.0   21.0   32.0    5.0    1.5    0.0    0.0    1.0    0.0    1.5    0.0    0.0    0.0    0.0    2.0   13.5
47137    0.0    0.0    0.0    0.0    0.0    0.0    0.0    0.0   27.5   30.5    5.0    1.5    2.0    0.0    0.0    0.0    1.0    0.0    0.0    0.0    0.0    4.5   22.5
47138    0.0    0.0    0.0    0.0    0.0    0.0    1.0    0.0   26.0   35.0    4.5    1.0    0.0    0.0    1.0    0.0    4.5    0.0    2.5    0.0    0.0    6.5   20.5
47140    0.0    0.0    0.0    0.0    0.0    0.0    0.0    0.0   34.0   23.0    1.0    0.0    0.0    0.0    0.0    0.0    1.0    0.0    0.0    0.0    0.0   10.0   16.5
47143    0.0    0.0    0.0    0.0    0.0    0.0    0.0    0.0   28.5   34.0    5.0    1.0    0.0    0.0    0.0    0.0    4.0    0.0    1.5    0.0    0.0    7.5   22.5
47146    0.0    0.0    0.5    0.0    0.0    0.0    0.0    0.0   31.5   24.0    2.0    0.0    0.0    0.0    0.0    0.0    0.0    0.0    0.0    0.0    0.0    9.5   19.5
47152    0.0    0.0    0.0    0.0    0.0    0.0    0.0    0.0   39.5   27.0    3.0    0.5    0.0    0.0    0.0    0.0    5.5    1.0    3.5    0.0    0.0   12.5   22.0
47155    0.0    0.0    0.0    0.0    0.0    0.0    0.0    0.0   56.5   19.5    1.5    0.0    0.0    0.0    0.0    0.0    1.0    0.5    0.0    0.0    0.0   12.0   29.5
47156    0.0    2.5    0.0    0.0    0.0    0.0    0.0    0.0   57.0   15.5    1.5    0.0    0.0    0.0    0.0    0.0    0.0    0.0    0.0    0.0    0.0    9.0   22.5
47159    0.0    0.0    0.0    0.0    0.0    0.0    0.0    0.0   56.5   19.5    1.5    0.0    0.0    0.0    0.0    0.0    1.0    0.5    0.0    0.0    0.0   12.0   29.5
47162    0.0    1.0    0.0    0.0    0.0    0.0    0.0    0.0   76.5   17.0    0.0    0.0    0.0    0.0    0.0    0.0    1.5    0.0    0.0    0.0    0.0    9.0   33.5
47165    0.0    3.0    2.5    0.0    0.0    0.0    0.0    0.5   84.5   16.0    0.5    0.0    0.0    0.0    0.0    0.0    0.0    0.0    0.0    0.0    0.0   13.5   18.0
47168    0.0    2.0    0.0    0.0    0.0    0.0    0.0    0.0   83.5   14.5    0.0    0.0    0.0    0.0    0.0    0.0    1.5    0.0    0.0    0.0    0.0   10.5   31.5
47169    0.0    5.0    0.0    0.0    0.0    0.0    0.0    2.0   93.0   14.0    0.0    0.0    0.0    0.0    0.0    0.0    0.0    0.0    0.0    0.0    1.5   19.5   11.0
47170    0.0    4.0    0.0    0.0    0.0    0.0    0.0    2.5  100.5   16.5    0.0    0.0    0.0    0.0    0.0    0.0    0.0    0.0    0.0    0.0    0.5   18.5   21.0
47172    0.0    2.0    0.0    0.0    0.0    0.0    0.0    0.0   58.0   18.0    1.0    0.0    0.0    0.0    0.0    0.0    0.0    0.0    0.0    0.0    0.0    9.0   18.5
47174    0.0    2.5    0.0    0.0    0.0    0.0    0.0    0.5   81.0   13.5    1.0    0.0    0.0    0.0    0.0    0.0    0.0    0.0    0.0    0.0    0.0   13.0   25.5
47184    1.5   19.0    0.0    0.0    0.0    0.0    0.0   27.0   52.5   16.5    0.0    0.0    0.0    0.0    0.0    0.0    0.0    0.0    0.0    0.0    4.5   22.0    4.0
47185    3.5   24.5    0.0    0.0    0.0    0.0    0.0   23.5   52.5   16.0    0.0    0.0    0.0    0.0    0.0    0.0    0.0    0.0    0.0    0.0    7.0   21.5    4.0
47188    0.5   15.0    0.0    0.0    0.0    0.0    0.0   22.5   64.0   19.5    0.0    0.0    0.0    0.0    0.0    0.0    0.0    0.0    0.0    0.0    3.0   24.5    3.0
47189    1.5   19.0    0.0    0.0    0.0    0.0    0.0   27.0   52.5   16.5    0.0    0.0    0.0    0.0    0.0    0.0    0.0    0.0    0.0    0.0    4.5   22.0    4.0
47192    0.0    0.5    0.0    0.0    0.0    0.0    0.0    0.0   57.5   15.0    0.5    0.0    0.0    0.0    1.0    0.5    5.5    0.0    1.5    0.0    0.0   10.5   30.5
47201    0.0    0.0    8.5    0.0    0.0    0.0    4.0    7.0   11.0    7.5    1.0    5.5    0.0    0.0    0.0    0.0    0.0    0.0    0.0    0.0    0.0    0.5    0.5
47202    0.0    2.0    7.0    0.0    0.0    0.0    2.0    3.5   11.0   18.0    2.5    2.0    0.0    0.0    0.0    0.0    0.0    0.0    0.0    0.0    0.0    0.5    5.0
47203    0.0    0.0    0.5    0.0    0.0    0.0    0.0    0.0   17.0   28.0    2.5    1.5    0.0    0.0    0.0    0.0    0.0    0.0    0.0    0.0    0.0    2.0    8.0
47211    1.5    0.0    0.0    0.0    1.0    0.0    0.0    3.5    9.0   24.5    5.5    3.5    0.0    0.0    4.5    0.0    1.5    0.0    0.0    0.0    4.0    0.0    5.0
47212    0.0    2.0    7.0    0.0    0.0    0.0    2.0    3.5   11.0   18.0    2.5    2.0    0.0    0.0    0.0    0.0    0.0    0.0    0.0    0.0    0.0    0.5    5.0
47216    0.0    3.5    0.0    0.0    0.0    0.0    0.0    0.0   19.0   32.5    5.0    2.5    0.0    0.0    3.5    0.0    1.0    0.0    1.0    0.0    0.0    1.0   12.0
47221    0.0    0.0    1.5    0.0    0.0    0.0    0.0    0.0   17.5   26.5    3.5    2.5    1.5    0.0    0.5    0.0    2.5    0.0    0.0    0.0    0.0    1.5    9.5
47226    0.0    0.0    0.5    0.0    0.0    0.0    0.0    0.0   28.5   29.0    4.5    1.5    2.5    0.0    0.0    0.0    0.0    0.0    0.0    0.0    0.0    4.5   19.0
47232    0.0    0.0    0.0    0.0    0.0    0.0    0.0    0.0   19.5   25.5    1.0    1.0    0.0    0.0    0.0    0.0    0.0    0.0    0.0    0.0    0.0    3.0   12.5
47235    0.0    0.0    0.0    0.0    0.0    0.0    0.0    0.0   25.5   24.5    0.0    0.0    0.0    0.0    0.0    0.0    0.0    0.0    0.0    0.0    0.0    5.0   14.5
47236    0.0    0.0    0.5    0.0    0.0    0.0    0.0    0.0   27.0   28.5    1.5    0.5    0.0    0.0    0.0    0.0    0.0    0.0    0.0    0.0    0.0    4.5   16.5
47238    0.0    0.0    0.0    0.0    0.0    0.0    0.0    0.0   30.0   26.0    4.5    1.0    2.0    0.0    0.0    0.0    1.0    0.0    0.0    0.0    0.0    9.5   18.5
47243    0.0    0.0    0.0    0.0    0.0    0.0    0.0    0.0   39.5   18.5    1.0    0.0    0.0    0.0    0.0    0.0    0.0    0.0    0.0    0.0    0.0   10.0   16.5
47244    0.0    1.0    0.5    0.0    0.0    0.0    0.0    0.0   39.0   20.0    2.0    0.0    0.0    0.0    0.0    0.0    0.0    0.0    0.0    0.0    0.0    9.0   20.0
47245    0.0    1.0    0.5    0.0    0.0    0.0    0.0    0.0   39.0   20.0    2.0    0.0    0.0    0.0    0.0    0.0    0.0    0.0    0.0    0.0    0.0    9.0   20.0
47247    0.0    2.5    0.0    0.0    0.0    0.0    0.0    0.0   57.0   15.5    1.5    0.0    0.0    0.0    0.0    0.0    0.0    0.0    0.0    0.0    0.0    9.0   22.5
47248    0.0    0.5    0.0    0.0    0.0    0.0    0.0    0.0   39.0   22.0    2.5    0.0    0.0    0.0    0.0    0.0    1.5    0.0    4.0    0.0    0.0   10.5   24.5
47251    0.0    2.0    0.0    0.0    0.0    0.0    0.0    0.0   58.0   18.0    1.0    0.0    0.0    0.0    0.0    0.0    0.0    0.0    0.0    0.0    0.0    9.0   18.5
47252    0.0    2.0    0.0    0.0    0.0    0.0    0.0    0.0   58.0   18.0    1.0    0.0    0.0    0.0    0.0    0.0    0.0    0.0    0.0    0.0    0.0    9.0   18.5
47253    0.0    0.0    0.0    0.0    0.0    0.0    0.0    0.0   56.5   19.5    1.5    0.0    0.0    0.0    0.0    0.0    1.0    0.5    0.0    0.0    0.0   12.0   29.5
47254    0.0    2.5    0.0    0.0    0.0    0.0    0.0    0.0   57.0   15.5    1.5    0.0    0.0    0.0    0.0    0.0    0.0    0.0    0.0    0.0    0.0    9.0   22.5
47255    0.0    0.0    0.0    0.0    0.0    0.0    0.0    0.0   56.5   19.5    1.5    0.0    0.0    0.0    0.0    0.0    1.0    0.5    0.0    0.0    0.0   12.0   29.5
47256    0.0    2.5    0.0    0.0    0.0    0.0    0.0    0.0   57.0   15.5    1.5    0.0    0.0    0.0    0.0    0.0    0.0    0.0    0.0    0.0    0.0    9.0   22.5
47257    0.0    0.0    0.0    0.0    0.0    0.0    0.0    0.0   56.5   19.5    1.5    0.0    0.0    0.0    0.0    0.0    1.0    0.5    0.0    0.0    0.0   12.0   29.5
47259    0.0    4.0    0.0    0.0    0.0    0.0    0.0    2.5  100.5   16.5    0.0    0.0    0.0    0.0    0.0    0.0    0.0    0.0    0.0    0.0    0.5   18.5   21.0
47260    0.0    2.5    0.0    0.0    0.0    0.0    0.0    0.5   81.0   13.5    1.0    0.0    0.0    0.0    0.0    0.0    0.0    0.0    0.0    0.0    0.0   13.0   25.5
47261    0.0    4.0    0.0    0.0    0.0    0.0    0.0    2.5  100.5   16.5    0.0    0.0    0.0    0.0    0.0    0.0    0.0    0.0    0.0    0.0    0.5   18.5   21.0
47262    0.0    4.0    0.0    0.0    0.0    0.0    0.0    2.0   95.0   12.5    0.0    0.0    0.0    0.0    0.0    0.0    0.0    0.0    0.0    0.0    0.0   19.0   25.0
47263    0.0    0.5    0.0    0.0    0.0    0.0    0.0    0.0   57.5   15.0    0.5    0.0    0.0    0.0    1.0    0.5    5.5    0.0    1.5    0.0    0.0   10.5   30.5
47264    0.0    0.5    0.0    0.0    0.0    0.0    0.0    0.0   39.0   22.0    2.5    0.0    0.0    0.0    0.0    0.0    1.5    0.0    4.0    0.0    0.0   10.5   24.5
47266    0.0    2.0    0.0    0.0    0.0    0.0    0.0    0.0   83.5   14.5    0.0    0.0    0.0    0.0    0.0    0.0    1.5    0.0    0.0    0.0    0.0   10.5   31.5
47268    0.0    4.0    0.0    0.0    0.0    0.0    0.0    2.0  102.0   15.5    0.0    0.0    0.0    0.0    0.0    0.0    0.0    0.0    0.0    0.0    1.0   19.5   16.0
47271    0.0    3.5    0.0    0.0    0.0    0.0    0.0    0.0   19.0   32.5    5.0    2.5    0.0    0.0    3.5    0.0    1.0    0.0    1.0    0.0    0.0    1.0   12.0
47272    0.0    0.0    0.5    0.0    0.0    0.0    0.0    0.0   21.5   28.0    4.5    2.0    1.0    0.0    0.0    0.0    1.5    0.0    0.0    0.0    0.0    3.0   13.5
47273    0.0    0.0    0.5    0.0    0.0    0.0    0.0    0.0   21.5   28.0    4.5    2.0    1.0    0.0    0.0    0.0    1.5    0.0    0.0    0.0    0.0    3.0   13.5
47276    0.0    0.0    0.0    0.0    0.0    0.0    0.0    0.0   23.0   33.0    5.0    1.0    0.0    0.0    1.5    0.0    2.5    0.0    0.5    0.0    0.0    4.0   23.0
47277    0.0    0.0    0.0    0.0    0.0    0.0    0.0    0.0   19.0   37.5    4.5    1.5    0.0    0.0    3.0    0.0    3.5    0.5    1.5    0.0    0.0    2.5   24.5
47278    0.0    0.0    0.0    0.0    0.0    0.0    0.0    0.0   23.0   33.0    5.0    1.0    0.0    0.0    1.5    0.0    2.5    0.0    0.5    0.0    0.0    4.0   23.0
47279    0.0    0.0    0.0    0.0    0.0    0.0    0.0    0.0   29.5   27.0    5.0    1.5    1.5    0.0    0.0    0.0    2.5    0.0    0.5    0.0    0.0    8.5   22.5
47281    0.0    0.0    0.0    0.0    0.0    0.0    0.0    0.0   28.5   34.0    5.0    1.0    0.0    0.0    0.0    0.0    4.0    0.0    1.5    0.0    0.0    7.5   22.5
47283    0.0    0.0    0.0    0.0    0.0    0.0    1.0    0.0   26.0   35.0    4.5    1.0    0.0    0.0    1.0    0.0    4.5    0.0    2.5    0.0    0.0    6.5   20.5
47284    0.0    0.5    0.0    0.0    0.0    0.0    0.0    0.0   39.0   22.0    2.5    0.0    0.0    0.0    0.0    0.0    1.5    0.0    4.0    0.0    0.0   10.5   24.5
47285    0.0    0.0    0.0    0.0    0.0    0.0    0.0    0.0   40.0   21.0    2.5    0.5    0.5    0.0    0.0    0.0    4.0    0.0    3.0    0.0    0.0   13.0   27.0
47288    0.0    0.0    0.0    0.0    0.0    0.0    0.0    0.0   42.0   28.5    3.0    1.0    0.0    0.0    1.0    0.0    6.0    0.0    1.5    0.0    0.0   14.0   25.0
47289    0.0    1.5    0.0    0.0    0.0    0.0    0.0    0.0   58.5   14.0    1.0    0.0    0.0    0.0    0.0    0.0    2.0    0.0    2.5    0.0    0.0    9.0   27.5
47294    0.0    0.0    0.0    0.0    0.0    0.0    0.0    0.0   68.5   17.5    0.5    0.0    0.0    0.0    0.0    0.0    0.0    0.0    0.0    0.0    0.0    8.5   33.0
47295    0.0    2.0    0.0    0.0    0.0    0.0    0.0    0.0   83.5   14.5    0.0    0.0    0.0    0.0    0.0    0.0    1.5    0.0    0.0    0.0    0.0   10.5   31.5
47299    0.0   32.5   12.0    0.0    0.0    0.0    0.0   43.0   13.5    0.0    0.0    0.0    0.0    0.0    0.0    0.0    0.0    0.0    0.0    2.5   46.5    5.5    0.0
  319    0.0    0.0    0.0    0.0    0.0    0.0    0.0    2.5    8.5   36.0   10.0    1.0    2.0    0.0    0.0    0.0    0.0    0.0    0.0    0.0    0.0    0.0    7.0
  328    1.5   19.0    0.0    0.0    0.0    0.0    0.0   27.0   52.5   16.5    0.0    0.0    0.0    0.0    0.0    0.0    0.0    0.0    0.0    0.0    4.5   22.0    4.0
  400    0.0    0.0    5.5    0.0    0.0    0.0    2.5    3.0    9.5   14.5    0.5    4.0    0.0    0.0    0.0    0.0    0.0    0.0    0.0    0.0    0.0    1.5    4.0
  433    0.0    0.0    1.5    0.0    0.0    0.0    3.0    2.5    9.5   13.5    0.0    3.5    0.0    0.0    0.0    0.0    0.0    0.0    0.0    0.0    0.0    6.0    2.5
  441    0.0    0.0    1.5    0.0    0.0    0.0    3.0    2.5    9.5   13.5    0.0    3.5    0.0    0.0    0.0    0.0    0.0    0.0    0.0    0.0    0.0    6.0    2.5
  504    0.0    1.0    3.0    0.0    1.0    0.0    2.0    5.0    9.5   11.0    1.5    4.5    0.0    0.0    0.0    0.0    0.0    0.0    0.0    0.0    0.0    0.0    1.5
  516    0.0    0.0    2.0    0.0    0.0    0.0    0.0    0.0   18.5   20.0    1.0    2.0    0.0    0.0    0.0    0.0    0.0    0.0    0.0    0.0    0.0    3.0    7.0
  517    3.0    1.0    1.0    0.0    5.0    0.0    0.0    1.0    8.5   23.5    8.5    3.0    0.5    0.0    4.0    0.0    3.5    0.0    0.5    0.0    0.0    1.0    3.5
  519    0.0    0.0    0.0    0.0    0.5    0.0    0.0    0.0    6.0   12.5    6.5    2.0    1.5    0.0    3.5    0.0    1.0    0.0    0.0    0.0    0.0    0.0    1.0
  523    0.0    0.0    1.0    0.0    0.0    0.0    1.0    3.0   11.5   36.0   12.0    5.5    0.0    0.0    1.0    0.0    1.5    0.0    0.0    0.0    0.0    1.0    8.5
  525    0.5    0.0    4.5    0.0    0.0    0.0    2.0    4.5   14.0   25.5    3.5    3.0    0.0    0.0    1.5    0.0    1.0    0.0    0.0    0.0    1.5    0.0    7.5
  526    0.5    0.0    4.5    0.0    0.0    0.0    2.0    4.5   14.0   25.5    3.5    3.0    0.0    0.0    1.5    0.0    1.0    0.0    0.0    0.0    1.5    0.0    7.5
  527    0.0    3.5    0.0    0.0    0.0    0.0    0.0    0.0   19.0   32.5    5.0    2.5    0.0    0.0    3.5    0.0    1.0    0.0    1.0    0.0    0.0    1.0   12.0
  528    0.0    0.0    0.0    0.0    0.0    0.0    8.5   11.5    9.0    1.0    0.0    0.0    0.0    0.0    0.5    0.0    0.5    0.0    1.0    0.5    0.0    2.0    7.0
  529    0.0    1.5    0.5    0.5    0.0    0.0    0.0    1.0   21.0   49.0   11.0    4.5    0.0    0.0    1.5    0.0    1.0    0.0    3.0    0.0    0.0    0.0   18.0
  530    0.0    0.0    0.0    0.0    0.0    0.0    0.0    2.5    8.5   36.0   10.0    1.0    2.0    0.0    0.0    0.0    0.0    0.0    0.0    0.0    0.0    0.0    7.0
  531    0.0    0.0    0.0    0.0    0.0    0.0    1.0    4.0    8.5   14.0    4.0    2.0    0.0    0.0    1.0    0.0    0.0    0.0    0.0    0.0    0.0    0.0    3.0
  532    0.0    1.0    3.0    0.0    1.0    0.0    2.0    5.0    9.5   11.0    1.5    4.5    0.0    0.0    0.0    0.0    0.0    0.0    0.0    0.0    0.0    0.0    1.5
  534    0.0    0.0    0.5    0.0    0.0    0.0    0.0    0.0   17.0   28.0    2.5    1.5    0.0    0.0    0.0    0.0    0.0    0.0    0.0    0.0    0.0    2.0    8.0
  536    0.5    0.0    4.5    0.0    0.0    0.0    2.0    4.5   14.0   25.5    3.5    3.0    0.0    0.0    1.5    0.0    1.0    0.0    0.0    0.0    1.5    0.0    7.5
  540    0.0    0.0    5.5    0.0    0.0    0.0    2.5    3.0    9.5   14.5    0.5    4.0    0.0    0.0    0.0    0.0    0.0    0.0    0.0    0.0    0.0    1.5    4.0
  541    0.0    0.0    5.5    0.0    0.0    0.0    2.5    3.0    9.5   14.5    0.5    4.0    0.0    0.0    0.0    0.0    0.0    0.0    0.0    0.0    0.0    1.5    4.0
  542    0.0    0.0    5.5    0.0    0.0    0.0    2.5    3.0    9.5   14.5    0.5    4.0    0.0    0.0    0.0    0.0    0.0    0.0    0.0    0.0    0.0    1.5    4.0
  546    0.0    0.0    5.5    0.0    0.0    0.0    2.5    3.0    9.5   14.5    0.5    4.0    0.0    0.0    0.0    0.0    0.0    0.0    0.0    0.0    0.0    1.5    4.0
  548    0.0    0.0    0.5    0.0    0.0    0.0    0.0    0.0   17.0   28.0    2.5    1.5    0.0    0.0    0.0    0.0    0.0    0.0    0.0    0.0    0.0    2.0    8.0
  549    0.0    0.0    2.0    0.0    0.0    0.0    0.0    0.0   18.5   20.0    1.0    2.0    0.0    0.0    0.0    0.0    0.0    0.0    0.0    0.0    0.0    3.0    7.0
  551    0.0    0.0    2.0    0.0    0.0    0.0    0.0    0.0   18.5   20.0    1.0    2.0    0.0    0.0    0.0    0.0    0.0    0.0    0.0    0.0    0.0    3.0    7.0
  552    0.0    0.0    0.0    0.0    0.5    0.0    0.0    0.0    6.0   12.5    6.5    2.0    1.5    0.0    3.5    0.0    1.0    0.0    0.0    0.0    0.0    0.0    1.0
  555    0.0    0.0    0.0    0.0    0.5    0.0    0.0    0.0    6.0   12.5    6.5    2.0    1.5    0.0    3.5    0.0    1.0    0.0    0.0    0.0    0.0    0.0    1.0
  556    3.0    1.0    1.0    0.0    5.0    0.0    0.0    1.0    8.5   23.5    8.5    3.0    0.5    0.0    4.0    0.0    3.5    0.0    0.5    0.0    0.0    1.0    3.5
  557    1.5    0.0    0.0    0.0    1.0    0.0    0.0    3.5    9.0   24.5    5.5    3.5    0.0    0.0    4.5    0.0    1.5    0.0    0.0    0.0    4.0    0.0    5.0
  559    1.5    0.0    0.0    0.0    1.0    0.0    0.0    3.5    9.0   24.5    5.5    3.5    0.0    0.0    4.5    0.0    1.5    0.0    0.0    0.0    4.0    0.0    5.0
  561    0.5    0.0    4.5    0.0    0.0    0.0    2.0    4.5   14.0   25.5    3.5    3.0    0.0    0.0    1.5    0.0    1.0    0.0    0.0    0.0    1.5    0.0    7.5
  562    0.0    0.0    1.5    0.0    0.0    0.0    0.0    0.0   17.5   26.5    3.5    2.5    1.5    0.0    0.5    0.0    2.5    0.0    0.0    0.0    0.0    1.5    9.5
  563    0.0    0.0    1.0    0.0    2.5    0.0    2.0    6.0   18.0   35.5    7.5    4.5    0.0    0.0    3.5    0.0    3.5    0.0    1.0    0.0    0.0    0.0   15.0
  565    0.0    0.0    1.5    0.0    0.0    0.0    3.0    2.5    9.5   13.5    0.0    3.5    0.0    0.0    0.0    0.0    0.0    0.0    0.0    0.0    0.0    6.0    2.5
  566    0.0    0.0    1.0    0.0    0.0    0.0    1.0    3.0   11.5   36.0   12.0    5.5    0.0    0.0    1.0    0.0    1.5    0.0    0.0    0.0    0.0    1.0    8.5
  571    0.0    0.0    0.0    0.0    0.0    0.0    0.0    0.0   18.5   17.5    0.0    2.0    0.0    0.0    0.0    0.0    0.0    0.0    0.0    0.0    0.0    4.0    4.5
  572    0.0    0.0    5.5    0.0    0.0    0.0    2.5    3.0    9.5   14.5    0.5    4.0    0.0    0.0    0.0    0.0    0.0    0.0    0.0    0.0    0.0    1.5    4.0
  579    0.0    0.0    1.0    0.0    2.5    0.0    2.0    6.0   18.0   35.5    7.5    4.5    0.0    0.0    3.5    0.0    3.5    0.0    1.0    0.0    0.0    0.0   15.0
  580    0.0    0.0    1.0    0.0    2.5    0.0    2.0    6.0   18.0   35.5    7.5    4.5    0.0    0.0    3.5    0.0    3.5    0.0    1.0    0.0    0.0    0.0   15.0
  581    0.0    3.5    0.0    0.0    0.0    0.0    0.0    0.0   19.0   32.5    5.0    2.5    0.0    0.0    3.5    0.0    1.0    0.0    1.0    0.0    0.0    1.0   12.0
  583    0.5    0.0    4.5    0.0    0.0    0.0    2.0    4.5   14.0   25.5    3.5    3.0    0.0    0.0    1.5    0.0    1.0    0.0    0.0    0.0    1.5    0.0    7.5
  586    0.0    0.0    0.0    0.0    0.0    0.0    1.0    4.0    8.5   14.0    4.0    2.0    0.0    0.0    1.0    0.0    0.0    0.0    0.0    0.0    0.0    0.0    3.0
  588    0.0    0.0    0.0    0.0    0.0    0.0    1.0    4.0    8.5   14.0    4.0    2.0    0.0    0.0    1.0    0.0    0.0    0.0    0.0    0.0    0.0    0.0    3.0
  590    0.0    0.0    5.5    0.0    0.0    0.0    2.5    3.0    9.5   14.5    0.5    4.0    0.0    0.0    0.0    0.0    0.0    0.0    0.0    0.0    0.0    1.5    4.0
  598    0.0    1.0    3.0    0.0    1.0    0.0    2.0    5.0    9.5   11.0    1.5    4.5    0.0    0.0    0.0    0.0    0.0    0.0    0.0    0.0    0.0    0.0    1.5
  601    0.0    0.0    1.5    0.0    0.0    0.0    0.0    0.0   17.5   26.5    3.5    2.5    1.5    0.0    0.5    0.0    2.5    0.0    0.0    0.0    0.0    1.5    9.5
  602    0.0    0.0    1.0    0.0    0.0    0.0    0.0    0.0   21.0   28.5    3.5    3.0    1.5    0.0    0.0    0.0    1.0    0.0    0.0    0.0    0.0    3.0   12.5
  603    0.0    0.0    1.0    0.0    0.0    0.0    0.0    0.0   21.0   28.5    3.5    3.0    1.5    0.0    0.0    0.0    1.0    0.0    0.0    0.0    0.0    3.0   12.5
  604    0.0    0.0    0.5    0.0    0.0    0.0    0.0    0.0   28.5   29.0    4.5    1.5    2.5    0.0    0.0    0.0    0.0    0.0    0.0    0.0    0.0    4.5   19.0
  605    0.0    0.0    0.0    0.0    0.0    0.0    0.0    0.0   30.0   26.0    4.5    1.0    2.0    0.0    0.0    0.0    1.0    0.0    0.0    0.0    0.0    9.5   18.5
  606    0.0    0.0    0.0    0.0    0.0    0.0    0.0    0.0   18.5   17.5    0.0    2.0    0.0    0.0    0.0    0.0    0.0    0.0    0.0    0.0    0.0    4.0    4.5
  610    0.0    0.0    0.0    0.0    0.0    0.0    0.0    0.0   19.5   17.0    0.0    0.5    0.0    0.0    0.0    0.0    0.0    0.0    0.0    0.0    0.0    3.5    9.0
  611    0.0    0.0    0.0    0.0    0.0    0.0    0.0    0.0   19.5   25.5    1.0    1.0    0.0    0.0    0.0    0.0    0.0    0.0    0.0    0.0    0.0    3.0   12.5
  612    0.0    0.0    0.5    0.0    0.0    0.0    0.0    0.0   27.0   28.5    1.5    0.5    0.0    0.0    0.0    0.0    0.0    0.0    0.0    0.0    0.0    4.5   16.5
  614    0.0    0.0    0.0    0.0    0.0    0.0    0.0    0.0   34.0   23.0    1.0    0.0    0.0    0.0    0.0    0.0    1.0    0.0    0.0    0.0    0.0   10.0   16.5
  615    0.0    0.0    0.5    0.0    0.0    0.0    0.0    0.0   27.0   28.5    1.5    0.5    0.0    0.0    0.0    0.0    0.0    0.0    0.0    0.0    0.0    4.5   16.5
  616    0.0    0.0    0.0    0.0    0.0    0.0    0.0    0.0   19.5   17.0    0.0    0.5    0.0    0.0    0.0    0.0    0.0    0.0    0.0    0.0    0.0    3.5    9.0
  617    0.0    0.0    0.0    0.0    0.0    0.0    0.0    0.0   19.5   25.5    1.0    1.0    0.0    0.0    0.0    0.0    0.0    0.0    0.0    0.0    0.0    3.0   12.5
  618    0.0    0.0    0.0    0.0    0.0    0.0    0.0    0.0   25.5   24.5    0.0    0.0    0.0    0.0    0.0    0.0    0.0    0.0    0.0    0.0    0.0    5.0   14.5
  619    0.0    0.0    0.5    0.0    0.0    0.0    0.0    0.0   17.0   28.0    2.5    1.5    0.0    0.0    0.0    0.0    0.0    0.0    0.0    0.0    0.0    2.0    8.0
  623    0.0    0.0    1.0    0.0    0.0    0.0    0.0    0.0   21.0   28.5    3.5    3.0    1.5    0.0    0.0    0.0    1.0    0.0    0.0    0.0    0.0    3.0   12.5
  624    0.0    0.0    1.0    0.0    0.0    0.0    0.0    0.0   21.0   28.5    3.5    3.0    1.5    0.0    0.0    0.0    1.0    0.0    0.0    0.0    0.0    3.0   12.5
  627    0.0    0.0    0.0    0.0    0.0    0.0    0.0    0.0   19.5   17.0    0.0    0.5    0.0    0.0    0.0    0.0    0.0    0.0    0.0    0.0    0.0    3.5    9.0
  628    0.0    0.0    0.0    0.0    0.0    0.0    0.0    0.0   19.5   17.0    0.0    0.5    0.0    0.0    0.0    0.0    0.0    0.0    0.0    0.0    0.0    3.5    9.0
  630    0.0    0.0    0.5    0.0    0.0    0.0    0.0    0.0   17.0   28.0    2.5    1.5    0.0    0.0    0.0    0.0    0.0    0.0    0.0    0.0    0.0    2.0    8.0
  634    0.0    0.0    0.0    0.0    0.0    0.0    0.0    0.0   19.5   25.5    1.0    1.0    0.0    0.0    0.0    0.0    0.0    0.0    0.0    0.0    0.0    3.0   12.5
  635    0.0    0.0    0.5    0.0    0.0    0.0    0.0    0.0   31.5   24.0    2.0    0.0    0.0    0.0    0.0    0.0    0.0    0.0    0.0    0.0    0.0    9.5   19.5
  636    0.0    0.0    0.5    0.0    0.0    0.0    0.0    0.0   27.0   28.5    1.5    0.5    0.0    0.0    0.0    0.0    0.0    0.0    0.0    0.0    0.0    4.5   16.5
  642    0.0    0.0    0.5    0.0    0.0    0.0    0.0    0.0   27.0   28.5    1.5    0.5    0.0    0.0    0.0    0.0    0.0    0.0    0.0    0.0    0.0    4.5   16.5
  652    0.0    1.0    3.0    0.0    1.0    0.0    2.0    5.0    9.5   11.0    1.5    4.5    0.0    0.0    0.0    0.0    0.0    0.0    0.0    0.0    0.0    0.0    1.5
   96    0.0    0.0    0.0    0.0    0.0    0.0    0.0    1.0    7.0   35.0   10.0    1.5    3.5    0.0    0.0    0.0    0.0    0.0    0.0    0.0    0.0    0.0    5.5
  661    0.0    2.0    1.5    0.5    0.0    0.0    0.0    1.0    2.5   15.5   12.0    3.0    0.0    0.0    1.5    0.0    1.0    0.0    0.0    0.0    0.0    2.0    3.0
  670    0.0    0.0    1.5    0.0    0.0    0.0    0.0    1.0    8.5   29.5   10.0    7.0    0.0    0.0    0.0    0.0    0.0    0.0    0.0    0.0    0.0    3.5    6.5
  671    0.0    0.0    1.5    0.0    0.0    0.0    0.0    1.0    8.5   29.5   10.0    7.0    0.0    0.0    0.0    0.0    0.0    0.0    0.0    0.0    0.0    3.5    6.5
  699    0.0    3.0    2.5    0.0    0.0    0.0    0.0    0.5   84.5   16.0    0.5    0.0    0.0    0.0    0.0    0.0    0.0    0.0    0.0    0.0    0.0   13.5   18.0
  701    0.0    0.0    0.0    0.0    0.0    0.0    0.0    0.0   30.0   26.0    4.5    1.0    2.0    0.0    0.0    0.0    1.0    0.0    0.0    0.0    0.0    9.5   18.5
  702    0.0    0.0    0.5    0.0    0.0    0.0    0.0    0.0   31.5   24.0    2.0    0.0    0.0    0.0    0.0    0.0    0.0    0.0    0.0    0.0    0.0    9.5   19.5
  703    0.0    0.5    0.0    0.0    0.0    0.0    0.0    0.0   39.0   22.0    2.5    0.0    0.0    0.0    0.0    0.0    1.5    0.0    4.0    0.0    0.0   10.5   24.5
  704    0.0    0.0    0.0    0.0    0.0    0.0    0.0    0.0   39.5   18.5    1.0    0.0    0.0    0.0    0.0    0.0    0.0    0.0    0.0    0.0    0.0   10.0   16.5
  706    0.0    2.5    0.0    0.0    0.0    0.0    0.0    0.0   57.0   15.5    1.5    0.0    0.0    0.0    0.0    0.0    0.0    0.0    0.0    0.0    0.0    9.0   22.5
  709    0.0    1.5    0.0    0.0    0.0    0.0    0.0    0.0   58.5   14.0    1.0    0.0    0.0    0.0    0.0    0.0    2.0    0.0    2.5    0.0    0.0    9.0   27.5
  710    0.0    3.0    2.5    0.0    0.0    0.0    0.0    0.5   84.5   16.0    0.5    0.0    0.0    0.0    0.0    0.0    0.0    0.0    0.0    0.0    0.0   13.5   18.0
  711    0.0    2.5    0.0    0.0    0.0    0.0    0.0    0.5   81.0   13.5    1.0    0.0    0.0    0.0    0.0    0.0    0.0    0.0    0.0    0.0    0.0   13.0   25.5
  712    0.0    2.0    0.0    0.0    0.0    0.0    0.0    0.0   83.5   14.5    0.0    0.0    0.0    0.0    0.0    0.0    1.5    0.0    0.0    0.0    0.0   10.5   31.5
  713    0.0    2.0    0.0    0.0    0.0    0.0    0.0    0.0   83.5   14.5    0.0    0.0    0.0    0.0    0.0    0.0    1.5    0.0    0.0    0.0    0.0   10.5   31.5
  727    1.5   19.0    0.0    0.0    0.0    0.0    0.0   27.0   52.5   16.5    0.0    0.0    0.0    0.0    0.0    0.0    0.0    0.0    0.0    0.0    4.5   22.0    4.0
  730    0.0    2.0    0.0    0.0    0.0    0.0    0.0    0.0   58.0   18.0    1.0    0.0    0.0    0.0    0.0    0.0    0.0    0.0    0.0    0.0    0.0    9.0   18.5
  731    0.0    3.0    2.5    0.0    0.0    0.0    0.0    0.5   84.5   16.0    0.5    0.0    0.0    0.0    0.0    0.0    0.0    0.0    0.0    0.0    0.0   13.5   18.0
  732    0.0    2.5    0.0    0.0    0.0    0.0    0.0    0.5   81.0   13.5    1.0    0.0    0.0    0.0    0.0    0.0    0.0    0.0    0.0    0.0    0.0   13.0   25.5
  733    0.0    0.0    0.5    0.0    0.0    0.0    0.0    0.0   31.5   24.0    2.0    0.0    0.0    0.0    0.0    0.0    0.0    0.0    0.0    0.0    0.0    9.5   19.5
  734    0.0    0.0    0.5    0.0    0.0    0.0    0.0    0.0   31.5   24.0    2.0    0.0    0.0    0.0    0.0    0.0    0.0    0.0    0.0    0.0    0.0    9.5   19.5
  736    0.0    0.0    0.0    0.0    0.0    0.0    0.0    0.0   34.0   23.0    1.0    0.0    0.0    0.0    0.0    0.0    1.0    0.0    0.0    0.0    0.0   10.0   16.5
  737    0.0    1.0    0.5    0.0    0.0    0.0    0.0    0.0   39.0   20.0    2.0    0.0    0.0    0.0    0.0    0.0    0.0    0.0    0.0    0.0    0.0    9.0   20.0
  738    0.0    0.0    0.0    0.0    0.0    0.0    0.0    0.0   39.5   18.5    1.0    0.0    0.0    0.0    0.0    0.0    0.0    0.0    0.0    0.0    0.0   10.0   16.5
  741    0.0    2.5    0.0    0.0    0.0    0.0    0.0    0.5   81.0   13.5    1.0    0.0    0.0    0.0    0.0    0.0    0.0    0.0    0.0    0.0    0.0   13.0   25.5
  745    0.0    3.0    2.5    0.0    0.0    0.0    0.0    0.5   84.5   16.0    0.5    0.0    0.0    0.0    0.0    0.0    0.0    0.0    0.0    0.0    0.0   13.5   18.0
  748    0.0    2.5    0.0    0.0    0.0    0.0    0.0    0.5   81.0   13.5    1.0    0.0    0.0    0.0    0.0    0.0    0.0    0.0    0.0    0.0    0.0   13.0   25.5
  751    1.5   19.0    0.0    0.0    0.0    0.0    0.0   27.0   52.5   16.5    0.0    0.0    0.0    0.0    0.0    0.0    0.0    0.0    0.0    0.0    4.5   22.0    4.0
  752    1.5   19.0    0.0    0.0    0.0    0.0    0.0   27.0   52.5   16.5    0.0    0.0    0.0    0.0    0.0    0.0    0.0    0.0    0.0    0.0    4.5   22.0    4.0
  754    0.0    3.0    2.5    0.0    0.0    0.0    0.0    0.5   84.5   16.0    0.5    0.0    0.0    0.0    0.0    0.0    0.0    0.0    0.0    0.0    0.0   13.5   18.0
  757    0.0    0.0    0.0    0.0    0.0    0.0    0.0    0.0   30.0   26.0    4.5    1.0    2.0    0.0    0.0    0.0    1.0    0.0    0.0    0.0    0.0    9.5   18.5
  762    0.0    1.0    0.5    0.0    0.0    0.0    0.0    0.0   39.0   20.0    2.0    0.0    0.0    0.0    0.0    0.0    0.0    0.0    0.0    0.0    0.0    9.0   20.0
  767    0.0    4.0    0.0    0.0    0.0    0.0    0.0    2.0   95.0   12.5    0.0    0.0    0.0    0.0    0.0    0.0    0.0    0.0    0.0    0.0    0.0   19.0   25.0
  768    0.0    2.5    0.0    0.0    0.0    0.0    0.0    0.0   57.0   15.5    1.5    0.0    0.0    0.0    0.0    0.0    0.0    0.0    0.0    0.0    0.0    9.0   22.5
  769    0.0    2.0    0.0    0.0    0.0    0.0    0.0    0.0   58.0   18.0    1.0    0.0    0.0    0.0    0.0    0.0    0.0    0.0    0.0    0.0    0.0    9.0   18.5
  771    0.0    3.0    0.0    0.0    0.0    0.0    0.0    0.0   89.0   16.0    0.0    0.0    0.0    0.0    0.0    0.0    0.5    0.0    0.0    0.0    0.5   17.0   13.5
  775    0.0    2.0    0.0    0.0    0.0    0.0    0.0    0.0   58.0   18.0    1.0    0.0    0.0    0.0    0.0    0.0    0.0    0.0    0.0    0.0    0.0    9.0   18.5
  779    3.5   24.5    0.0    0.0    0.0    0.0    0.0   23.5   52.5   16.0    0.0    0.0    0.0    0.0    0.0    0.0    0.0    0.0    0.0    0.0    7.0   21.5    4.0
  780    1.5   19.0    0.0    0.0    0.0    0.0    0.0   27.0   52.5   16.5    0.0    0.0    0.0    0.0    0.0    0.0    0.0    0.0    0.0    0.0    4.5   22.0    4.0
  789    0.0    3.0    2.5    0.0    0.0    0.0    0.0    0.5   84.5   16.0    0.5    0.0    0.0    0.0    0.0    0.0    0.0    0.0    0.0    0.0    0.0   13.5   18.0
  801    0.0    0.5    0.0    0.0    0.0    0.0    0.0    0.0   20.0   40.0    6.5    1.5    0.0    0.0    2.0    0.0    2.5    1.0    2.0    0.0    0.0    1.0   15.5
  803    0.0    0.0    0.0    0.0    0.0    0.0    0.0    0.0   23.0   33.0    5.0    1.0    0.0    0.0    1.5    0.0    2.5    0.0    0.5    0.0    0.0    4.0   23.0
  804    0.0    0.0    0.0    0.0    0.0    0.0    0.0    0.0   19.0   37.5    4.5    1.5    0.0    0.0    3.0    0.0    3.5    0.5    1.5    0.0    0.0    2.5   24.5
  810    0.0    0.0    0.0    0.0    0.0    0.0    0.0    0.0   29.5   27.0    5.0    1.5    1.5    0.0    0.0    0.0    2.5    0.0    0.5    0.0    0.0    8.5   22.5
  811    0.0    0.0    0.0    0.0    0.0    0.0    1.0    0.0   26.0   35.0    4.5    1.0    0.0    0.0    1.0    0.0    4.5    0.0    2.5    0.0    0.0    6.5   20.5
  812    0.0    0.0    0.0    0.0    0.0    0.0    0.0    0.0   40.0   21.0    2.5    0.5    0.5    0.0    0.0    0.0    4.0    0.0    3.0    0.0    0.0   13.0   27.0
  813    0.0    0.0    0.0    0.0    0.0    0.0    0.0    0.0   42.0   28.5    3.0    1.0    0.0    0.0    1.0    0.0    6.0    0.0    1.5    0.0    0.0   14.0   25.0
  815    0.0    0.0    0.5    0.0    0.0    0.0    0.0    0.0   21.5   28.0    4.5    2.0    1.0    0.0    0.0    0.0    1.5    0.0    0.0    0.0    0.0    3.0   13.5
  822    0.0    0.0    0.0    0.0    0.0    0.0    0.0    0.0   29.5   27.0    5.0    1.5    1.5    0.0    0.0    0.0    2.5    0.0    0.5    0.0    0.0    8.5   22.5
  823    0.0    0.0    0.0    0.0    0.0    0.0    0.0    0.0   23.0   33.0    5.0    1.0    0.0    0.0    1.5    0.0    2.5    0.0    0.5    0.0    0.0    4.0   23.0
  825    0.0    0.0    0.0    0.0    0.0    0.0    0.0    0.0   29.5   27.0    5.0    1.5    1.5    0.0    0.0    0.0    2.5    0.0    0.5    0.0    0.0    8.5   22.5
  827    0.0    0.0    0.0    0.0    0.0    0.0    0.0    0.0   28.5   34.0    5.0    1.0    0.0    0.0    0.0    0.0    4.0    0.0    1.5    0.0    0.0    7.5   22.5
  828    0.0    0.0    0.0    0.0    0.0    0.0    0.0    0.0   40.0   21.0    2.5    0.5    0.5    0.0    0.0    0.0    4.0    0.0    3.0    0.0    0.0   13.0   27.0
  832    0.0    0.0    0.0    0.0    0.0    0.0    0.0    0.0   27.5   30.5    5.0    1.5    2.0    0.0    0.0    0.0    1.0    0.0    0.0    0.0    0.0    4.5   22.5
  834    0.0    0.0    0.5    0.0    0.0    0.0    0.0    0.0   28.5   29.0    4.5    1.5    2.5    0.0    0.0    0.0    0.0    0.0    0.0    0.0    0.0    4.5   19.0
  836    0.0    0.0    0.0    0.0    0.0    0.0    0.0    0.0   23.0   33.0    5.0    1.0    0.0    0.0    1.5    0.0    2.5    0.0    0.5    0.0    0.0    4.0   23.0
  844    0.0    0.0    0.0    0.0    0.0    0.0    0.0    0.0   19.0   37.5    4.5    1.5    0.0    0.0    3.0    0.0    3.5    0.5    1.5    0.0    0.0    2.5   24.5
  850    0.0    0.0    0.0    0.0    0.0    0.0    0.0    0.0   39.5   27.0    3.0    0.5    0.0    0.0    0.0    0.0    5.5    1.0    3.5    0.0    0.0   12.5   22.0
  876    0.0    1.0    1.5    1.0    0.0    0.0    2.0    8.0   20.0   48.5   10.0   12.5    0.0    0.0    0.0    0.0    0.0    0.0    0.0    0.0    0.0    2.0   24.5
  877    0.0    2.0    7.0    0.0    0.0    0.0    2.0    3.5   11.0   18.0    2.5    2.0    0.0    0.0    0.0    0.0    0.0    0.0    0.0    0.0    0.0    0.5    5.0
  887    0.0    0.0    0.5    0.0    0.0    0.0    0.0    0.0   27.0   28.5    1.5    0.5    0.0    0.0    0.0    0.0    0.0    0.0    0.0    0.0    0.0    4.5   16.5
  900    0.0    0.0    0.0    0.0    0.0    0.0    0.0    0.0   39.5   27.0    3.0    0.5    0.0    0.0    0.0    0.0    5.5    1.0    3.5    0.0    0.0   12.5   22.0
  901    0.0    0.0    0.0    0.0    0.0    0.0    0.0    0.0   39.5   27.0    3.0    0.5    0.0    0.0    0.0    0.0    5.5    1.0    3.5    0.0    0.0   12.5   22.0
  907    0.0    1.0    0.0    0.0    0.0    0.0    0.0    0.0   76.5   17.0    0.0    0.0    0.0    0.0    0.0    0.0    1.5    0.0    0.0    0.0    0.0    9.0   33.5
  908    0.0    0.0    0.0    0.0    0.0    0.0    0.0    0.0   56.5   19.5    1.5    0.0    0.0    0.0    0.0    0.0    1.0    0.5    0.0    0.0    0.0   12.0   29.5
  909    0.0    0.0    0.0    0.0    0.0    0.0    0.0    0.0   68.5   17.5    0.5    0.0    0.0    0.0    0.0    0.0    0.0    0.0    0.0    0.0    0.0    8.5   33.0
  912    0.0    0.5    0.0    0.0    0.0    0.0    0.0    0.0   39.0   22.0    2.5    0.0    0.0    0.0    0.0    0.0    1.5    0.0    4.0    0.0    0.0   10.5   24.5
  915    0.0    0.5    0.0    0.0    0.0    0.0    0.0    0.0   57.5   15.0    0.5    0.0    0.0    0.0    1.0    0.5    5.5    0.0    1.5    0.0    0.0   10.5   30.5
  917    0.0    1.0    0.0    0.0    0.0    0.0    0.0    0.0   76.5   17.0    0.0    0.0    0.0    0.0    0.0    0.0    1.5    0.0    0.0    0.0    0.0    9.0   33.5
  918    0.0    1.0    0.0    0.0    0.0    0.0    0.0    0.0   76.5   17.0    0.0    0.0    0.0    0.0    0.0    0.0    1.5    0.0    0.0    0.0    0.0    9.0   33.5
  919    0.0    0.0    0.0    0.0    0.0    0.0    0.0    0.0   40.0   21.0    2.5    0.5    0.5    0.0    0.0    0.0    4.0    0.0    3.0    0.0    0.0   13.0   27.0
  920    0.0    0.5    0.0    0.0    0.0    0.0    0.0    0.0   57.5   15.0    0.5    0.0    0.0    0.0    1.0    0.5    5.5    0.0    1.5    0.0    0.0   10.5   30.5
  923    0.0    0.0    0.0    0.0    0.0    0.0    0.0    0.0   52.0   20.5    1.5    0.5    1.0    0.0    0.0    0.0    0.0    0.0    0.0    0.0    0.0   11.0   28.0
  932    0.0    1.5    0.0    0.0    0.0    0.0    0.0    0.0   58.5   14.0    1.0    0.0    0.0    0.0    0.0    0.0    2.0    0.0    2.5    0.0    0.0    9.0   27.5
  936    0.0    0.5    0.0    0.0    0.0    0.0    0.0    0.0   57.5   15.0    0.5    0.0    0.0    0.0    1.0    0.5    5.5    0.0    1.5    0.0    0.0   10.5   30.5
  940    0.0    0.0    0.0    0.0    0.0    0.0    0.0    0.0   56.5   19.5    1.5    0.0    0.0    0.0    0.0    0.0    1.0    0.5    0.0    0.0    0.0   12.0   29.5
  946    0.0    0.5    0.0    0.0    0.0    0.0    0.0    0.0   39.0   22.0    2.5    0.0    0.0    0.0    0.0    0.0    1.5    0.0    4.0    0.0    0.0   10.5   24.5
  790    0.0    3.0    0.0    0.0    0.0    0.0    0.0    2.0   93.5   13.0    0.0    0.0    0.0    0.0    0.0    0.0    0.0    0.0    0.0    0.0    0.0   17.5   29.0
10111    0.0    0.0    5.5    0.0    0.0    0.0    2.5    3.0    9.5   14.5    0.5    4.0    0.0    0.0    0.0    0.0    0.0    0.0    0.0    0.0    0.0    1.5    4.0
10112    0.0    0.0    5.5    0.0    0.0    0.0    2.5    3.0    9.5   14.5    0.5    4.0    0.0    0.0    0.0    0.0    0.0    0.0    0.0    0.0    0.0    1.5    4.0
10121    3.0    1.0    1.0    0.0    5.0    0.0    0.0    1.0    8.5   23.5    8.5    3.0    0.5    0.0    4.0    0.0    3.5    0.0    0.5    0.0    0.0    1.0    3.5
10122    3.0    1.0    1.0    0.0    5.0    0.0    0.0    1.0    8.5   23.5    8.5    3.0    0.5    0.0    4.0    0.0    3.5    0.0    0.5    0.0    0.0    1.0    3.5
10131    0.0    0.0    1.0    0.0    0.0    0.0    1.0    3.0   11.5   36.0   12.0    5.5    0.0    0.0    1.0    0.0    1.5    0.0    0.0    0.0    0.0    1.0    8.5
10132    0.0    0.0    1.0    0.0    0.0    0.0    1.0    3.0   11.5   36.0   12.0    5.5    0.0    0.0    1.0    0.0    1.5    0.0    0.0    0.0    0.0    1.0    8.5
10141    0.5    0.0    4.5    0.0    0.0    0.0    2.0    4.5   14.0   25.5    3.5    3.0    0.0    0.0    1.5    0.0    1.0    0.0    0.0    0.0    1.5    0.0    7.5
10142    0.5    0.0    4.5    0.0    0.0    0.0    2.0    4.5   14.0   25.5    3.5    3.0    0.0    0.0    1.5    0.0    1.0    0.0    0.0    0.0    1.5    0.0    7.5
10151    0.0    0.0    0.5    0.0    0.0    0.0    0.0    0.0   27.0   28.5    1.5    0.5    0.0    0.0    0.0    0.0    0.0    0.0    0.0    0.0    0.0    4.5   16.5
10152    0.0    0.0    0.5    0.0    0.0    0.0    0.0    0.0   27.0   28.5    1.5    0.5    0.0    0.0    0.0    0.0    0.0    0.0    0.0    0.0    0.0    4.5   16.5
10161    0.0    0.0    0.5    0.0    0.0    0.0    0.0    0.0   28.5   29.0    4.5    1.5    2.5    0.0    0.0    0.0    0.0    0.0    0.0    0.0    0.0    4.5   19.0
10162    0.0    0.0    0.5    0.0    0.0    0.0    0.0    0.0   28.5   29.0    4.5    1.5    2.5    0.0    0.0    0.0    0.0    0.0    0.0    0.0    0.0    4.5   19.0
10171    0.0    0.0    0.5    0.0    0.0    0.0    0.0    0.0   21.5   28.0    4.5    2.0    1.0    0.0    0.0    0.0    1.5    0.0    0.0    0.0    0.0    3.0   13.5
10172    0.0    0.0    0.5    0.0    0.0    0.0    0.0    0.0   21.5   28.0    4.5    2.0    1.0    0.0    0.0    0.0    1.5    0.0    0.0    0.0    0.0    3.0   13.5
10181    0.0    3.0    2.5    0.0    0.0    0.0    0.0    0.5   84.5   16.0    0.5    0.0    0.0    0.0    0.0    0.0    0.0    0.0    0.0    0.0    0.0   13.5   18.0
10182    0.0    3.0    2.5    0.0    0.0    0.0    0.0    0.5   84.5   16.0    0.5    0.0    0.0    0.0    0.0    0.0    0.0    0.0    0.0    0.0    0.0   13.5   18.0
10192    0.0    1.5    0.0    0.0    0.0    0.0    0.0    0.0   58.5   14.0    1.0    0.0    0.0    0.0    0.0    0.0    2.0    0.0    2.5    0.0    0.0    9.0   27.5
10201    0.0    1.0    0.5    0.0    0.0    0.0    0.0    0.0   39.0   20.0    2.0    0.0    0.0    0.0    0.0    0.0    0.0    0.0    0.0    0.0    0.0    9.0   20.0
10202    0.0    1.0    0.5    0.0    0.0    0.0    0.0    0.0   39.0   20.0    2.0    0.0    0.0    0.0    0.0    0.0    0.0    0.0    0.0    0.0    0.0    9.0   20.0
10211    0.0    0.0    0.0    0.0    0.0    0.0    0.0    0.0   30.0   26.0    4.5    1.0    2.0    0.0    0.0    0.0    1.0    0.0    0.0    0.0    0.0    9.5   18.5
10212    0.0    0.5    0.0    0.0    0.0    0.0    0.0    0.0   39.0   22.0    2.5    0.0    0.0    0.0    0.0    0.0    1.5    0.0    4.0    0.0    0.0   10.5   24.5
10221    0.0    0.0    0.0    0.0    0.0    0.0    0.0    0.0   19.0   37.5    4.5    1.5    0.0    0.0    3.0    0.0    3.5    0.5    1.5    0.0    0.0    2.5   24.5
10222    0.0    0.0    0.0    0.0    0.0    0.0    0.0    0.0   19.0   37.5    4.5    1.5    0.0    0.0    3.0    0.0    3.5    0.5    1.5    0.0    0.0    2.5   24.5
10231    0.0    1.5    0.0    0.0    0.0    0.0    0.0    0.0   58.5   14.0    1.0    0.0    0.0    0.0    0.0    0.0    2.0    0.0    2.5    0.0    0.0    9.0   27.5
10232    0.0    1.5    0.0    0.0    0.0    0.0    0.0    0.0   58.5   14.0    1.0    0.0    0.0    0.0    0.0    0.0    2.0    0.0    2.5    0.0    0.0    9.0   27.5
10241    0.0    0.0    0.5    0.0    0.0    0.0    0.0    0.0   21.5   28.0    4.5    2.0    1.0    0.0    0.0    0.0    1.5    0.0    0.0    0.0    0.0    3.0   13.5
10242    0.0    0.0    1.5    0.0    0.0    0.0    0.0    0.0   17.5   26.5    3.5    2.5    1.5    0.0    0.5    0.0    2.5    0.0    0.0    0.0    0.0    1.5    9.5
10251    0.0    0.0    0.0    0.0    0.0    0.0    0.0    0.0   29.5   27.0    5.0    1.5    1.5    0.0    0.0    0.0    2.5    0.0    0.5    0.0    0.0    8.5   22.5
10252    0.0    0.0    0.0    0.0    0.0    0.0    0.0    0.0   40.0   21.0    2.5    0.5    0.5    0.0    0.0    0.0    4.0    0.0    3.0    0.0    0.0   13.0   27.0
10261    1.5   19.0    0.0    0.0    0.0    0.0    0.0   27.0   52.5   16.5    0.0    0.0    0.0    0.0    0.0    0.0    0.0    0.0    0.0    0.0    4.5   22.0    4.0
10262    1.5   19.0    0.0    0.0    0.0    0.0    0.0   27.0   52.5   16.5    0.0    0.0    0.0    0.0    0.0    0.0    0.0    0.0    0.0    0.0    4.5   22.0    4.0
10272    1.5   19.0    0.0    0.0    0.0    0.0    0.0   27.0   52.5   16.5    0.0    0.0    0.0    0.0    0.0    0.0    0.0    0.0    0.0    0.0    4.5   22.0    4.0
10281    0.0    2.5    0.0    0.0    0.0    0.0    0.0    0.0   57.0   15.5    1.5    0.0    0.0    0.0    0.0    0.0    0.0    0.0    0.0    0.0    0.0    9.0   22.5
10282    0.0    2.5    0.0    0.0    0.0    0.0    0.0    0.0   57.0   15.5    1.5    0.0    0.0    0.0    0.0    0.0    0.0    0.0    0.0    0.0    0.0    9.0   22.5
20111    0.0    0.0    0.0    0.0    0.0    0.0    1.0    4.0    8.5   14.0    4.0    2.0    0.0    0.0    1.0    0.0    0.0    0.0    0.0    0.0    0.0    0.0    3.0
20121    0.0    0.0    5.5    0.0    0.0    0.0    2.5    3.0    9.5   14.5    0.5    4.0    0.0    0.0    0.0    0.0    0.0    0.0    0.0    0.0    0.0    1.5    4.0
20131    0.0    0.0    5.5    0.0    0.0    0.0    2.5    3.0    9.5   14.5    0.5    4.0    0.0    0.0    0.0    0.0    0.0    0.0    0.0    0.0    0.0    1.5    4.0
20141    0.0    3.5    0.0    0.0    0.0    0.0    0.0    0.0   19.0   32.5    5.0    2.5    0.0    0.0    3.5    0.0    1.0    0.0    1.0    0.0    0.0    1.0   12.0
20151    0.0    0.0    0.5    0.0    0.0    0.0    0.0    0.0   27.0   28.5    1.5    0.5    0.0    0.0    0.0    0.0    0.0    0.0    0.0    0.0    0.0    4.5   16.5
20161    0.0    0.0    0.5    0.0    0.0    0.0    0.0    0.0   31.5   24.0    2.0    0.0    0.0    0.0    0.0    0.0    0.0    0.0    0.0    0.0    0.0    9.5   19.5
20171    0.0    0.5    0.0    0.0    0.0    0.0    0.0    0.0   39.0   22.0    2.5    0.0    0.0    0.0    0.0    0.0    1.5    0.0    4.0    0.0    0.0   10.5   24.5
20181    0.0    1.0    0.5    0.0    0.0    0.0    0.0    0.0   39.0   20.0    2.0    0.0    0.0    0.0    0.0    0.0    0.0    0.0    0.0    0.0    0.0    9.0   20.0
20191    0.0    0.0    0.0    0.0    0.0    0.0    0.0    0.0   39.5   18.5    1.0    0.0    0.0    0.0    0.0    0.0    0.0    0.0    0.0    0.0    0.0   10.0   16.5
20201    0.0    2.5    0.0    0.0    0.0    0.0    0.0    0.0   57.0   15.5    1.5    0.0    0.0    0.0    0.0    0.0    0.0    0.0    0.0    0.0    0.0    9.0   22.5
20211    0.0    2.5    0.0    0.0    0.0    0.0    0.0    0.5   81.0   13.5    1.0    0.0    0.0    0.0    0.0    0.0    0.0    0.0    0.0    0.0    0.0   13.0   25.5
20221    0.0    3.0    0.0    0.0    0.0    0.0    0.0    2.0   93.5   13.0    0.0    0.0    0.0    0.0    0.0    0.0    0.0    0.0    0.0    0.0    0.0   17.5   29.0
20231    0.0    4.0    0.0    0.0    0.0    0.0    0.0    2.5  100.5   16.5    0.0    0.0    0.0    0.0    0.0    0.0    0.0    0.0    0.0    0.0    0.5   18.5   21.0
20241    0.0    4.0    0.0    0.0    0.0    0.0    0.0    2.5  100.5   16.5    0.0    0.0    0.0    0.0    0.0    0.0    0.0    0.0    0.0    0.0    0.5   18.5   21.0
20251    0.0    0.0    0.0    0.0    0.0    0.0    0.0    0.0   42.0   28.5    3.0    1.0    0.0    0.0    1.0    0.0    6.0    0.0    1.5    0.0    0.0   14.0   25.0
20261    0.0    0.0    0.0    0.0    0.0    0.0    0.0    0.0   21.0   32.0    5.0    1.5    0.0    0.0    1.0    0.0    1.5    0.0    0.0    0.0    0.0    2.0   13.5
20271    0.0    0.0    0.0    0.0    0.0    0.0    0.0    0.0   29.5   27.0    5.0    1.5    1.5    0.0    0.0    0.0    2.5    0.0    0.5    0.0    0.0    8.5   22.5
20281    0.0    0.0    0.0    0.0    0.0    0.0    0.0    0.0   29.5   27.0    5.0    1.5    1.5    0.0    0.0    0.0    2.5    0.0    0.5    0.0    0.0    8.5   22.5
20291    0.0    0.0    0.0    0.0    0.0    0.0    0.0    0.0   28.5   34.0    5.0    1.0    0.0    0.0    0.0    0.0    4.0    0.0    1.5    0.0    0.0    7.5   22.5
20301    0.0    0.5    0.0    0.0    0.0    0.0    0.0    0.0   57.5   15.0    0.5    0.0    0.0    0.0    1.0    0.5    5.5    0.0    1.5    0.0    0.0   10.5   30.5
30111    0.0    0.0    5.5    0.0    0.0    0.0    2.5    3.0    9.5   14.5    0.5    4.0    0.0    0.0    0.0    0.0    0.0    0.0    0.0    0.0    0.0    1.5    4.0
30121    0.0    0.0    0.0    0.0    0.0    0.0    1.0    4.0    8.5   14.0    4.0    2.0    0.0    0.0    1.0    0.0    0.0    0.0    0.0    0.0    0.0    0.0    3.0
30131    1.5    0.0    0.0    0.0    1.0    0.0    0.0    3.5    9.0   24.5    5.5    3.5    0.0    0.0    4.5    0.0    1.5    0.0    0.0    0.0    4.0    0.0    5.0
30141    0.0    0.5    0.0    0.0    0.0    0.0    0.0    0.0   39.0   22.0    2.5    0.0    0.0    0.0    0.0    0.0    1.5    0.0    4.0    0.0    0.0   10.5   24.5
30151    0.0    2.5    0.0    0.0    0.0    0.0    0.0    0.0   57.0   15.5    1.5    0.0    0.0    0.0    0.0    0.0    0.0    0.0    0.0    0.0    0.0    9.0   22.5
30161    0.0    0.0    0.0    0.0    0.0    0.0    0.0    0.0   40.0   21.0    2.5    0.5    0.5    0.0    0.0    0.0    4.0    0.0    3.0    0.0    0.0   13.0   27.0
30171    0.0    0.0    0.0    0.0    0.0    0.0    0.0    0.0   42.0   28.5    3.0    1.0    0.0    0.0    1.0    0.0    6.0    0.0    1.5    0.0    0.0   14.0   25.0
30181    0.0    0.0    0.0    0.0    0.0    0.0    0.0    0.0   42.0   28.5    3.0    1.0    0.0    0.0    1.0    0.0    6.0    0.0    1.5    0.0    0.0   14.0   25.0
30191    0.0    0.0    0.0    0.0    0.0    0.0    0.0    0.0   42.0   28.5    3.0    1.0    0.0    0.0    1.0    0.0    6.0    0.0    1.5    0.0    0.0   14.0   25.0
30201    0.0    0.5    0.0    0.0    0.0    0.0    0.0    0.0   39.0   22.0    2.5    0.0    0.0    0.0    0.0    0.0    1.5    0.0    4.0    0.0    0.0   10.5   24.5
30211    0.0    0.0    0.0    0.0    0.0    0.0    0.0    0.0   40.0   21.0    2.5    0.5    0.5    0.0    0.0    0.0    4.0    0.0    3.0    0.0    0.0   13.0   27.0
30221    0.0    1.5    0.0    0.0    0.0    0.0    0.0    0.0   58.5   14.0    1.0    0.0    0.0    0.0    0.0    0.0    2.0    0.0    2.5    0.0    0.0    9.0   27.5
30231    0.0    0.5    0.0    0.0    0.0    0.0    0.0    0.0   57.5   15.0    0.5    0.0    0.0    0.0    1.0    0.5    5.5    0.0    1.5    0.0    0.0   10.5   30.5
30241    0.0    1.5    0.0    0.0    0.0    0.0    0.0    0.0   58.5   14.0    1.0    0.0    0.0    0.0    0.0    0.0    2.0    0.0    2.5    0.0    0.0    9.0   27.5
30251    0.0    2.0    0.0    0.0    0.0    0.0    0.0    0.0   83.5   14.5    0.0    0.0    0.0    0.0    0.0    0.0    1.5    0.0    0.0    0.0    0.0   10.5   31.5
40111    0.0    1.0    3.0    0.0    1.0    0.0    2.0    5.0    9.5   11.0    1.5    4.5    0.0    0.0    0.0    0.0    0.0    0.0    0.0    0.0    0.0    0.0    1.5
40121    0.0    1.0    3.0    0.0    1.0    0.0    2.0    5.0    9.5   11.0    1.5    4.5    0.0    0.0    0.0    0.0    0.0    0.0    0.0    0.0    0.0    0.0    1.5
40131    0.0    1.0    3.0    0.0    1.0    0.0    2.0    5.0    9.5   11.0    1.5    4.5    0.0    0.0    0.0    0.0    0.0    0.0    0.0    0.0    0.0    0.0    1.5
40141    0.0    2.0    7.0    0.0    0.0    0.0    2.0    3.5   11.0   18.0    2.5    2.0    0.0    0.0    0.0    0.0    0.0    0.0    0.0    0.0    0.0    0.5    5.0
40151    0.0    0.0    5.5    0.0    0.0    0.0    2.5    3.0    9.5   14.5    0.5    4.0    0.0    0.0    0.0    0.0    0.0    0.0    0.0    0.0    0.0    1.5    4.0
40161    0.0    0.0    1.5    0.0    0.0    0.0    3.0    2.5    9.5   13.5    0.0    3.5    0.0    0.0    0.0    0.0    0.0    0.0    0.0    0.0    0.0    6.0    2.5
40171    0.0    0.0    0.0    0.0    0.5    0.0    0.0    0.0    6.0   12.5    6.5    2.0    1.5    0.0    3.5    0.0    1.0    0.0    0.0    0.0    0.0    0.0    1.0
40181    0.0    0.0    0.0    0.0    0.0    0.0    1.0    4.0    8.5   14.0    4.0    2.0    0.0    0.0    1.0    0.0    0.0    0.0    0.0    0.0    0.0    0.0    3.0
40191    0.0    0.0    0.0    0.0    0.0    0.0    1.0    4.0    8.5   14.0    4.0    2.0    0.0    0.0    1.0    0.0    0.0    0.0    0.0    0.0    0.0    0.0    3.0
40201    0.5    0.0    4.5    0.0    0.0    0.0    2.0    4.5   14.0   25.5    3.5    3.0    0.0    0.0    1.5    0.0    1.0    0.0    0.0    0.0    1.5    0.0    7.5
40211    0.0    0.0    1.0    0.0    2.5    0.0    2.0    6.0   18.0   35.5    7.5    4.5    0.0    0.0    3.5    0.0    3.5    0.0    1.0    0.0    0.0    0.0   15.0
40221    0.0    0.0    1.0    0.0    2.5    0.0    2.0    6.0   18.0   35.5    7.5    4.5    0.0    0.0    3.5    0.0    3.5    0.0    1.0    0.0    0.0    0.0   15.0
40231    0.0    0.0    1.0    0.0    2.5    0.0    2.0    6.0   18.0   35.5    7.5    4.5    0.0    0.0    3.5    0.0    3.5    0.0    1.0    0.0    0.0    0.0   15.0
40241    0.0    0.0    0.0    0.0    0.0    0.0    0.0    0.0   19.5   25.5    1.0    1.0    0.0    0.0    0.0    0.0    0.0    0.0    0.0    0.0    0.0    3.0   12.5
40251    0.0    0.0    0.0    0.0    0.0    0.0    0.0    0.0   30.0   26.0    4.5    1.0    2.0    0.0    0.0    0.0    1.0    0.0    0.0    0.0    0.0    9.5   18.5
40262    0.0    1.5    0.0    0.0    0.0    0.0    0.0    0.0   58.5   14.0    1.0    0.0    0.0    0.0    0.0    0.0    2.0    0.0    2.5    0.0    0.0    9.0   27.5
40271    0.0    1.5    0.0    0.0    0.0    0.0    0.0    0.0   58.5   14.0    1.0    0.0    0.0    0.0    0.0    0.0    2.0    0.0    2.5    0.0    0.0    9.0   27.5
40281    0.0    4.0    0.0    0.0    0.0    0.0    0.0    2.5  100.5   16.5    0.0    0.0    0.0    0.0    0.0    0.0    0.0    0.0    0.0    0.0    0.5   18.5   21.0
40291    0.0    0.0    0.0    0.0    0.0    0.0    0.0    2.5    8.5   36.0   10.0    1.0    2.0    0.0    0.0    0.0    0.0    0.0    0.0    0.0    0.0    0.0    7.0
40301    0.0    0.5    0.0    0.0    0.0    0.0    0.0    0.0   20.0   40.0    6.5    1.5    0.0    0.0    2.0    0.0    2.5    1.0    2.0    0.0    0.0    1.0   15.5
40311    0.0    0.0    0.0    0.0    0.0    0.0    0.0    0.0   39.5   27.0    3.0    0.5    0.0    0.0    0.0    0.0    5.5    1.0    3.5    0.0    0.0   12.5   22.0
40321    0.0    0.0    0.0    0.0    0.0    0.0    0.0    0.0   56.5   19.5    1.5    0.0    0.0    0.0    0.0    0.0    1.0    0.5    0.0    0.0    0.0   12.0   29.5
40331    0.0    1.5    0.0    0.0    0.0    0.0    0.0    0.0   58.5   14.0    1.0    0.0    0.0    0.0    0.0    0.0    2.0    0.0    2.5    0.0    0.0    9.0   27.5
40341    0.0    0.0    0.0    0.0    0.0    0.0    0.0    0.0   56.5   19.5    1.5    0.0    0.0    0.0    0.0    0.0    1.0    0.5    0.0    0.0    0.0   12.0   29.5
40351    0.0    0.0    0.0    0.0    0.0    0.0    0.0    0.0   52.0   20.5    1.5    0.5    1.0    0.0    0.0    0.0    0.0    0.0    0.0    0.0    0.0   11.0   28.0
40361    0.0    0.0    0.0    0.0    0.0    0.0    0.0    0.0   56.5   19.5    1.5    0.0    0.0    0.0    0.0    0.0    1.0    0.5    0.0    0.0    0.0   12.0   29.5
