2014061600+000HOUR     2014061609LST
STNID     6H    30H    54H    78H   102H   126H   150H   174H   198H   222H   246H   270H
STNID 061615 061715 061815 061915 062015 062115 062215 062315 062415 062515 062615 062715LST
47008   19.1   11.9   14.4   13.0   12.3   15.8   17.7   19.1   18.8   24.4   21.1   19.5
47014   26.9   22.5   20.2   23.6   20.4   22.8   24.0   24.1   23.9   24.4   22.6   27.8
47041   24.9   18.2   18.6   23.0   18.1   18.3   19.5   27.9   23.3   24.7   25.7   24.2
47058   29.7   26.4   26.3   23.5   27.7   27.2   26.5   27.9   29.5   27.3   26.6   22.1
47069   27.5   25.2   27.4   25.2   24.6   29.2   25.6   29.2   27.9   27.3   27.0   21.6
47070   27.3   25.2   28.6   27.8   28.1   29.9   25.5   27.8   26.3   29.5   24.7   22.7
47090   26.8   21.5   21.4   25.3   20.6   18.6   22.4   21.5   24.6   23.1   22.8   24.4
47095   30.4   27.7   27.4   27.6   29.1   25.5   24.2   27.3   29.0   29.2   26.9   25.0
47098   31.5   29.4   29.0   29.7   31.0   30.4   27.1   29.9   31.2   29.8   29.0   28.7
47099   30.4   28.6   30.5   29.6   30.7   32.2   28.1   30.2   30.9   30.8   29.8   27.7
47100   26.5   22.1   20.8   24.7   24.2   18.2   19.4   20.3   23.0   20.9   22.6   22.4
47101   31.5   27.0   25.8   29.8   30.0   28.1   26.6   28.4   30.3   28.5   29.1   24.3
47102   22.5   22.4   22.0   22.2   20.6   25.2   21.7   22.7   21.5   23.8   21.1   19.0
47104   27.9   24.5   21.6   27.3   24.7   19.3   22.2   22.7   26.9   25.1   23.4   24.8
47105   28.8   25.6   22.2   28.0   25.8   20.9   21.1   24.4   28.2   24.6   25.7   26.9
47106   26.7   24.3   22.0   26.2   24.2   20.1   25.7   22.2   24.8   23.8   22.9   27.6
47108   -999   -999   -999   29.5   30.5   30.5   28.5   29.6   29.3   30.3   28.1   28.2
47112   26.2   24.5   27.5   26.4   27.9   29.7   26.1   27.2   27.1   28.8   24.3   24.8
47114   30.6   27.8   29.2   30.7   30.2   29.6   29.9   29.3   29.4   29.6   28.8   28.1
47115   26.4   22.4   21.3   22.5   21.7   20.7   19.9   20.5   22.5   20.3   22.0   22.8
47119   28.9   25.5   28.3   29.0   30.5   31.0   26.4   28.3   28.3   29.5   26.5   26.5
47121   30.8   27.2   30.8   30.5   31.1   30.1   28.3   28.9   30.3   30.2   28.9   27.7
47127   29.8   27.0   29.5   29.7   30.4   30.4   30.2   29.2   30.1   28.5   28.7   29.1
47129   27.8   26.6   28.2   29.4   28.6   30.6   29.4   27.8   26.8   27.1   26.4   28.6
47130   25.0   22.7   22.2   26.2   22.3   20.0   20.2   20.7   26.4   21.9   24.4   26.6
47131   30.2   26.9   29.7   30.6   30.9   29.8   29.4   29.1   28.7   27.3   28.5   30.4
47133   29.1   24.9   29.8   30.4   30.7   31.0   29.6   28.0   29.6   27.0   28.0   29.8
47135   28.9   26.2   27.4   28.7   28.1   24.7   25.5   26.5   26.9   21.3   25.3   27.6
47136   30.9   27.5   29.6   31.0   28.9   27.1   28.1   28.2   29.8   25.1   28.5   30.1
47137   30.3   26.6   29.4   30.1   29.1   28.5   29.0   27.4   29.4   23.2   26.9   28.3
47138   29.5   27.6   24.1   29.5   25.4   20.8   26.9   26.3   25.0   23.7   26.1   28.2
47140   27.1   25.1   27.8   27.9   29.5   30.0   29.1   26.8   26.1   26.4   26.5   29.3
47143   31.3   28.7   29.3   32.0   30.0   28.8   27.9   27.8   29.4   24.5   28.6   30.9
47146   30.1   26.5   31.6   32.3   32.3   32.9   31.7   29.9   29.1   27.6   28.4   30.2
47152   30.3   28.3   26.1   29.0   28.1   24.0   22.2   25.2   27.3   22.1   26.3   29.8
47155   27.8   24.4   27.0   26.8   27.3   26.6   27.2   25.5   25.6   22.6   25.3   25.0
47156   28.9   24.8   31.6   32.4   31.4   30.5   30.4   29.1   27.7   26.8   27.7   29.3
47159   26.7   25.2   25.6   26.0   27.3   23.1   24.7   25.4   26.2   22.7   25.5   24.6
47162   23.9   23.0   26.4   25.7   26.4   26.7   24.3   25.3   22.5   22.6   23.3   23.9
47165   26.8   22.4   28.2   27.7   29.3   28.6   26.9   25.2   25.6   24.0   25.4   28.0
47168   23.8   20.3   25.7   25.4   24.9   25.9   25.4   24.0   23.1   22.1   23.6   23.1
47169   22.3   20.5   23.3   24.5   24.1   24.8   24.6   24.6   22.1   21.4   25.1   25.7
47170   28.3   21.5   28.4   26.8   27.0   26.0   26.6   26.6   24.9   24.4   26.3   26.3
47172   29.4   24.2   30.2   30.0   30.1   30.2   30.2   27.2   25.3   22.8   24.3   26.5
47174   27.0   21.9   27.9   28.6   27.5   25.3   28.5   26.7   24.5   23.1   23.9   24.6
47175   26.0   19.4   26.9   25.0   24.2   25.5   25.5   24.1   23.4   21.7   23.4   23.5
47184   27.0   21.7   25.8   27.6   26.8   24.6   21.2   26.4   24.4   22.7   28.5   28.9
47185   24.9   21.9   24.7   26.0   26.8   26.7   24.2   26.8   22.8   24.3   23.5   25.3
47188   26.5   20.2   24.1   25.7   24.7   23.9   22.8   23.2   23.4   20.9   25.0   26.4
47189   25.9   21.6   26.0   27.1   26.0   25.5   23.8   25.3   23.2   23.5   25.7   27.0
47192   28.3   23.8   28.3   28.1   29.1   26.9   28.7   27.4   25.7   22.7   27.2   27.2
   96   22.9   21.0   21.2   19.8   19.6   19.0   17.5   19.1   19.8   20.9   20.3   21.4
