2014061600+000HOUR     2014061609LST
STNID    21H    45H    69H    93H   117H   141H   165H   189H   213H   237H   261H   285H
STNID 061706 061806 061906 062006 062106 062206 062306 062406 062506 062606 062706 062806LST
47008   13.0   11.7   12.8   12.5   12.6   12.5   14.1   13.2   14.3   13.2   11.9   14.8
47014   16.9   17.4   16.2   17.5   15.6   15.9   16.5   16.2   16.7   17.4   18.4   16.1
47041   15.7   15.1   14.7   15.2   17.3   15.8   16.3   17.7   19.8   17.9   19.9   19.2
47058   19.1   18.9   17.7   19.3   19.3   18.2   18.3   19.6   19.4   19.5   19.8   19.4
47069   21.3   20.9   18.5   17.1   19.6   19.4   20.4   19.2   17.9   20.6   21.2   19.2
47070   19.6   19.4   18.6   18.6   18.8   18.3   18.1   17.7   17.2   20.0   21.2   21.3
47090   17.0   16.3   15.8   18.1   14.5   16.8   17.5   17.4   19.0   19.3   18.8   19.0
47095   19.1   18.0   17.7   16.7   18.1   16.4   16.9   16.5   18.4   19.3   19.4   19.3
47098   18.0   18.6   17.7   17.3   17.8   16.0   17.8   17.8   18.4   18.7   19.4   20.5
47099   17.8   19.2   17.7   16.2   18.0   18.0   18.5   18.0   18.6   18.8   19.5   20.9
47100   14.2   12.7   13.4   14.4   13.2   11.5   13.2   13.4   14.7   16.0   14.3   13.6
47101   19.8   18.6   19.2   17.6   18.4   17.8   18.7   17.7   19.1   19.5   19.7   20.7
47102   15.6   14.4   15.7   15.2   13.9   15.0   15.7   13.4   15.2   17.0   17.6   16.4
47104   17.3   16.5   15.8   17.1   16.4   17.0   17.6   17.5   20.1   17.4   17.3   18.4
47105   18.1   17.1   16.6   18.0   18.8   16.6   17.7   20.2   20.0   18.4   18.5   19.3
47106   17.8   16.5   16.6   17.6   17.1   17.8   16.5   18.8   19.0   18.4   17.6   17.9
47108   20.8   18.9   19.1   19.2   19.5   20.1   19.2   18.6   19.6   20.7   20.9   20.9
47112   19.0   16.1   18.2   15.7   19.2   19.8   18.3   18.7   18.3   20.0   21.1   21.2
47114   19.4   19.1   18.6   18.6   18.3   17.1   19.4   19.2   18.7   19.9   21.2   21.4
47115   18.8   17.0   14.7   16.0   16.1   18.0   17.0   19.5   18.8   18.2   17.4   18.0
47119   18.5   17.3   17.0   17.2   17.5   20.6   18.4   20.3   20.2   20.5   21.6   21.9
47121   17.7   15.6   17.5   18.0   15.8   17.2   17.1   17.7   18.0   19.0   18.3   19.0
47127   18.2   19.1   17.7   17.1   16.9   18.6   19.0   19.0   20.3   19.4   21.0   19.8
47129   16.9   15.4   15.8   15.5   21.7   17.9   17.4   18.4   19.7   19.1   20.5   20.2
47130   17.8   15.3   16.1   15.9   16.9   17.3   16.9   18.2   19.2   17.3   17.8   18.2
47131   19.7   18.3   18.6   19.3   20.1   18.6   19.3   20.3   21.3   20.7   22.2   21.8
47133   20.1   17.7   18.9   18.8   17.0   19.1   19.8   21.0   21.4   20.4   22.2   21.6
47135   17.7   15.4   17.5   17.1   18.1   16.0   17.1   17.5   18.8   18.5   18.3   16.4
47136   19.9   16.0   18.7   19.4   18.6   18.2   18.9   18.6   19.3   19.2   19.4   17.6
47137   19.4   16.6   19.0   18.8   17.1   16.7   19.4   18.3   19.8   19.0   19.3   18.8
47138   21.7   18.8   18.7   20.5   18.3   17.9   20.7   21.6   20.7   20.8   21.6   21.2
47140   16.7   16.7   16.8   17.1   20.2   17.3   19.9   20.3   19.5   19.4   19.4   18.7
47143   21.7   17.5   19.9   21.1   17.8   17.5   19.9   20.9   21.5   21.0   22.4   22.0
47146   19.6   15.9   18.7   19.3   18.5   18.0   19.7   19.9   20.2   20.5   22.5   21.6
47152   19.5   15.3   17.7   19.3   17.6   17.3   18.1   20.1   18.8   19.2   21.3   21.8
47155   18.4   17.5   18.5   19.7   18.3   19.0   18.0   20.2   20.1   20.2   21.3   20.6
47156   19.6   18.2   19.6   20.7   20.1   19.5   20.8   20.4   20.6   20.7   22.2   22.2
47159   19.6   17.5   18.5   19.9   19.1   19.5   18.9   20.7   20.6   21.2   21.0   21.5
47162   18.4   17.9   17.6   18.0   18.0   17.8   18.5   19.3   19.6   19.6   20.5   20.1
47165   19.5   17.4   16.9   18.3   19.4   18.1   19.8   20.6   19.8   19.9   21.7   21.5
47168   19.4   18.4   19.1   19.3   18.8   19.5   19.6   20.7   20.1   20.4   22.0   21.7
47169   16.3   15.1   15.7   18.5   17.2   16.1   18.6   17.2   18.4   18.1   18.1   16.9
47170   18.4   14.9   18.5   17.9   19.3   18.6   19.8   21.9   20.4   20.7   22.5   21.6
47172   17.6   15.4   18.0   17.9   18.4   17.6   19.2   20.5   18.7   19.5   18.7   20.0
47174   16.7   14.8   17.2   17.1   17.3   18.0   16.9   18.5   18.2   18.8   17.6   18.7
47175   16.6   14.5   15.3   16.6   16.1   16.2   17.1   19.4   17.5   19.7   19.0   19.6
47184   18.2   17.9   17.7   20.2   19.9   19.5   19.4   21.4   19.8   20.9   21.6   22.2
47185   17.9   16.6   18.5   20.2   19.5   18.9   20.5   21.1   20.3   19.3   18.8   17.1
47188   17.8   18.1   15.9   19.3   18.6   19.1   21.0   18.6   20.1   20.2   22.7   22.2
47189   18.6   18.3   18.1   20.3   21.2   20.1   20.4   21.2   20.8   21.8   23.6   22.5
47192   17.5   14.3   17.3   17.7   18.2   17.1   17.8   19.4   19.3   18.7   20.1   19.0
   96   19.7   19.1   16.2   18.4   21.3   17.7   16.2   17.2   19.7   18.5   18.9   20.2
