2014061600+000HOUR     2014061609LST
STNID     6H    30H    54H    78H   102H   126H   150H   174H   198H   222H   246H   270H
STNID 061615 061715 061815 061915 062015 062115 062215 062315 062415 062515 062615 062715LST
47008   19.4   14.6   13.4   15.3   18.0   18.9   20.6   20.3   21.6   20.4   20.2   18.9
47014   26.2   26.1   21.2   23.0   21.2   24.8   26.6   26.3   25.1   26.1   28.4   26.6
47041   25.9   16.9   16.8   13.5   17.3   19.0   19.5   36.7   25.2   28.8   27.8   23.0
47058   29.7   30.2   27.3   23.4   20.3   23.1   25.6   27.0   27.3   26.6   26.8   27.4
47069   27.7   27.6   27.6   25.4   22.9   25.5   25.0   26.9   26.4   25.5   25.5   26.5
47070   27.4   26.9   25.7   26.9   24.0   25.2   25.3   27.4   29.9   24.7   26.2   29.1
47090   27.9   19.9   21.0   21.0   19.4   19.0   22.1   23.4   24.2   26.1   24.4   23.6
47095   30.2   28.5   28.3   26.5   24.3   24.0   25.3   28.1   30.8   29.5   29.5   32.9
47098   30.9   29.5   28.3   29.5   25.7   26.9   28.4   30.8   32.4   27.0   30.9   30.2
47099   30.0   29.9   28.1   29.9   26.4   27.5   27.8   30.4   31.5   26.9   30.4   30.3
47100   27.7   20.4   18.8   21.1   20.6   17.7   19.1   19.7   24.5   23.8   24.6   22.6
47101   31.1   27.4   26.8   29.1   25.1   25.3   24.9   28.9   31.0   28.8   32.5   31.4
47102   22.4   23.5   22.2   21.9   22.4   21.8   20.5   23.7   23.9   21.2   19.7   24.3
47104   30.0   19.9   19.8   24.3   21.1   18.9   22.6   23.5   26.1   27.1   26.0   22.1
47105   30.6   21.8   20.2   24.7   20.3   21.8   22.1   24.8   25.8   30.6   30.3   28.5
47106   27.1   21.7   20.7   19.5   17.6   18.2   22.4   24.6   23.5   26.4   25.7   23.7
47108   29.6   28.7   27.7   27.7   26.8   26.4   27.8   29.7   30.2   24.8   29.7   29.5
47112   25.7   25.7   25.3   25.2   25.6   23.7   24.5   25.8   25.5   24.0   26.0   26.4
47114   30.3   28.8   27.4   29.5   26.6   24.1   30.3   28.9   30.2   27.1   31.2   29.9
47115   26.0   23.4   17.1   18.8   18.9   21.7   21.8   20.0   21.5   24.1   25.2   21.9
47119   28.9   28.5   27.2   27.3   27.5   26.5   27.5   27.2   27.6   25.5   28.2   27.3
47121   30.5   28.9   30.0   29.2   26.9   24.6   27.5   28.7   31.0   30.0   32.1   30.9
47127   29.7   27.8   28.2   28.9   27.4   25.2   29.4   28.0   29.1   28.5   30.4   28.5
47129   27.6   27.5   26.0   26.2   27.1   27.6   28.1   26.6   27.0   23.4   27.1   26.0
47130   26.0   21.7   21.1   22.3   20.1   18.3   22.0   24.5   26.4   27.8   26.1   21.9
47131   30.0   28.4   27.6   29.4   28.9   25.2   28.4   27.6   28.9   26.4   29.5   28.9
47133   29.7   27.5   27.9   29.6   28.3   25.9   28.4   27.8   29.6   26.9   30.0   27.7
47135   28.5   27.3   28.4   28.2   25.8   22.7   24.7   25.6   28.1   25.2   27.8   25.1
47136   30.6   27.7   29.1   28.9   26.1   24.9   26.7   27.2   29.8   29.2   30.3   25.0
47137   29.8   29.2   28.4   29.8   26.8   24.4   26.2   26.7   29.5   27.1   29.3   25.5
47138   28.6   27.5   23.8   29.6   23.6   24.2   24.1   24.2   27.5   28.9   25.6   25.7
47140   26.9   25.2   25.2   26.4   29.2   25.5   28.1   25.9   25.9   25.3   27.9   27.1
47143   31.3   27.4   30.1   30.7   28.0   27.8   26.1   27.8   30.6   29.6   30.0   25.7
47146   30.8   26.2   28.9   30.8   30.5   27.7   30.6   29.6   30.7   28.0   31.5   29.5
47152   30.8   25.2   27.0   28.7   25.4   22.9   23.4   25.3   28.9   27.7   26.2   22.5
47155   29.2   22.1   28.6   27.3   25.2   27.3   25.4   25.6   27.0   26.0   26.0   23.7
47156   29.4   25.7   30.8   30.6   29.9   28.3   29.9   29.7   29.4   28.5   26.9   28.5
47159   26.8   22.9   26.1   24.5   25.4   23.8   25.1   25.1   25.7   26.5   25.7   23.1
47162   25.4   20.8   27.1   25.8   24.6   22.8   24.4   25.0   23.6   24.3   23.7   21.7
47165   26.3   22.0   27.1   26.8   27.7   26.1   27.9   27.0   26.4   26.7   24.9   25.1
47168   25.2   19.1   27.4   23.9   24.0   25.8   24.1   24.2   24.4   24.5   23.5   22.7
47169   22.0   20.2   23.5   24.0   23.3   22.4   24.1   24.8   24.1   22.8   21.1   21.9
47170   27.3   19.4   31.2   26.3   25.4   22.3   26.5   27.2   28.2   26.4   25.3   25.0
47172   28.6   24.4   29.1   28.0   28.0   26.3   28.7   27.9   26.3   24.9   28.0   25.5
47174   28.5   20.6   29.7   28.5   26.7   23.6   26.4   26.8   27.6   25.2   26.7   29.2
47175   23.7   19.1   26.7   25.9   23.5   23.4   25.5   25.2   24.8   26.0   21.8   21.1
47184   25.4   20.3   24.6   26.7   26.4   19.9   23.1   25.1   25.8   24.5   21.9   27.1
47185   23.3   19.6   25.1   25.8   26.3   25.2   25.2   26.6   24.6   23.5   23.1   23.7
47188   25.9   19.7   23.6   24.8   24.3   21.8   23.1   22.4   26.3   21.7   19.9   23.7
47189   26.2   20.2   26.4   25.4   25.2   24.3   24.6   25.0   25.6   22.8   22.3   24.1
47192   29.5   22.3   29.5   28.6   27.5   26.6   27.0   27.3   28.2   26.4   27.6   24.4
   96   21.6   22.3   21.5   17.8   17.7   19.9   18.5   17.4   19.6   21.2   21.7   21.6
