2014061512+000HOUR     2014061521LST
STNID    18H    42H    66H    90H   114H   138H   162H   186H   210H   234H   258H   282H
STNID 061615 061715 061815 061915 062015 062115 062215 062315 062415 062515 062615 062715LST
47008   17.9   14.7   15.4   17.8   17.4   15.2   15.8   23.7   19.7   18.5   20.9   20.4
47014   25.3   24.9   25.0   25.1   23.1   23.8   26.4   25.1   29.9   25.4   23.1   21.8
47041   24.0   14.5   13.0   18.9   18.0   17.9   21.8   21.2   27.1   22.7   24.9   26.3
47058   29.7   26.8   23.0   26.8   21.7   27.9   18.6   24.0   28.4   27.2   28.7   27.1
47069   25.9   23.0   26.2   25.8   20.3   26.2   18.6   20.6   26.6   23.7   26.3   27.7
47070   25.7   24.8   26.6   26.4   21.2   27.5   14.8   23.8   28.4   26.6   25.9   28.1
47090   27.9   17.5   18.0   20.8   18.8   19.9   17.0   23.2   25.3   25.3   23.3   23.0
47095   29.2   26.4   24.1   26.3   22.7   28.2   17.9   23.7   26.8   26.6   28.3   28.4
47098   30.1   28.0   27.2   28.4   26.1   30.1   16.9   26.0   29.3   27.5   29.8   30.0
47099   29.1   26.7   28.1   28.0   23.6   29.4   19.6   25.4   28.3   27.6   28.7   30.3
47100   25.8   16.6   15.4   18.4   18.0   19.6   17.5   15.7   19.4   21.3   23.5   21.9
47101   30.6   24.7   24.0   26.9   24.4   29.7   22.1   25.9   27.0   27.7   29.8   28.9
47102   23.1   23.6   19.1   22.1   21.1   23.2   15.6   18.9   22.7   23.3   24.4   24.6
47104   30.1   16.3   18.5   21.4   22.2   19.2   16.3   26.4   25.0   24.6   25.3   23.9
47105   31.2   17.4   19.3   21.7   23.1   18.2   17.3   26.9   22.4   23.9   25.3   23.5
47106   27.6   18.8   19.1   19.4   19.7   19.9   16.8   27.8   22.3   22.9   24.3   23.7
47108   29.1   26.5   26.9   27.0   23.7   27.9   20.3   26.3   30.2   28.7   29.2   29.9
47112   25.0   24.4   26.8   24.4   21.5   23.6   17.2    9.8   22.6   26.8   25.4   26.7
47114   29.4   25.7   27.4   27.3   25.5   26.6   27.1   25.2   28.5   29.1   29.1   28.1
47115   25.1   20.0   17.3   17.7   17.9   16.9   18.6   20.1   19.2   19.7   19.8   20.1
47119   28.5   26.0   27.4   27.5   24.4   25.9   20.4   25.5   29.0   29.5   28.4   28.7
47121   29.6   24.6   26.7   24.8   27.8   26.2   20.6   24.2   27.1   29.5   28.9   29.2
47127   29.1   24.4   27.6   26.5   24.6   25.6   26.7   28.8   26.9   28.9   28.2   27.5
47129   27.4   26.4   25.3   25.9   24.9   25.8   22.1   25.0   26.3   26.8   26.6   26.5
47130   26.2   19.5   19.9   18.0   21.2   19.3   18.6   25.1   22.8   23.0   22.6   23.0
47131   30.3   23.6   27.9   27.7   26.8   25.5   23.1   27.0   27.3   28.3   28.1   27.6
47133   29.8   22.2   27.2   26.4   25.9   26.7   22.0   25.0   28.0   28.4   28.9   28.4
47135   28.7   23.2   25.3   22.8   22.5   21.7   21.9   23.5   24.9   25.5   27.9   26.5
47136   30.1   22.8   26.4   25.4   26.6   24.0   25.9   25.6   24.2   27.8   27.4   26.1
47137   30.0   23.9   25.6   25.5   25.1   25.4   24.7   25.6   25.9   27.3   28.7   28.2
47138   30.0   23.1   21.9   23.4   25.1   22.7   20.9   27.6   25.5   23.9   24.9   23.4
47140   27.6   21.3   26.0   24.0   25.1   24.5   23.4   24.6   25.0   27.8   27.2   28.4
47143   31.4   25.8   27.0   25.4   26.7   26.4   22.7   22.0   26.8   28.0   29.1   28.6
47146   30.6   21.8   29.7   28.0   27.3   28.2   23.6   26.9   28.7   29.8   30.5   30.5
47152   30.8   22.1   22.8   22.5   23.8   23.2   24.0   25.4   25.2   23.9   25.1   23.6
47155   28.5   20.5   25.3   23.0   23.4   23.1   21.2   25.3   25.4   23.9   25.9   23.3
47156   29.0   23.1   30.1   28.8   28.3   25.1   23.1   27.5   28.1   29.2   29.4   30.3
47159   26.4   20.3   23.4   21.7   23.5   23.6   22.9   24.0   25.7   24.3   24.3   23.3
47162   24.3   19.8   24.3   20.8   23.4   23.0   22.2   23.6   24.2   23.4   22.9   22.7
47165   25.8   20.3   25.6   23.5   26.1   23.4   22.2   21.9   25.8   33.6   33.5   26.7
47168   24.3   19.4   25.7   20.7   22.0   22.3   19.8   23.2   24.2   22.8   24.2   23.1
47169   20.3   17.8   21.3   22.5   22.7   20.2   20.5   20.3   24.2   23.5   23.7   23.8
47170   27.0   18.7   29.8   26.5   24.6   20.5   24.6   23.0   25.7   25.4   25.4   24.3
47172   28.3   21.2   27.8   25.7   25.2   24.2   23.3   23.3   25.7   28.0   27.4   26.5
47174   27.6   20.6   27.7   24.1   24.1   20.8   20.9   25.6   24.9   24.6   26.1   24.4
47175   23.8   17.6   26.2   24.9   23.3   19.2   21.6   21.7   23.7   24.6   25.6   25.1
47184   22.8   19.5   23.8   24.2   25.0   23.4   24.0   24.5   26.6   26.3   24.7   20.4
47185   22.3   18.1   23.3   22.4   24.8   24.7   22.5   23.4   22.8   22.9   21.4   21.2
47188   23.4   19.9   23.9   26.5   22.9   20.5   23.1   22.8   26.1   23.4   21.6   19.4
47189   24.1   20.6   26.5   25.8   25.2   24.6   23.0   24.0   25.0   24.5   23.0   22.4
47192   29.1   21.4   27.0   24.7   25.8   23.6   20.1   25.5   26.0   25.3   26.1   24.5
   96   21.5   21.9   18.8   15.7   16.7   17.3   16.9   13.9   15.5   26.0   19.4   19.5
