2014061600+000HOUR     2014061609LST
STNID    15H    27H    39H    51H    63H    75H    87H    99H   111H   123H   135H   147H   159H   171H   183H   195H   207H   219H   231H   243H   255H   267H   279H
STNID 061700 061712 061800 061812 061900 061912 062000 062012 062100 062112 062200 062212 062300 062312 062400 062412 062500 062512 062600 062612 062700 062712 062800LST
47003    0.0    1.0    0.5    0.5    0.0    0.0    0.0    1.5    8.0    8.5    0.5    0.0    0.0    0.0    0.0    0.0    0.0    0.0    0.0    1.0    0.0    0.0    0.0
47005    0.0    3.5    2.5    4.0    2.5    2.0    0.5   11.0    4.5    3.0    3.5    1.0    1.0    5.5    2.5    4.5    0.0    0.0    0.5    1.0    0.0    0.0    0.0
47008    0.5    1.0    1.0    1.0    0.0    0.0    0.0   11.0    7.5    5.5    1.0    1.5    0.0    0.0    0.0    0.5    0.5    0.0    0.0    9.0    0.0    0.0    0.0
47014    0.0    1.0    3.0   12.5    3.5    9.0    7.0    4.5    4.0    2.0    3.0   10.0    3.5   15.5    6.5    4.0    3.0    0.0    1.0    0.5    0.0    0.0    0.0
47016    1.0    0.0    1.0    1.0    0.0    1.0   14.5    3.0   12.5    2.5    4.0    8.5    2.0    3.5    3.5    1.0    4.5    0.0    1.5    0.5    1.0    0.0    1.0
47020    4.0    6.5    9.5   24.5   12.5    3.0    8.0    0.0    2.0    3.5    6.0    9.0    8.5    8.5    0.5    1.0    3.5    0.5    6.5    3.5    0.0    0.0    0.0
47022    1.0    3.5    1.5    2.0    2.0    1.5    6.0    1.5    2.5    0.0    2.0    3.0    2.5    4.0    6.5    2.0    4.5    0.0    6.0    1.0    4.5    0.0    2.5
47025    0.0    0.0    0.0    0.0    0.0    0.5    2.0    4.0    1.5    3.5    8.0    5.5    0.0    0.0    0.5    2.0    0.5    0.0    0.0    0.0    0.0    0.0    0.0
47028    0.0    2.5    5.0    3.5    5.0    2.0    0.5    0.0    3.0    0.5    0.0    1.0    7.0    3.5    1.0    0.0    1.0    1.5   20.5    0.5    0.0    0.0    0.0
47031    3.5    2.5    6.0    2.5    4.0    1.0    5.5    0.0    1.5    1.5    3.5    6.5    2.0    2.0    7.0    0.0    4.0    0.0    2.5    1.0    0.5    0.0    0.0
47035    0.0    0.0    0.0    0.0    0.0    0.0    0.0    0.0    2.5    1.0    0.5    1.0    1.0    0.0    0.0    3.0    1.5    4.0    6.5    0.5    0.0    0.0    0.0
47037    0.0    1.5    7.0    0.0    4.0    3.0    0.0    0.0    1.5    0.0    3.5    6.5    4.0    1.0    2.0    0.0    1.0    1.0    9.5    0.0    0.0    0.0    0.0
47039    0.0    1.5    9.0    3.5    5.5    4.5    3.0    0.0    1.5    1.0    4.5   11.0    5.5    2.0    8.0    0.0    0.0    1.0    7.5    0.0    0.0    0.0    0.0
47041    0.0    0.0    0.0    1.5    0.0    0.0    0.0    0.5    1.5   12.5   16.5   10.0    0.5    0.0    0.0    0.0    0.5    0.0    0.0    1.0    1.0    0.5    0.0
47046    0.0    0.0    0.0    2.0    0.0    0.0    1.5    0.5    1.5    4.0    9.5    8.5    0.0    0.0    0.0    0.0    0.0    0.0    0.0    1.0    0.0    0.0    0.0
47050    0.0    0.0    6.5    0.0    1.0    0.0    0.0    0.0    1.0    0.5    1.5    4.5    0.0    0.0    0.0    0.0    0.5    1.0    1.0    0.0    0.0    0.0    0.0
47052    0.0    0.0    0.0    0.0    0.0    0.0    6.0    0.0    0.0    6.5    6.0    5.5    0.0    0.0    8.0    0.0    0.0    0.0    0.0    0.0    0.0    0.0    1.0
47055    0.0    0.0    0.0    1.0    0.0    0.0    0.0    0.0    0.5   16.5    9.5   11.0    1.0    0.0    0.0    0.0    1.0    0.0    0.0    0.0    0.0    0.0    1.0
47058    0.0    0.0    0.0    0.0    0.0    0.0    0.0    0.0    0.0   18.5    2.5    2.5    0.0    0.0    1.5    0.0    0.0    0.0    0.0    0.0    0.0    0.0    0.0
47060    0.0    0.0    0.0    0.0    0.0    0.0    0.0    0.0    0.0    9.0    6.0    0.0    0.0    0.0    0.0    0.0    0.0    0.0    0.0    0.0    0.0    0.0    0.5
47061    0.0    0.0    0.0    0.0    0.0    0.0    0.0    0.0    0.0    9.0    9.5   11.0    1.0    0.0    0.0    1.5    2.5    0.0    1.5    0.0    0.0    0.0    0.0
47065    0.0    0.0    2.5    0.0    1.0    0.0    2.0    0.0    0.0   26.5    1.0    0.0    0.0    0.0    1.5    0.0    0.0    0.0    0.0    0.0    0.0    0.0    3.0
47067    0.0    0.0    2.5    0.0    1.5    3.0    7.0    0.0    0.0   16.5    2.0    2.0    0.0    0.0    2.0    0.0    0.0    0.0    0.0    0.0    0.0    0.0    2.5
47068    0.0    0.0    3.0    0.5    2.5    0.0    0.0    0.0    0.0    7.5    3.5    0.0    0.0    0.0    0.0    0.0    0.0    0.0    0.0    0.0    0.0    0.0    0.0
47069    0.0    0.0    0.0    0.0    0.0    0.0    0.0    0.0    0.0   13.5    2.5    0.0    1.5    0.0    0.0    0.0    0.0    0.0    0.0    0.0    0.0    0.0    0.5
47070    0.0    0.0    0.0    0.0    0.0    0.0    0.0    0.0    0.0    7.5    6.5    4.0    0.0    0.0    1.5    0.0    0.0    0.0    0.0    0.0    0.0    0.0    0.5
47075    1.0    1.0    3.0    0.0    1.0    3.5    3.0    0.0    0.0    6.5    4.0    3.0    0.0    0.0    4.5    0.0    0.0    0.0    0.0    0.0    0.0    0.0    1.0
47090    1.0    0.5    1.0    2.0    0.0    0.0    0.0    0.0    0.5    5.5   12.0   12.5    2.0    0.0    0.0    0.0    0.0    0.0    0.0    0.0    0.0    0.5    0.5
47095    1.0    1.0    3.0    0.0    1.0    3.5    3.0    0.0    0.0    6.5    4.0    3.0    0.0    0.0    4.5    0.0    0.0    0.0    0.0    0.0    0.0    0.0    1.0
47098    0.0    0.0    4.5    0.0    0.0    0.0    1.5    0.0    0.0    6.5    5.0    3.5    0.0    0.0    2.0    0.0    0.0    0.0    0.0    0.0    0.0    0.0    0.0
47099    0.0    0.0    0.0    0.0    0.0    0.0    0.0    0.0    0.0    7.5    6.5    4.0    0.0    0.0    1.5    0.0    0.0    0.0    0.0    0.0    0.0    0.0    0.5
47100    0.0    0.0    0.0    0.0    0.0    0.0    4.5    0.0    0.0    3.5    9.5    9.0    0.5    0.0    1.0    6.0    7.5    0.0    0.0    0.0    0.0    0.0    1.0
47101    0.0    0.0    0.5    0.0    0.0    1.0    1.5    0.0    0.5    7.0    5.0    4.0    0.0    0.0    3.0    0.0    0.0    0.0    0.0    0.0    0.0    0.0    0.0
47104    0.0    0.0    0.0    0.5    0.0    0.0    0.0    0.0    0.0    5.0   10.5    9.5    1.0    0.0    0.0    2.5    4.0    0.0    0.0    0.0    0.0    0.0    0.0
47105    0.0    0.0    0.0    0.5    0.0    0.0    0.0    0.0    0.0    5.0   10.5    9.5    1.0    0.0    0.0    2.5    4.0    0.0    0.0    0.0    0.0    0.0    0.0
47106    0.5    1.0    1.0    1.5    0.5    0.0    0.0    0.0    0.0    3.0   12.5   15.0    2.0    0.0    0.0    0.0    0.0    0.0    0.0    0.0    0.0    0.0    1.5
47108    0.0    0.0    0.5    0.0    2.0    0.0    0.0    0.0    1.0    6.0    6.0    3.0    0.0    1.0    1.0    0.0    0.0    0.0    0.0    0.0    0.0    0.0    0.0
47112    0.0    0.0    0.0    3.0    0.0    0.0    0.0    0.0    0.0    7.5    8.5    2.0    1.0    0.0    0.0    0.0    0.0    0.0    0.0    0.0    0.0    0.0    0.0
47114    0.0    0.0    3.0    0.0    1.0    0.0    2.5    0.0    0.5    5.0    4.5    3.5    0.0    0.0    5.0    0.0    0.0    0.0    0.0    0.0    0.0    0.0    0.5
47115    0.0    0.0    0.0    0.0    0.0    0.0    0.0    0.0    0.0    0.0    5.5    8.0    0.0    0.0    0.0    0.0    0.0    0.0    0.0    0.0    0.0    0.0    0.0
47119    0.0    0.0    0.0    1.0    0.0    0.0    0.0    0.0    1.5    4.5    9.5    1.5    0.0    0.0    0.0    0.0    0.0    0.0    0.0    0.0    0.0    0.0    1.5
47121    0.0    0.0    0.0    0.0    2.5    2.0    3.0    0.0    0.0    1.5    7.0    4.5    0.0    0.0    0.0    0.0    0.0    0.0    0.0    0.0    0.0    0.0    0.5
47127    0.0    0.0    1.5    0.0    1.5    0.0    0.0    0.0    1.0    3.0    7.0    2.5    0.0    0.0    0.0    0.0    0.0    0.0    0.0    0.0    0.0    0.0    2.0
47129    0.0    0.0    0.0    0.0    0.0    0.0    0.0    0.0    0.0    8.0    6.5    0.5    0.0    0.0    0.0    0.0    0.0    0.0    0.0    0.0    0.0    0.0    1.0
47130    0.0    0.0    0.0    0.0    0.0    0.0    0.0    0.0    0.0    0.5   11.0   16.0    1.0    0.0    0.0    2.0    6.0    0.0    0.0    0.0    0.0    0.0    2.0
47131    0.0    0.0    3.5    0.0    2.0    0.0    0.5    0.0    1.0    3.0    9.5    1.5    0.0    0.0    0.0    0.0    0.0    0.0    0.0    0.0    0.0    0.0    1.0
47133    0.0    0.0    4.5    0.0    0.5    0.0    0.0    0.0    0.5    9.0    8.5    1.0    0.0    0.0    0.0    0.0    0.0    0.0    0.0    0.0    0.0    0.0    0.0
47135    0.0    0.0    1.0    0.0    1.0    0.0    1.0    0.0    0.0    0.0   10.0    3.5    0.0    0.0    0.0    0.0    0.0    0.0    0.0    0.0    0.0    0.0    0.5
47136    0.0    0.0    0.0    0.0    0.5    0.0    4.0    0.0    0.0    0.0    9.0    6.0    0.0    0.0    9.5    1.0    3.5    0.0    0.0    0.0    0.0    0.0    1.0
47137    0.0    0.0    1.0    0.0    1.0    0.0    1.0    0.0    0.0    0.0   10.0    3.5    0.0    0.0    0.0    0.0    0.0    0.0    0.0    0.0    0.0    0.0    0.5
47138    0.0    0.0    0.0    0.0    0.0    0.0    0.0    0.0    0.0    0.0   12.5   10.5    1.0    0.0    0.0    0.0    0.0    0.0    0.0    0.0    0.0    0.0    0.5
47140    0.5    0.0    0.5    1.0    0.0    0.0    0.0    0.0    0.0    7.5    5.0    0.0    0.0    0.0    0.0    0.0    0.0    0.0    0.0    0.0    0.0    1.0    0.0
47143    0.0    0.0    0.0    0.0    0.0    0.0    1.5    0.0    0.0    0.0   11.5    6.5    0.0    0.0    0.0    0.0    1.5    0.0    0.5    0.0    0.0    0.0    1.0
47146    0.0    0.0    0.0    0.0    0.0    0.0    0.0    0.0    0.0    6.5    8.5    0.0    0.0    0.0    0.0    0.0    0.0    0.0    0.0    0.0    0.0    0.5    0.0
47152    0.0    0.0    0.0    1.5    0.0    0.0    0.0    0.0    0.0    0.0   13.5   10.0    0.5    0.0    0.0    0.0    0.0    0.0    0.0    0.0    0.0    0.0    0.5
47155    0.0    0.0    0.0    1.0    0.0    0.0    0.0    0.0    0.0    0.0   17.5    6.5    0.0    0.0    0.0    0.0    0.0    0.0    0.0    0.0    0.0    0.0    1.0
47156    0.0    2.0    0.0    0.0    0.0    0.0    0.0    0.0    0.0    5.0   14.5    0.0    0.0    0.0    2.0    0.0    0.0    0.0    0.0    0.0    0.0    0.0    0.0
47159    0.0    0.0    0.0    1.0    0.0    0.0    0.0    0.0    0.0    0.0   17.5    6.5    0.0    0.0    0.0    0.0    0.0    0.0    0.0    0.0    0.0    0.0    1.0
47162    0.0    0.0    0.5    0.0    0.0    0.0    0.0    0.0    0.0    1.5   24.0    5.0    0.0    0.0    0.0    0.0    0.0    0.0    0.0    0.0    0.0    0.0    0.5
47165    0.0    4.0    0.0    0.0    0.0    0.0    0.0    0.0    0.0    7.5   17.0    0.0    0.0    1.0    0.0    0.0    0.0    0.0    0.0    0.0    0.0    1.0    0.0
47168    0.0    1.0    0.0    0.0    0.0    0.0    0.0    0.0    0.0    3.5   24.5    2.5    0.0    0.0    0.0    0.0    0.0    0.0    0.0    0.0    0.0    0.0    0.5
47169    0.0    9.5    2.0    0.0    0.0    0.0    0.0    0.0    0.0   17.5   18.5    0.0    0.0    0.0    0.0    0.0    0.0    0.0    0.0    0.0    0.0    0.0    0.0
47170    0.0    6.5    1.5    0.0    0.0    0.0    0.0    0.0    0.0    7.0   28.5    0.0    0.0    0.5    0.0    0.0    0.0    0.0    0.0    0.0    0.0    0.0    0.0
47172    0.0    2.5    0.0    0.0    0.0    0.0    0.0    0.0    0.0    6.0   11.0    0.0    0.0    1.0    0.5    0.0    0.0    0.0    0.0    0.0    0.0    0.0    0.0
47174    0.0    2.0    0.0    0.0    0.0    0.0    0.0    0.0    0.0    6.0   23.0    0.5    0.0    0.0    0.0    0.0    0.0    0.0    0.0    0.0    0.0    1.0    0.5
47184    0.5   29.0   10.0    0.0    0.0    0.0    0.0    0.0    0.0   13.5   16.0    1.0    0.0    0.0    0.0    0.0    0.0    0.0    0.0    1.5    0.0    0.0    0.0
47185    1.5   32.0   10.0    0.0    0.0    0.0    0.0    0.0    0.0   28.0   27.0    0.5    0.0    0.0    0.0    0.0    0.0    0.0    0.5    1.5    0.0    0.0    0.0
47188    0.0   25.5   13.0    0.0    0.0    0.0    0.0    0.0    0.0    8.0   19.5    1.5    0.0    0.0    0.0    0.0    0.0    0.0    0.0    2.0    0.0    0.0    0.0
47189    0.5   29.0   10.0    0.0    0.0    0.0    0.0    0.0    0.0   13.5   16.0    1.0    0.0    0.0    0.0    0.0    0.0    0.0    0.0    1.5    0.0    0.0    0.0
47192    0.0    0.0    0.0    0.0    0.0    0.0    0.5    0.0    0.0    1.5   20.5    4.5    0.0    0.0    0.5    0.0    0.5    0.0    0.0    0.0    0.0    0.0    1.5
47201    0.0    0.0    0.0    0.0    0.0    0.0    0.0    0.0    0.0    7.5    6.5    4.0    0.0    0.0    1.5    0.0    0.0    0.0    0.0    0.0    0.0    0.0    0.5
47202    0.0    0.0    3.0    0.0    1.0    0.0    2.5    0.0    0.5    5.0    4.5    3.5    0.0    0.0    5.0    0.0    0.0    0.0    0.0    0.0    0.0    0.0    0.5
47203    0.0    0.0    1.5    0.0    1.5    0.0    0.0    0.0    1.0    3.0    7.0    2.5    0.0    0.0    0.0    0.0    0.0    0.0    0.0    0.0    0.0    0.0    2.0
47211    2.0    1.5    0.0    0.0    0.0    0.5   23.0    0.0    7.5    6.0    7.5    6.0    0.0    0.0    3.5    1.0    1.0    0.0    0.0    0.0    0.0    0.0    0.0
47212    0.0    0.0    3.0    0.0    1.0    0.0    2.5    0.0    0.5    5.0    4.5    3.5    0.0    0.0    5.0    0.0    0.0    0.0    0.0    0.0    0.0    0.0    0.5
47216    0.0    0.0    0.0    0.0    0.0    0.5    5.5    0.0    0.0    0.5    8.5    8.0    0.0    0.0   16.0    3.5    8.5    0.0    0.0    0.0    0.0    0.0    1.0
47221    0.0    0.0    0.0    0.0    2.5    2.0    3.0    0.0    0.0    1.5    7.0    4.5    0.0    0.0    0.0    0.0    0.0    0.0    0.0    0.0    0.0    0.0    0.5
47226    0.0    0.0    6.0    0.0    1.0    0.0    0.0    0.0    0.0    4.0   11.5    1.5    0.0    0.0    0.0    0.0    0.0    0.0    0.0    0.0    0.0    0.0    0.0
47232    0.0    0.0    3.0    0.0    0.0    0.0    0.0    0.0    1.5    7.0   10.0    1.0    0.0    0.0    0.0    0.0    0.0    0.0    0.0    0.0    0.0    0.0    1.0
47235    0.0    0.0    0.0    0.0    0.0    0.0    0.0    0.0    0.0    9.5    4.5    0.0    0.0    0.0    0.0    0.0    0.0    0.0    0.0    0.0    0.0    0.5    0.0
47236    0.0    0.0    4.5    0.0    0.5    0.0    0.0    0.0    0.5    9.0    8.5    1.0    0.0    0.0    0.0    0.0    0.0    0.0    0.0    0.0    0.0    0.0    0.0
47238    0.0    0.0    1.0    0.0    0.0    0.0    0.0    0.0    0.0    4.0   11.5    1.5    0.0    0.0    0.5    0.0    0.0    0.0    0.0    0.0    0.0    0.5    0.0
47243    0.0    0.0    0.0    0.0    0.0    0.0    0.0    0.0    0.0    5.0    5.5    0.0    0.0    0.0    0.0    0.0    0.0    0.0    0.0    0.0    0.0    0.0    0.0
47244    0.0    0.0    0.0    0.0    0.0    0.0    0.0    0.0    0.0    5.0    8.5    0.0    0.0    0.0    0.0    0.0    0.0    0.0    0.0    0.0    0.0    0.5    0.0
47245    0.0    0.0    0.0    0.0    0.0    0.0    0.0    0.0    0.0    5.0    8.5    0.0    0.0    0.0    0.0    0.0    0.0    0.0    0.0    0.0    0.0    0.5    0.0
47247    0.0    2.0    0.0    0.0    0.0    0.0    0.0    0.0    0.0    5.0   14.5    0.0    0.0    0.0    2.0    0.0    0.0    0.0    0.0    0.0    0.0    0.0    0.0
47248    0.0    0.0    0.0    0.0    2.0    1.0    1.5    0.0    0.0    3.5   13.0    1.5    0.0    0.0    0.0    0.0    0.0    0.0    0.5    0.0    0.0    0.0    0.0
47251    0.0    2.5    0.0    0.0    0.0    0.0    0.0    0.0    0.0    6.0   11.0    0.0    0.0    1.0    0.5    0.0    0.0    0.0    0.0    0.0    0.0    0.0    0.0
47252    0.0    2.5    0.0    0.0    0.0    0.0    0.0    0.0    0.0    6.0   11.0    0.0    0.0    1.0    0.5    0.0    0.0    0.0    0.0    0.0    0.0    0.0    0.0
47253    0.0    0.0    0.0    1.0    0.0    0.0    0.0    0.0    0.0    0.0   17.5    6.5    0.0    0.0    0.0    0.0    0.0    0.0    0.0    0.0    0.0    0.0    1.0
47254    0.0    2.0    0.0    0.0    0.0    0.0    0.0    0.0    0.0    5.0   14.5    0.0    0.0    0.0    2.0    0.0    0.0    0.0    0.0    0.0    0.0    0.0    0.0
47255    0.0    0.0    0.0    1.0    0.0    0.0    0.0    0.0    0.0    0.0   17.5    6.5    0.0    0.0    0.0    0.0    0.0    0.0    0.0    0.0    0.0    0.0    1.0
47256    0.0    2.0    0.0    0.0    0.0    0.0    0.0    0.0    0.0    5.0   14.5    0.0    0.0    0.0    2.0    0.0    0.0    0.0    0.0    0.0    0.0    0.0    0.0
47257    0.0    0.0    0.0    1.0    0.0    0.0    0.0    0.0    0.0    0.0   17.5    6.5    0.0    0.0    0.0    0.0    0.0    0.0    0.0    0.0    0.0    0.0    1.0
47259    0.0    6.5    1.5    0.0    0.0    0.0    0.0    0.0    0.0    7.0   28.5    0.0    0.0    0.5    0.0    0.0    0.0    0.0    0.0    0.0    0.0    0.0    0.0
47260    0.0    2.0    0.0    0.0    0.0    0.0    0.0    0.0    0.0    6.0   23.0    0.5    0.0    0.0    0.0    0.0    0.0    0.0    0.0    0.0    0.0    1.0    0.5
47261    0.0    6.5    1.5    0.0    0.0    0.0    0.0    0.0    0.0    7.0   28.5    0.0    0.0    0.5    0.0    0.0    0.0    0.0    0.0    0.0    0.0    0.0    0.0
47262    0.0    4.5    2.0    0.0    0.0    0.0    0.0    0.0    0.0    5.5   26.0    2.0    0.0    0.0    0.0    0.0    0.0    0.0    0.0    0.0    0.0    0.0    0.0
47263    0.0    0.0    0.0    0.0    0.0    0.0    0.5    0.0    0.0    1.5   20.5    4.5    0.0    0.0    0.5    0.0    0.5    0.0    0.0    0.0    0.0    0.0    1.5
47264    0.0    0.0    0.0    0.0    2.0    1.0    1.5    0.0    0.0    3.5   13.0    1.5    0.0    0.0    0.0    0.0    0.0    0.0    0.5    0.0    0.0    0.0    0.0
47266    0.0    1.0    0.0    0.0    0.0    0.0    0.0    0.0    0.0    3.5   24.5    2.5    0.0    0.0    0.0    0.0    0.0    0.0    0.0    0.0    0.0    0.0    0.5
47268    0.0    8.0    2.0    0.0    0.0    0.0    0.0    0.0    0.0   12.0   26.5    0.0    0.0    0.0    0.0    0.0    0.0    0.0    0.0    0.0    0.0    0.0    0.0
47271    0.0    0.0    0.0    0.0    0.0    0.5    5.5    0.0    0.0    0.5    8.5    8.0    0.0    0.0   16.0    3.5    8.5    0.0    0.0    0.0    0.0    0.0    1.0
47272    0.0    0.0    0.0    0.0    3.0    0.5    3.0    0.0    0.0    0.0    9.0    3.0    0.0    0.0    0.0    0.0    0.0    0.0    0.0    0.0    0.0    0.0    0.5
47273    0.0    0.0    0.0    0.0    3.0    0.5    3.0    0.0    0.0    0.0    9.0    3.0    0.0    0.0    0.0    0.0    0.0    0.0    0.0    0.0    0.0    0.0    0.5
47276    0.0    0.0    0.0    0.0    0.5    0.0    1.5    0.0    0.0    0.0    9.0    6.0    0.0    0.0    0.5    0.0    1.0    0.0    0.0    0.0    0.0    0.0    1.0
47277    0.0    0.0    0.0    0.0    0.0    0.0    0.0    0.0    0.0    0.0   12.0   10.0    0.5    0.0    1.5    0.0    0.0    0.0    0.0    0.0    0.0    0.0    1.0
47278    0.0    0.0    0.0    0.0    0.5    0.0    1.5    0.0    0.0    0.0    9.0    6.0    0.0    0.0    0.5    0.0    1.0    0.0    0.0    0.0    0.0    0.0    1.0
47279    0.0    0.0    1.5    0.0    0.0    0.0    1.5    0.0    0.0    0.5   13.0    4.5    0.0    0.0    1.0    0.0    0.0    0.0    1.5    0.0    0.0    0.0    0.0
47281    0.0    0.0    0.0    0.0    0.0    0.0    1.5    0.0    0.0    0.0   11.5    6.5    0.0    0.0    0.0    0.0    1.5    0.0    0.5    0.0    0.0    0.0    1.0
47283    0.0    0.0    0.0    0.0    0.0    0.0    0.0    0.0    0.0    0.0   12.5   10.5    1.0    0.0    0.0    0.0    0.0    0.0    0.0    0.0    0.0    0.0    0.5
47284    0.0    0.0    0.0    0.0    2.0    1.0    1.5    0.0    0.0    3.5   13.0    1.5    0.0    0.0    0.0    0.0    0.0    0.0    0.5    0.0    0.0    0.0    0.0
47285    0.0    0.0    0.0    0.0    0.0    0.0    2.0    0.0    0.0    1.0   14.5    3.0    0.0    0.0    0.0    0.0    2.0    0.0    0.0    0.0    0.0    0.0    0.5
47288    0.0    0.0    0.0    0.0    0.0    0.0    0.0    0.0    0.0    0.0   14.5    7.0    0.0    0.0    0.0    0.0    2.0    0.0    0.0    0.0    0.0    0.0    0.0
47289    0.0    1.5    0.0    0.0    0.0    0.0    1.5    0.0    0.0    3.5   16.5    1.5    0.0    0.0   10.0    0.0    0.5    0.0    0.0    0.0    0.0    1.0    1.0
47294    0.0    0.0    2.5    1.5    0.0    0.0    0.0    0.0    0.0    0.0   20.5    8.0    0.0    0.0    0.0    0.0    0.0    0.0    0.0    0.0    0.0    0.0    0.0
47295    0.0    1.0    0.0    0.0    0.0    0.0    0.0    0.0    0.0    3.5   24.5    2.5    0.0    0.0    0.0    0.0    0.0    0.0    0.0    0.0    0.0    0.0    0.5
47299    3.5   45.5   10.0    0.0    0.0    0.0    0.0    0.0    0.0   79.5   12.5    0.0    0.0    0.0    0.0    0.0    0.0    0.0    2.0   10.5    0.5    0.0    0.0
  319    0.0    0.0    0.0    0.0    0.0    0.0    0.0    0.0    0.0    0.0    5.5    8.0    0.0    0.0    0.0    0.0    0.0    0.0    0.0    0.0    0.0    0.0    0.0
  328    0.5   29.0   10.0    0.0    0.0    0.0    0.0    0.0    0.0   13.5   16.0    1.0    0.0    0.0    0.0    0.0    0.0    0.0    0.0    1.5    0.0    0.0    0.0
  400    0.0    0.0    0.5    0.0    2.0    0.0    0.0    0.0    1.0    6.0    6.0    3.0    0.0    1.0    1.0    0.0    0.0    0.0    0.0    0.0    0.0    0.0    0.0
  433    0.0    0.0    0.0    3.0    0.0    0.0    0.0    0.0    0.0    7.5    8.5    2.0    1.0    0.0    0.0    0.0    0.0    0.0    0.0    0.0    0.0    0.0    0.0
  441    0.0    0.0    0.0    3.0    0.0    0.0    0.0    0.0    0.0    7.5    8.5    2.0    1.0    0.0    0.0    0.0    0.0    0.0    0.0    0.0    0.0    0.0    0.0
  504    0.0    0.0    4.5    0.0    0.0    0.0    1.5    0.0    0.0    6.5    5.0    3.5    0.0    0.0    2.0    0.0    0.0    0.0    0.0    0.0    0.0    0.0    0.0
  516    0.0    0.0    0.0    1.0    0.0    0.0    0.0    0.0    1.5    4.5    9.5    1.5    0.0    0.0    0.0    0.0    0.0    0.0    0.0    0.0    0.0    0.0    1.5
  517    1.0    0.0    0.0    0.0    0.0    0.0    0.0    0.0    0.0    6.0    9.5    9.0    1.0    0.0    3.0    4.5    5.5    0.0    0.0    0.0    0.0    0.0    0.0
  519    2.5    0.0    0.0    0.5    0.0    0.5    9.5    1.5    3.5    5.5    5.5    6.0    0.0    0.0    3.5    0.0    0.0    0.0    0.0    0.0    0.0    0.0    0.0
  523    0.0    0.0    0.0    0.5    0.0    0.0    0.0    0.0    0.0    5.0   10.5    9.5    1.0    0.0    0.0    2.5    4.0    0.0    0.0    0.0    0.0    0.0    0.0
  525    1.0    1.5    0.0    0.0    1.5    9.0    3.0    0.0    0.0    4.0    6.0    5.0    0.0    0.0    6.5    0.0    0.0    0.0    0.0    0.0    0.0    0.0    0.0
  526    1.0    1.5    0.0    0.0    1.5    9.0    3.0    0.0    0.0    4.0    6.0    5.0    0.0    0.0    6.5    0.0    0.0    0.0    0.0    0.0    0.0    0.0    0.0
  527    0.0    0.0    0.0    0.0    0.0    0.5    5.5    0.0    0.0    0.5    8.5    8.0    0.0    0.0   16.0    3.5    8.5    0.0    0.0    0.0    0.0    0.0    1.0
  528    0.5    0.0    0.0    0.0    0.0    0.0    0.0    0.0    0.0    8.5    1.0    0.0    0.0    0.0    0.0    0.0    0.0    0.0    0.0    0.0    0.0    0.0    0.5
  529    0.0    0.0    0.0    0.0    0.0    0.0    0.0    0.0    0.0    0.5   11.0   16.0    1.0    0.0    0.0    2.0    6.0    0.0    0.0    0.0    0.0    0.0    2.0
  530    0.0    0.0    0.0    0.0    0.0    0.0    0.0    0.0    0.0    0.0    5.5    8.0    0.0    0.0    0.0    0.0    0.0    0.0    0.0    0.0    0.0    0.0    0.0
  531    0.0    0.0    0.5    0.0    0.0    1.0    1.5    0.0    0.5    7.0    5.0    4.0    0.0    0.0    3.0    0.0    0.0    0.0    0.0    0.0    0.0    0.0    0.0
  532    0.0    0.0    4.5    0.0    0.0    0.0    1.5    0.0    0.0    6.5    5.0    3.5    0.0    0.0    2.0    0.0    0.0    0.0    0.0    0.0    0.0    0.0    0.0
  534    0.0    0.0    1.5    0.0    1.5    0.0    0.0    0.0    1.0    3.0    7.0    2.5    0.0    0.0    0.0    0.0    0.0    0.0    0.0    0.0    0.0    0.0    2.0
  536    1.0    1.5    0.0    0.0    1.5    9.0    3.0    0.0    0.0    4.0    6.0    5.0    0.0    0.0    6.5    0.0    0.0    0.0    0.0    0.0    0.0    0.0    0.0
  540    0.0    0.0    0.5    0.0    2.0    0.0    0.0    0.0    1.0    6.0    6.0    3.0    0.0    1.0    1.0    0.0    0.0    0.0    0.0    0.0    0.0    0.0    0.0
  541    0.0    0.0    0.5    0.0    2.0    0.0    0.0    0.0    1.0    6.0    6.0    3.0    0.0    1.0    1.0    0.0    0.0    0.0    0.0    0.0    0.0    0.0    0.0
  542    0.0    0.0    0.5    0.0    2.0    0.0    0.0    0.0    1.0    6.0    6.0    3.0    0.0    1.0    1.0    0.0    0.0    0.0    0.0    0.0    0.0    0.0    0.0
  546    0.0    0.0    0.5    0.0    2.0    0.0    0.0    0.0    1.0    6.0    6.0    3.0    0.0    1.0    1.0    0.0    0.0    0.0    0.0    0.0    0.0    0.0    0.0
  548    0.0    0.0    1.5    0.0    1.5    0.0    0.0    0.0    1.0    3.0    7.0    2.5    0.0    0.0    0.0    0.0    0.0    0.0    0.0    0.0    0.0    0.0    2.0
  549    0.0    0.0    0.0    1.0    0.0    0.0    0.0    0.0    1.5    4.5    9.5    1.5    0.0    0.0    0.0    0.0    0.0    0.0    0.0    0.0    0.0    0.0    1.5
  551    0.0    0.0    0.0    1.0    0.0    0.0    0.0    0.0    1.5    4.5    9.5    1.5    0.0    0.0    0.0    0.0    0.0    0.0    0.0    0.0    0.0    0.0    1.5
  552    2.5    0.0    0.0    0.5    0.0    0.5    9.5    1.5    3.5    5.5    5.5    6.0    0.0    0.0    3.5    0.0    0.0    0.0    0.0    0.0    0.0    0.0    0.0
  555    2.5    0.0    0.0    0.5    0.0    0.5    9.5    1.5    3.5    5.5    5.5    6.0    0.0    0.0    3.5    0.0    0.0    0.0    0.0    0.0    0.0    0.0    0.0
  556    1.0    0.0    0.0    0.0    0.0    0.0    0.0    0.0    0.0    6.0    9.5    9.0    1.0    0.0    3.0    4.5    5.5    0.0    0.0    0.0    0.0    0.0    0.0
  557    2.0    1.5    0.0    0.0    0.0    0.5   23.0    0.0    7.5    6.0    7.5    6.0    0.0    0.0    3.5    1.0    1.0    0.0    0.0    0.0    0.0    0.0    0.0
  559    2.0    1.5    0.0    0.0    0.0    0.5   23.0    0.0    7.5    6.0    7.5    6.0    0.0    0.0    3.5    1.0    1.0    0.0    0.0    0.0    0.0    0.0    0.0
  561    1.0    1.5    0.0    0.0    1.5    9.0    3.0    0.0    0.0    4.0    6.0    5.0    0.0    0.0    6.5    0.0    0.0    0.0    0.0    0.0    0.0    0.0    0.0
  562    0.0    0.0    0.0    0.0    2.5    2.0    3.0    0.0    0.0    1.5    7.0    4.5    0.0    0.0    0.0    0.0    0.0    0.0    0.0    0.0    0.0    0.0    0.5
  563    0.0    0.0    0.0    0.0    0.0    0.0    4.5    0.0    0.0    3.5    9.5    9.0    0.5    0.0    1.0    6.0    7.5    0.0    0.0    0.0    0.0    0.0    1.0
  565    0.0    0.0    0.0    3.0    0.0    0.0    0.0    0.0    0.0    7.5    8.5    2.0    1.0    0.0    0.0    0.0    0.0    0.0    0.0    0.0    0.0    0.0    0.0
  566    0.0    0.0    0.0    0.5    0.0    0.0    0.0    0.0    0.0    5.0   10.5    9.5    1.0    0.0    0.0    2.5    4.0    0.0    0.0    0.0    0.0    0.0    0.0
  571    0.0    0.0    0.0    0.0    0.0    0.0    0.0    0.0    0.0    6.0    9.5    0.5    0.0    0.0    0.0    0.0    0.0    0.0    0.0    0.0    0.0    0.0    1.5
  572    0.0    0.0    0.5    0.0    2.0    0.0    0.0    0.0    1.0    6.0    6.0    3.0    0.0    1.0    1.0    0.0    0.0    0.0    0.0    0.0    0.0    0.0    0.0
  579    0.0    0.0    0.0    0.0    0.0    0.0    4.5    0.0    0.0    3.5    9.5    9.0    0.5    0.0    1.0    6.0    7.5    0.0    0.0    0.0    0.0    0.0    1.0
  580    0.0    0.0    0.0    0.0    0.0    0.0    4.5    0.0    0.0    3.5    9.5    9.0    0.5    0.0    1.0    6.0    7.5    0.0    0.0    0.0    0.0    0.0    1.0
  581    0.0    0.0    0.0    0.0    0.0    0.5    5.5    0.0    0.0    0.5    8.5    8.0    0.0    0.0   16.0    3.5    8.5    0.0    0.0    0.0    0.0    0.0    1.0
  583    1.0    1.5    0.0    0.0    1.5    9.0    3.0    0.0    0.0    4.0    6.0    5.0    0.0    0.0    6.5    0.0    0.0    0.0    0.0    0.0    0.0    0.0    0.0
  586    0.0    0.0    0.5    0.0    0.0    1.0    1.5    0.0    0.5    7.0    5.0    4.0    0.0    0.0    3.0    0.0    0.0    0.0    0.0    0.0    0.0    0.0    0.0
  588    0.0    0.0    0.5    0.0    0.0    1.0    1.5    0.0    0.5    7.0    5.0    4.0    0.0    0.0    3.0    0.0    0.0    0.0    0.0    0.0    0.0    0.0    0.0
  590    0.0    0.0    0.5    0.0    2.0    0.0    0.0    0.0    1.0    6.0    6.0    3.0    0.0    1.0    1.0    0.0    0.0    0.0    0.0    0.0    0.0    0.0    0.0
  598    0.0    0.0    4.5    0.0    0.0    0.0    1.5    0.0    0.0    6.5    5.0    3.5    0.0    0.0    2.0    0.0    0.0    0.0    0.0    0.0    0.0    0.0    0.0
  601    0.0    0.0    0.0    0.0    2.5    2.0    3.0    0.0    0.0    1.5    7.0    4.5    0.0    0.0    0.0    0.0    0.0    0.0    0.0    0.0    0.0    0.0    0.5
  602    0.0    0.0    3.5    0.0    2.0    0.0    0.5    0.0    1.0    3.0    9.5    1.5    0.0    0.0    0.0    0.0    0.0    0.0    0.0    0.0    0.0    0.0    1.0
  603    0.0    0.0    3.5    0.0    2.0    0.0    0.5    0.0    1.0    3.0    9.5    1.5    0.0    0.0    0.0    0.0    0.0    0.0    0.0    0.0    0.0    0.0    1.0
  604    0.0    0.0    6.0    0.0    1.0    0.0    0.0    0.0    0.0    4.0   11.5    1.5    0.0    0.0    0.0    0.0    0.0    0.0    0.0    0.0    0.0    0.0    0.0
  605    0.0    0.0    1.0    0.0    0.0    0.0    0.0    0.0    0.0    4.0   11.5    1.5    0.0    0.0    0.5    0.0    0.0    0.0    0.0    0.0    0.0    0.5    0.0
  606    0.0    0.0    0.0    0.0    0.0    0.0    0.0    0.0    0.0    6.0    9.5    0.5    0.0    0.0    0.0    0.0    0.0    0.0    0.0    0.0    0.0    0.0    1.5
  610    0.0    0.0    0.0    0.0    0.0    0.0    0.0    0.0    0.0    8.0    6.5    0.5    0.0    0.0    0.0    0.0    0.0    0.0    0.0    0.0    0.0    0.0    1.0
  611    0.0    0.0    3.0    0.0    0.0    0.0    0.0    0.0    1.5    7.0   10.0    1.0    0.0    0.0    0.0    0.0    0.0    0.0    0.0    0.0    0.0    0.0    1.0
  612    0.0    0.0    4.5    0.0    0.5    0.0    0.0    0.0    0.5    9.0    8.5    1.0    0.0    0.0    0.0    0.0    0.0    0.0    0.0    0.0    0.0    0.0    0.0
  614    0.5    0.0    0.5    1.0    0.0    0.0    0.0    0.0    0.0    7.5    5.0    0.0    0.0    0.0    0.0    0.0    0.0    0.0    0.0    0.0    0.0    1.0    0.0
  615    0.0    0.0    4.5    0.0    0.5    0.0    0.0    0.0    0.5    9.0    8.5    1.0    0.0    0.0    0.0    0.0    0.0    0.0    0.0    0.0    0.0    0.0    0.0
  616    0.0    0.0    0.0    0.0    0.0    0.0    0.0    0.0    0.0    8.0    6.5    0.5    0.0    0.0    0.0    0.0    0.0    0.0    0.0    0.0    0.0    0.0    1.0
  617    0.0    0.0    3.0    0.0    0.0    0.0    0.0    0.0    1.5    7.0   10.0    1.0    0.0    0.0    0.0    0.0    0.0    0.0    0.0    0.0    0.0    0.0    1.0
  618    0.0    0.0    0.0    0.0    0.0    0.0    0.0    0.0    0.0    9.5    4.5    0.0    0.0    0.0    0.0    0.0    0.0    0.0    0.0    0.0    0.0    0.5    0.0
  619    0.0    0.0    1.5    0.0    1.5    0.0    0.0    0.0    1.0    3.0    7.0    2.5    0.0    0.0    0.0    0.0    0.0    0.0    0.0    0.0    0.0    0.0    2.0
  623    0.0    0.0    3.5    0.0    2.0    0.0    0.5    0.0    1.0    3.0    9.5    1.5    0.0    0.0    0.0    0.0    0.0    0.0    0.0    0.0    0.0    0.0    1.0
  624    0.0    0.0    3.5    0.0    2.0    0.0    0.5    0.0    1.0    3.0    9.5    1.5    0.0    0.0    0.0    0.0    0.0    0.0    0.0    0.0    0.0    0.0    1.0
  627    0.0    0.0    0.0    0.0    0.0    0.0    0.0    0.0    0.0    8.0    6.5    0.5    0.0    0.0    0.0    0.0    0.0    0.0    0.0    0.0    0.0    0.0    1.0
  628    0.0    0.0    0.0    0.0    0.0    0.0    0.0    0.0    0.0    8.0    6.5    0.5    0.0    0.0    0.0    0.0    0.0    0.0    0.0    0.0    0.0    0.0    1.0
  630    0.0    0.0    1.5    0.0    1.5    0.0    0.0    0.0    1.0    3.0    7.0    2.5    0.0    0.0    0.0    0.0    0.0    0.0    0.0    0.0    0.0    0.0    2.0
  634    0.0    0.0    3.0    0.0    0.0    0.0    0.0    0.0    1.5    7.0   10.0    1.0    0.0    0.0    0.0    0.0    0.0    0.0    0.0    0.0    0.0    0.0    1.0
  635    0.0    0.0    0.0    0.0    0.0    0.0    0.0    0.0    0.0    6.5    8.5    0.0    0.0    0.0    0.0    0.0    0.0    0.0    0.0    0.0    0.0    0.5    0.0
  636    0.0    0.0    4.5    0.0    0.5    0.0    0.0    0.0    0.5    9.0    8.5    1.0    0.0    0.0    0.0    0.0    0.0    0.0    0.0    0.0    0.0    0.0    0.0
  642    0.0    0.0    4.5    0.0    0.5    0.0    0.0    0.0    0.5    9.0    8.5    1.0    0.0    0.0    0.0    0.0    0.0    0.0    0.0    0.0    0.0    0.0    0.0
  652    0.0    0.0    4.5    0.0    0.0    0.0    1.5    0.0    0.0    6.5    5.0    3.5    0.0    0.0    2.0    0.0    0.0    0.0    0.0    0.0    0.0    0.0    0.0
   96    0.0    0.0    0.0    1.0    0.0    0.0    0.0    0.0    0.0    0.0    4.5   10.0    0.0    0.0    0.0    0.0    0.0    0.0    0.0    0.0    0.0    0.0    0.0
  661    0.0    0.0    0.0    0.0    0.0    0.0    0.0    0.0    0.0    9.0    9.5   11.0    1.0    0.0    0.0    1.5    2.5    0.0    1.5    0.0    0.0    0.0    0.0
  670    1.0    0.5    1.0    2.0    0.0    0.0    0.0    0.0    0.5    5.5   12.0   12.5    2.0    0.0    0.0    0.0    0.0    0.0    0.0    0.0    0.0    0.5    0.5
  671    1.0    0.5    1.0    2.0    0.0    0.0    0.0    0.0    0.5    5.5   12.0   12.5    2.0    0.0    0.0    0.0    0.0    0.0    0.0    0.0    0.0    0.5    0.5
  699    0.0    4.0    0.0    0.0    0.0    0.0    0.0    0.0    0.0    7.5   17.0    0.0    0.0    1.0    0.0    0.0    0.0    0.0    0.0    0.0    0.0    1.0    0.0
  701    0.0    0.0    1.0    0.0    0.0    0.0    0.0    0.0    0.0    4.0   11.5    1.5    0.0    0.0    0.5    0.0    0.0    0.0    0.0    0.0    0.0    0.5    0.0
  702    0.0    0.0    0.0    0.0    0.0    0.0    0.0    0.0    0.0    6.5    8.5    0.0    0.0    0.0    0.0    0.0    0.0    0.0    0.0    0.0    0.0    0.5    0.0
  703    0.0    0.0    0.0    0.0    2.0    1.0    1.5    0.0    0.0    3.5   13.0    1.5    0.0    0.0    0.0    0.0    0.0    0.0    0.5    0.0    0.0    0.0    0.0
  704    0.0    0.0    0.0    0.0    0.0    0.0    0.0    0.0    0.0    5.0    5.5    0.0    0.0    0.0    0.0    0.0    0.0    0.0    0.0    0.0    0.0    0.0    0.0
  706    0.0    2.0    0.0    0.0    0.0    0.0    0.0    0.0    0.0    5.0   14.5    0.0    0.0    0.0    2.0    0.0    0.0    0.0    0.0    0.0    0.0    0.0    0.0
  709    0.0    1.5    0.0    0.0    0.0    0.0    1.5    0.0    0.0    3.5   16.5    1.5    0.0    0.0   10.0    0.0    0.5    0.0    0.0    0.0    0.0    1.0    1.0
  710    0.0    4.0    0.0    0.0    0.0    0.0    0.0    0.0    0.0    7.5   17.0    0.0    0.0    1.0    0.0    0.0    0.0    0.0    0.0    0.0    0.0    1.0    0.0
  711    0.0    2.0    0.0    0.0    0.0    0.0    0.0    0.0    0.0    6.0   23.0    0.5    0.0    0.0    0.0    0.0    0.0    0.0    0.0    0.0    0.0    1.0    0.5
  712    0.0    1.0    0.0    0.0    0.0    0.0    0.0    0.0    0.0    3.5   24.5    2.5    0.0    0.0    0.0    0.0    0.0    0.0    0.0    0.0    0.0    0.0    0.5
  713    0.0    1.0    0.0    0.0    0.0    0.0    0.0    0.0    0.0    3.5   24.5    2.5    0.0    0.0    0.0    0.0    0.0    0.0    0.0    0.0    0.0    0.0    0.5
  727    0.5   29.0   10.0    0.0    0.0    0.0    0.0    0.0    0.0   13.5   16.0    1.0    0.0    0.0    0.0    0.0    0.0    0.0    0.0    1.5    0.0    0.0    0.0
  730    0.0    2.5    0.0    0.0    0.0    0.0    0.0    0.0    0.0    6.0   11.0    0.0    0.0    1.0    0.5    0.0    0.0    0.0    0.0    0.0    0.0    0.0    0.0
  731    0.0    4.0    0.0    0.0    0.0    0.0    0.0    0.0    0.0    7.5   17.0    0.0    0.0    1.0    0.0    0.0    0.0    0.0    0.0    0.0    0.0    1.0    0.0
  732    0.0    2.0    0.0    0.0    0.0    0.0    0.0    0.0    0.0    6.0   23.0    0.5    0.0    0.0    0.0    0.0    0.0    0.0    0.0    0.0    0.0    1.0    0.5
  733    0.0    0.0    0.0    0.0    0.0    0.0    0.0    0.0    0.0    6.5    8.5    0.0    0.0    0.0    0.0    0.0    0.0    0.0    0.0    0.0    0.0    0.5    0.0
  734    0.0    0.0    0.0    0.0    0.0    0.0    0.0    0.0    0.0    6.5    8.5    0.0    0.0    0.0    0.0    0.0    0.0    0.0    0.0    0.0    0.0    0.5    0.0
  736    0.5    0.0    0.5    1.0    0.0    0.0    0.0    0.0    0.0    7.5    5.0    0.0    0.0    0.0    0.0    0.0    0.0    0.0    0.0    0.0    0.0    1.0    0.0
  737    0.0    0.0    0.0    0.0    0.0    0.0    0.0    0.0    0.0    5.0    8.5    0.0    0.0    0.0    0.0    0.0    0.0    0.0    0.0    0.0    0.0    0.5    0.0
  738    0.0    0.0    0.0    0.0    0.0    0.0    0.0    0.0    0.0    5.0    5.5    0.0    0.0    0.0    0.0    0.0    0.0    0.0    0.0    0.0    0.0    0.0    0.0
  741    0.0    2.0    0.0    0.0    0.0    0.0    0.0    0.0    0.0    6.0   23.0    0.5    0.0    0.0    0.0    0.0    0.0    0.0    0.0    0.0    0.0    1.0    0.5
  745    0.0    4.0    0.0    0.0    0.0    0.0    0.0    0.0    0.0    7.5   17.0    0.0    0.0    1.0    0.0    0.0    0.0    0.0    0.0    0.0    0.0    1.0    0.0
  748    0.0    2.0    0.0    0.0    0.0    0.0    0.0    0.0    0.0    6.0   23.0    0.5    0.0    0.0    0.0    0.0    0.0    0.0    0.0    0.0    0.0    1.0    0.5
  751    0.5   29.0   10.0    0.0    0.0    0.0    0.0    0.0    0.0   13.5   16.0    1.0    0.0    0.0    0.0    0.0    0.0    0.0    0.0    1.5    0.0    0.0    0.0
  752    0.5   29.0   10.0    0.0    0.0    0.0    0.0    0.0    0.0   13.5   16.0    1.0    0.0    0.0    0.0    0.0    0.0    0.0    0.0    1.5    0.0    0.0    0.0
  754    0.0    4.0    0.0    0.0    0.0    0.0    0.0    0.0    0.0    7.5   17.0    0.0    0.0    1.0    0.0    0.0    0.0    0.0    0.0    0.0    0.0    1.0    0.0
  757    0.0    0.0    1.0    0.0    0.0    0.0    0.0    0.0    0.0    4.0   11.5    1.5    0.0    0.0    0.5    0.0    0.0    0.0    0.0    0.0    0.0    0.5    0.0
  762    0.0    0.0    0.0    0.0    0.0    0.0    0.0    0.0    0.0    5.0    8.5    0.0    0.0    0.0    0.0    0.0    0.0    0.0    0.0    0.0    0.0    0.5    0.0
  767    0.0    4.5    2.0    0.0    0.0    0.0    0.0    0.0    0.0    5.5   26.0    2.0    0.0    0.0    0.0    0.0    0.0    0.0    0.0    0.0    0.0    0.0    0.0
  768    0.0    2.0    0.0    0.0    0.0    0.0    0.0    0.0    0.0    5.0   14.5    0.0    0.0    0.0    2.0    0.0    0.0    0.0    0.0    0.0    0.0    0.0    0.0
  769    0.0    2.5    0.0    0.0    0.0    0.0    0.0    0.0    0.0    6.0   11.0    0.0    0.0    1.0    0.5    0.0    0.0    0.0    0.0    0.0    0.0    0.0    0.0
  771    0.0    5.5    0.0    0.0    0.0    0.0    0.0    0.0    0.0    8.5   13.5    0.0    0.0    0.0    0.0    0.0    0.0    0.0    0.0    0.0    0.0    0.5    0.0
  775    0.0    2.5    0.0    0.0    0.0    0.0    0.0    0.0    0.0    6.0   11.0    0.0    0.0    1.0    0.5    0.0    0.0    0.0    0.0    0.0    0.0    0.0    0.0
  779    1.5   32.0   10.0    0.0    0.0    0.0    0.0    0.0    0.0   28.0   27.0    0.5    0.0    0.0    0.0    0.0    0.0    0.0    0.5    1.5    0.0    0.0    0.0
  780    0.5   29.0   10.0    0.0    0.0    0.0    0.0    0.0    0.0   13.5   16.0    1.0    0.0    0.0    0.0    0.0    0.0    0.0    0.0    1.5    0.0    0.0    0.0
  789    0.0    4.0    0.0    0.0    0.0    0.0    0.0    0.0    0.0    7.5   17.0    0.0    0.0    1.0    0.0    0.0    0.0    0.0    0.0    0.0    0.0    1.0    0.0
  801    0.0    0.0    0.0    0.0    0.0    0.0    0.0    0.0    0.0    0.0   12.0   12.5    0.5    0.0    2.5    2.5    2.0    0.0    0.0    0.0    0.0    0.0    1.5
  803    0.0    0.0    0.0    0.0    0.5    0.0    1.5    0.0    0.0    0.0    9.0    6.0    0.0    0.0    0.5    0.0    1.0    0.0    0.0    0.0    0.0    0.0    1.0
  804    0.0    0.0    0.0    0.0    0.0    0.0    0.0    0.0    0.0    0.0   12.0   10.0    0.5    0.0    1.5    0.0    0.0    0.0    0.0    0.0    0.0    0.0    1.0
  810    0.0    0.0    1.5    0.0    0.0    0.0    1.5    0.0    0.0    0.5   13.0    4.5    0.0    0.0    1.0    0.0    0.0    0.0    1.5    0.0    0.0    0.0    0.0
  811    0.0    0.0    0.0    0.0    0.0    0.0    0.0    0.0    0.0    0.0   12.5   10.5    1.0    0.0    0.0    0.0    0.0    0.0    0.0    0.0    0.0    0.0    0.5
  812    0.0    0.0    0.0    0.0    0.0    0.0    2.0    0.0    0.0    1.0   14.5    3.0    0.0    0.0    0.0    0.0    2.0    0.0    0.0    0.0    0.0    0.0    0.5
  813    0.0    0.0    0.0    0.0    0.0    0.0    0.0    0.0    0.0    0.0   14.5    7.0    0.0    0.0    0.0    0.0    2.0    0.0    0.0    0.0    0.0    0.0    0.0
  815    0.0    0.0    0.0    0.0    3.0    0.5    3.0    0.0    0.0    0.0    9.0    3.0    0.0    0.0    0.0    0.0    0.0    0.0    0.0    0.0    0.0    0.0    0.5
  822    0.0    0.0    1.5    0.0    0.0    0.0    1.5    0.0    0.0    0.5   13.0    4.5    0.0    0.0    1.0    0.0    0.0    0.0    1.5    0.0    0.0    0.0    0.0
  823    0.0    0.0    0.0    0.0    0.5    0.0    1.5    0.0    0.0    0.0    9.0    6.0    0.0    0.0    0.5    0.0    1.0    0.0    0.0    0.0    0.0    0.0    1.0
  825    0.0    0.0    1.5    0.0    0.0    0.0    1.5    0.0    0.0    0.5   13.0    4.5    0.0    0.0    1.0    0.0    0.0    0.0    1.5    0.0    0.0    0.0    0.0
  827    0.0    0.0    0.0    0.0    0.0    0.0    1.5    0.0    0.0    0.0   11.5    6.5    0.0    0.0    0.0    0.0    1.5    0.0    0.5    0.0    0.0    0.0    1.0
  828    0.0    0.0    0.0    0.0    0.0    0.0    2.0    0.0    0.0    1.0   14.5    3.0    0.0    0.0    0.0    0.0    2.0    0.0    0.0    0.0    0.0    0.0    0.5
  832    0.0    0.0    1.0    0.0    1.0    0.0    1.0    0.0    0.0    0.0   10.0    3.5    0.0    0.0    0.0    0.0    0.0    0.0    0.0    0.0    0.0    0.0    0.5
  834    0.0    0.0    6.0    0.0    1.0    0.0    0.0    0.0    0.0    4.0   11.5    1.5    0.0    0.0    0.0    0.0    0.0    0.0    0.0    0.0    0.0    0.0    0.0
  836    0.0    0.0    0.0    0.0    0.5    0.0    1.5    0.0    0.0    0.0    9.0    6.0    0.0    0.0    0.5    0.0    1.0    0.0    0.0    0.0    0.0    0.0    1.0
  844    0.0    0.0    0.0    0.0    0.0    0.0    0.0    0.0    0.0    0.0   12.0   10.0    0.5    0.0    1.5    0.0    0.0    0.0    0.0    0.0    0.0    0.0    1.0
  850    0.0    0.0    0.0    1.5    0.0    0.0    0.0    0.0    0.0    0.0   13.5   10.0    0.5    0.0    0.0    0.0    0.0    0.0    0.0    0.0    0.0    0.0    0.5
  876    0.5    1.0    1.0    1.5    0.5    0.0    0.0    0.0    0.0    3.0   12.5   15.0    2.0    0.0    0.0    0.0    0.0    0.0    0.0    0.0    0.0    0.0    1.5
  877    0.0    0.0    3.0    0.0    1.0    0.0    2.5    0.0    0.5    5.0    4.5    3.5    0.0    0.0    5.0    0.0    0.0    0.0    0.0    0.0    0.0    0.0    0.5
  887    0.0    0.0    4.5    0.0    0.5    0.0    0.0    0.0    0.5    9.0    8.5    1.0    0.0    0.0    0.0    0.0    0.0    0.0    0.0    0.0    0.0    0.0    0.0
  900    0.0    0.0    0.0    1.5    0.0    0.0    0.0    0.0    0.0    0.0   13.5   10.0    0.5    0.0    0.0    0.0    0.0    0.0    0.0    0.0    0.0    0.0    0.5
  901    0.0    0.0    0.0    1.5    0.0    0.0    0.0    0.0    0.0    0.0   13.5   10.0    0.5    0.0    0.0    0.0    0.0    0.0    0.0    0.0    0.0    0.0    0.5
  907    0.0    0.0    0.5    0.0    0.0    0.0    0.0    0.0    0.0    1.5   24.0    5.0    0.0    0.0    0.0    0.0    0.0    0.0    0.0    0.0    0.0    0.0    0.5
  908    0.0    0.0    0.0    1.0    0.0    0.0    0.0    0.0    0.0    0.0   17.5    6.5    0.0    0.0    0.0    0.0    0.0    0.0    0.0    0.0    0.0    0.0    1.0
  909    0.0    0.0    2.5    1.5    0.0    0.0    0.0    0.0    0.0    0.0   20.5    8.0    0.0    0.0    0.0    0.0    0.0    0.0    0.0    0.0    0.0    0.0    0.0
  912    0.0    0.0    0.0    0.0    2.0    1.0    1.5    0.0    0.0    3.5   13.0    1.5    0.0    0.0    0.0    0.0    0.0    0.0    0.5    0.0    0.0    0.0    0.0
  915    0.0    0.0    0.0    0.0    0.0    0.0    0.5    0.0    0.0    1.5   20.5    4.5    0.0    0.0    0.5    0.0    0.5    0.0    0.0    0.0    0.0    0.0    1.5
  917    0.0    0.0    0.5    0.0    0.0    0.0    0.0    0.0    0.0    1.5   24.0    5.0    0.0    0.0    0.0    0.0    0.0    0.0    0.0    0.0    0.0    0.0    0.5
  918    0.0    0.0    0.5    0.0    0.0    0.0    0.0    0.0    0.0    1.5   24.0    5.0    0.0    0.0    0.0    0.0    0.0    0.0    0.0    0.0    0.0    0.0    0.5
  919    0.0    0.0    0.0    0.0    0.0    0.0    2.0    0.0    0.0    1.0   14.5    3.0    0.0    0.0    0.0    0.0    2.0    0.0    0.0    0.0    0.0    0.0    0.5
  920    0.0    0.0    0.0    0.0    0.0    0.0    0.5    0.0    0.0    1.5   20.5    4.5    0.0    0.0    0.5    0.0    0.5    0.0    0.0    0.0    0.0    0.0    1.5
  923    0.0    0.0    2.0    3.0    0.0    0.0    0.0    0.0    0.0    0.0   15.0    9.0    0.0    0.0    0.0    0.0    0.0    0.0    0.0    0.0    0.0    0.0    1.5
  932    0.0    1.5    0.0    0.0    0.0    0.0    1.5    0.0    0.0    3.5   16.5    1.5    0.0    0.0   10.0    0.0    0.5    0.0    0.0    0.0    0.0    1.0    1.0
  936    0.0    0.0    0.0    0.0    0.0    0.0    0.5    0.0    0.0    1.5   20.5    4.5    0.0    0.0    0.5    0.0    0.5    0.0    0.0    0.0    0.0    0.0    1.5
  940    0.0    0.0    0.0    1.0    0.0    0.0    0.0    0.0    0.0    0.0   17.5    6.5    0.0    0.0    0.0    0.0    0.0    0.0    0.0    0.0    0.0    0.0    1.0
  946    0.0    0.0    0.0    0.0    2.0    1.0    1.5    0.0    0.0    3.5   13.0    1.5    0.0    0.0    0.0    0.0    0.0    0.0    0.5    0.0    0.0    0.0    0.0
  790    0.0    2.5    3.0    0.0    0.0    0.0    0.0    0.0    0.0    3.5   22.5    3.5    0.0    0.0    0.0    0.0    0.0    0.0    0.0    0.0    0.0    0.0    0.0
10111    0.0    0.0    0.5    0.0    2.0    0.0    0.0    0.0    1.0    6.0    6.0    3.0    0.0    1.0    1.0    0.0    0.0    0.0    0.0    0.0    0.0    0.0    0.0
10112    0.0    0.0    0.5    0.0    2.0    0.0    0.0    0.0    1.0    6.0    6.0    3.0    0.0    1.0    1.0    0.0    0.0    0.0    0.0    0.0    0.0    0.0    0.0
10121    1.0    0.0    0.0    0.0    0.0    0.0    0.0    0.0    0.0    6.0    9.5    9.0    1.0    0.0    3.0    4.5    5.5    0.0    0.0    0.0    0.0    0.0    0.0
10122    1.0    0.0    0.0    0.0    0.0    0.0    0.0    0.0    0.0    6.0    9.5    9.0    1.0    0.0    3.0    4.5    5.5    0.0    0.0    0.0    0.0    0.0    0.0
10131    0.0    0.0    0.0    0.5    0.0    0.0    0.0    0.0    0.0    5.0   10.5    9.5    1.0    0.0    0.0    2.5    4.0    0.0    0.0    0.0    0.0    0.0    0.0
10132    0.0    0.0    0.0    0.5    0.0    0.0    0.0    0.0    0.0    5.0   10.5    9.5    1.0    0.0    0.0    2.5    4.0    0.0    0.0    0.0    0.0    0.0    0.0
10141    1.0    1.5    0.0    0.0    1.5    9.0    3.0    0.0    0.0    4.0    6.0    5.0    0.0    0.0    6.5    0.0    0.0    0.0    0.0    0.0    0.0    0.0    0.0
10142    1.0    1.5    0.0    0.0    1.5    9.0    3.0    0.0    0.0    4.0    6.0    5.0    0.0    0.0    6.5    0.0    0.0    0.0    0.0    0.0    0.0    0.0    0.0
10151    0.0    0.0    4.5    0.0    0.5    0.0    0.0    0.0    0.5    9.0    8.5    1.0    0.0    0.0    0.0    0.0    0.0    0.0    0.0    0.0    0.0    0.0    0.0
10152    0.0    0.0    4.5    0.0    0.5    0.0    0.0    0.0    0.5    9.0    8.5    1.0    0.0    0.0    0.0    0.0    0.0    0.0    0.0    0.0    0.0    0.0    0.0
10161    0.0    0.0    6.0    0.0    1.0    0.0    0.0    0.0    0.0    4.0   11.5    1.5    0.0    0.0    0.0    0.0    0.0    0.0    0.0    0.0    0.0    0.0    0.0
10162    0.0    0.0    6.0    0.0    1.0    0.0    0.0    0.0    0.0    4.0   11.5    1.5    0.0    0.0    0.0    0.0    0.0    0.0    0.0    0.0    0.0    0.0    0.0
10171    0.0    0.0    0.0    0.0    3.0    0.5    3.0    0.0    0.0    0.0    9.0    3.0    0.0    0.0    0.0    0.0    0.0    0.0    0.0    0.0    0.0    0.0    0.5
10172    0.0    0.0    0.0    0.0    3.0    0.5    3.0    0.0    0.0    0.0    9.0    3.0    0.0    0.0    0.0    0.0    0.0    0.0    0.0    0.0    0.0    0.0    0.5
10181    0.0    4.0    0.0    0.0    0.0    0.0    0.0    0.0    0.0    7.5   17.0    0.0    0.0    1.0    0.0    0.0    0.0    0.0    0.0    0.0    0.0    1.0    0.0
10182    0.0    4.0    0.0    0.0    0.0    0.0    0.0    0.0    0.0    7.5   17.0    0.0    0.0    1.0    0.0    0.0    0.0    0.0    0.0    0.0    0.0    1.0    0.0
10192    0.0    1.5    0.0    0.0    0.0    0.0    1.5    0.0    0.0    3.5   16.5    1.5    0.0    0.0   10.0    0.0    0.5    0.0    0.0    0.0    0.0    1.0    1.0
10201    0.0    0.0    0.0    0.0    0.0    0.0    0.0    0.0    0.0    5.0    8.5    0.0    0.0    0.0    0.0    0.0    0.0    0.0    0.0    0.0    0.0    0.5    0.0
10202    0.0    0.0    0.0    0.0    0.0    0.0    0.0    0.0    0.0    5.0    8.5    0.0    0.0    0.0    0.0    0.0    0.0    0.0    0.0    0.0    0.0    0.5    0.0
10211    0.0    0.0    1.0    0.0    0.0    0.0    0.0    0.0    0.0    4.0   11.5    1.5    0.0    0.0    0.5    0.0    0.0    0.0    0.0    0.0    0.0    0.5    0.0
10212    0.0    0.0    0.0    0.0    2.0    1.0    1.5    0.0    0.0    3.5   13.0    1.5    0.0    0.0    0.0    0.0    0.0    0.0    0.5    0.0    0.0    0.0    0.0
10221    0.0    0.0    0.0    0.0    0.0    0.0    0.0    0.0    0.0    0.0   12.0   10.0    0.5    0.0    1.5    0.0    0.0    0.0    0.0    0.0    0.0    0.0    1.0
10222    0.0    0.0    0.0    0.0    0.0    0.0    0.0    0.0    0.0    0.0   12.0   10.0    0.5    0.0    1.5    0.0    0.0    0.0    0.0    0.0    0.0    0.0    1.0
10231    0.0    1.5    0.0    0.0    0.0    0.0    1.5    0.0    0.0    3.5   16.5    1.5    0.0    0.0   10.0    0.0    0.5    0.0    0.0    0.0    0.0    1.0    1.0
10232    0.0    1.5    0.0    0.0    0.0    0.0    1.5    0.0    0.0    3.5   16.5    1.5    0.0    0.0   10.0    0.0    0.5    0.0    0.0    0.0    0.0    1.0    1.0
10241    0.0    0.0    0.0    0.0    3.0    0.5    3.0    0.0    0.0    0.0    9.0    3.0    0.0    0.0    0.0    0.0    0.0    0.0    0.0    0.0    0.0    0.0    0.5
10242    0.0    0.0    0.0    0.0    2.5    2.0    3.0    0.0    0.0    1.5    7.0    4.5    0.0    0.0    0.0    0.0    0.0    0.0    0.0    0.0    0.0    0.0    0.5
10251    0.0    0.0    1.5    0.0    0.0    0.0    1.5    0.0    0.0    0.5   13.0    4.5    0.0    0.0    1.0    0.0    0.0    0.0    1.5    0.0    0.0    0.0    0.0
10252    0.0    0.0    0.0    0.0    0.0    0.0    2.0    0.0    0.0    1.0   14.5    3.0    0.0    0.0    0.0    0.0    2.0    0.0    0.0    0.0    0.0    0.0    0.5
10261    0.5   29.0   10.0    0.0    0.0    0.0    0.0    0.0    0.0   13.5   16.0    1.0    0.0    0.0    0.0    0.0    0.0    0.0    0.0    1.5    0.0    0.0    0.0
10262    0.5   29.0   10.0    0.0    0.0    0.0    0.0    0.0    0.0   13.5   16.0    1.0    0.0    0.0    0.0    0.0    0.0    0.0    0.0    1.5    0.0    0.0    0.0
10272    0.5   29.0   10.0    0.0    0.0    0.0    0.0    0.0    0.0   13.5   16.0    1.0    0.0    0.0    0.0    0.0    0.0    0.0    0.0    1.5    0.0    0.0    0.0
10281    0.0    2.0    0.0    0.0    0.0    0.0    0.0    0.0    0.0    5.0   14.5    0.0    0.0    0.0    2.0    0.0    0.0    0.0    0.0    0.0    0.0    0.0    0.0
10282    0.0    2.0    0.0    0.0    0.0    0.0    0.0    0.0    0.0    5.0   14.5    0.0    0.0    0.0    2.0    0.0    0.0    0.0    0.0    0.0    0.0    0.0    0.0
20111    0.0    0.0    0.5    0.0    0.0    1.0    1.5    0.0    0.5    7.0    5.0    4.0    0.0    0.0    3.0    0.0    0.0    0.0    0.0    0.0    0.0    0.0    0.0
20121    0.0    0.0    0.5    0.0    2.0    0.0    0.0    0.0    1.0    6.0    6.0    3.0    0.0    1.0    1.0    0.0    0.0    0.0    0.0    0.0    0.0    0.0    0.0
20131    0.0    0.0    0.5    0.0    2.0    0.0    0.0    0.0    1.0    6.0    6.0    3.0    0.0    1.0    1.0    0.0    0.0    0.0    0.0    0.0    0.0    0.0    0.0
20141    0.0    0.0    0.0    0.0    0.0    0.5    5.5    0.0    0.0    0.5    8.5    8.0    0.0    0.0   16.0    3.5    8.5    0.0    0.0    0.0    0.0    0.0    1.0
20151    0.0    0.0    4.5    0.0    0.5    0.0    0.0    0.0    0.5    9.0    8.5    1.0    0.0    0.0    0.0    0.0    0.0    0.0    0.0    0.0    0.0    0.0    0.0
20161    0.0    0.0    0.0    0.0    0.0    0.0    0.0    0.0    0.0    6.5    8.5    0.0    0.0    0.0    0.0    0.0    0.0    0.0    0.0    0.0    0.0    0.5    0.0
20171    0.0    0.0    0.0    0.0    2.0    1.0    1.5    0.0    0.0    3.5   13.0    1.5    0.0    0.0    0.0    0.0    0.0    0.0    0.5    0.0    0.0    0.0    0.0
20181    0.0    0.0    0.0    0.0    0.0    0.0    0.0    0.0    0.0    5.0    8.5    0.0    0.0    0.0    0.0    0.0    0.0    0.0    0.0    0.0    0.0    0.5    0.0
20191    0.0    0.0    0.0    0.0    0.0    0.0    0.0    0.0    0.0    5.0    5.5    0.0    0.0    0.0    0.0    0.0    0.0    0.0    0.0    0.0    0.0    0.0    0.0
20201    0.0    2.0    0.0    0.0    0.0    0.0    0.0    0.0    0.0    5.0   14.5    0.0    0.0    0.0    2.0    0.0    0.0    0.0    0.0    0.0    0.0    0.0    0.0
20211    0.0    2.0    0.0    0.0    0.0    0.0    0.0    0.0    0.0    6.0   23.0    0.5    0.0    0.0    0.0    0.0    0.0    0.0    0.0    0.0    0.0    1.0    0.5
20221    0.0    2.5    3.0    0.0    0.0    0.0    0.0    0.0    0.0    3.5   22.5    3.5    0.0    0.0    0.0    0.0    0.0    0.0    0.0    0.0    0.0    0.0    0.0
20231    0.0    6.5    1.5    0.0    0.0    0.0    0.0    0.0    0.0    7.0   28.5    0.0    0.0    0.5    0.0    0.0    0.0    0.0    0.0    0.0    0.0    0.0    0.0
20241    0.0    6.5    1.5    0.0    0.0    0.0    0.0    0.0    0.0    7.0   28.5    0.0    0.0    0.5    0.0    0.0    0.0    0.0    0.0    0.0    0.0    0.0    0.0
20251    0.0    0.0    0.0    0.0    0.0    0.0    0.0    0.0    0.0    0.0   14.5    7.0    0.0    0.0    0.0    0.0    2.0    0.0    0.0    0.0    0.0    0.0    0.0
20261    0.0    0.0    0.0    0.0    0.5    0.0    4.0    0.0    0.0    0.0    9.0    6.0    0.0    0.0    9.5    1.0    3.5    0.0    0.0    0.0    0.0    0.0    1.0
20271    0.0    0.0    1.5    0.0    0.0    0.0    1.5    0.0    0.0    0.5   13.0    4.5    0.0    0.0    1.0    0.0    0.0    0.0    1.5    0.0    0.0    0.0    0.0
20281    0.0    0.0    1.5    0.0    0.0    0.0    1.5    0.0    0.0    0.5   13.0    4.5    0.0    0.0    1.0    0.0    0.0    0.0    1.5    0.0    0.0    0.0    0.0
20291    0.0    0.0    0.0    0.0    0.0    0.0    1.5    0.0    0.0    0.0   11.5    6.5    0.0    0.0    0.0    0.0    1.5    0.0    0.5    0.0    0.0    0.0    1.0
20301    0.0    0.0    0.0    0.0    0.0    0.0    0.5    0.0    0.0    1.5   20.5    4.5    0.0    0.0    0.5    0.0    0.5    0.0    0.0    0.0    0.0    0.0    1.5
30111    0.0    0.0    0.5    0.0    2.0    0.0    0.0    0.0    1.0    6.0    6.0    3.0    0.0    1.0    1.0    0.0    0.0    0.0    0.0    0.0    0.0    0.0    0.0
30121    0.0    0.0    0.5    0.0    0.0    1.0    1.5    0.0    0.5    7.0    5.0    4.0    0.0    0.0    3.0    0.0    0.0    0.0    0.0    0.0    0.0    0.0    0.0
30131    2.0    1.5    0.0    0.0    0.0    0.5   23.0    0.0    7.5    6.0    7.5    6.0    0.0    0.0    3.5    1.0    1.0    0.0    0.0    0.0    0.0    0.0    0.0
30141    0.0    0.0    0.0    0.0    2.0    1.0    1.5    0.0    0.0    3.5   13.0    1.5    0.0    0.0    0.0    0.0    0.0    0.0    0.5    0.0    0.0    0.0    0.0
30151    0.0    2.0    0.0    0.0    0.0    0.0    0.0    0.0    0.0    5.0   14.5    0.0    0.0    0.0    2.0    0.0    0.0    0.0    0.0    0.0    0.0    0.0    0.0
30161    0.0    0.0    0.0    0.0    0.0    0.0    2.0    0.0    0.0    1.0   14.5    3.0    0.0    0.0    0.0    0.0    2.0    0.0    0.0    0.0    0.0    0.0    0.5
30171    0.0    0.0    0.0    0.0    0.0    0.0    0.0    0.0    0.0    0.0   14.5    7.0    0.0    0.0    0.0    0.0    2.0    0.0    0.0    0.0    0.0    0.0    0.0
30181    0.0    0.0    0.0    0.0    0.0    0.0    0.0    0.0    0.0    0.0   14.5    7.0    0.0    0.0    0.0    0.0    2.0    0.0    0.0    0.0    0.0    0.0    0.0
30191    0.0    0.0    0.0    0.0    0.0    0.0    0.0    0.0    0.0    0.0   14.5    7.0    0.0    0.0    0.0    0.0    2.0    0.0    0.0    0.0    0.0    0.0    0.0
30201    0.0    0.0    0.0    0.0    2.0    1.0    1.5    0.0    0.0    3.5   13.0    1.5    0.0    0.0    0.0    0.0    0.0    0.0    0.5    0.0    0.0    0.0    0.0
30211    0.0    0.0    0.0    0.0    0.0    0.0    2.0    0.0    0.0    1.0   14.5    3.0    0.0    0.0    0.0    0.0    2.0    0.0    0.0    0.0    0.0    0.0    0.5
30221    0.0    1.5    0.0    0.0    0.0    0.0    1.5    0.0    0.0    3.5   16.5    1.5    0.0    0.0   10.0    0.0    0.5    0.0    0.0    0.0    0.0    1.0    1.0
30231    0.0    0.0    0.0    0.0    0.0    0.0    0.5    0.0    0.0    1.5   20.5    4.5    0.0    0.0    0.5    0.0    0.5    0.0    0.0    0.0    0.0    0.0    1.5
30241    0.0    1.5    0.0    0.0    0.0    0.0    1.5    0.0    0.0    3.5   16.5    1.5    0.0    0.0   10.0    0.0    0.5    0.0    0.0    0.0    0.0    1.0    1.0
30251    0.0    1.0    0.0    0.0    0.0    0.0    0.0    0.0    0.0    3.5   24.5    2.5    0.0    0.0    0.0    0.0    0.0    0.0    0.0    0.0    0.0    0.0    0.5
40111    0.0    0.0    4.5    0.0    0.0    0.0    1.5    0.0    0.0    6.5    5.0    3.5    0.0    0.0    2.0    0.0    0.0    0.0    0.0    0.0    0.0    0.0    0.0
40121    0.0    0.0    4.5    0.0    0.0    0.0    1.5    0.0    0.0    6.5    5.0    3.5    0.0    0.0    2.0    0.0    0.0    0.0    0.0    0.0    0.0    0.0    0.0
40131    0.0    0.0    4.5    0.0    0.0    0.0    1.5    0.0    0.0    6.5    5.0    3.5    0.0    0.0    2.0    0.0    0.0    0.0    0.0    0.0    0.0    0.0    0.0
40141    0.0    0.0    3.0    0.0    1.0    0.0    2.5    0.0    0.5    5.0    4.5    3.5    0.0    0.0    5.0    0.0    0.0    0.0    0.0    0.0    0.0    0.0    0.5
40151    0.0    0.0    0.5    0.0    2.0    0.0    0.0    0.0    1.0    6.0    6.0    3.0    0.0    1.0    1.0    0.0    0.0    0.0    0.0    0.0    0.0    0.0    0.0
40161    0.0    0.0    0.0    3.0    0.0    0.0    0.0    0.0    0.0    7.5    8.5    2.0    1.0    0.0    0.0    0.0    0.0    0.0    0.0    0.0    0.0    0.0    0.0
40171    2.5    0.0    0.0    0.5    0.0    0.5    9.5    1.5    3.5    5.5    5.5    6.0    0.0    0.0    3.5    0.0    0.0    0.0    0.0    0.0    0.0    0.0    0.0
40181    0.0    0.0    0.5    0.0    0.0    1.0    1.5    0.0    0.5    7.0    5.0    4.0    0.0    0.0    3.0    0.0    0.0    0.0    0.0    0.0    0.0    0.0    0.0
40191    0.0    0.0    0.5    0.0    0.0    1.0    1.5    0.0    0.5    7.0    5.0    4.0    0.0    0.0    3.0    0.0    0.0    0.0    0.0    0.0    0.0    0.0    0.0
40201    1.0    1.5    0.0    0.0    1.5    9.0    3.0    0.0    0.0    4.0    6.0    5.0    0.0    0.0    6.5    0.0    0.0    0.0    0.0    0.0    0.0    0.0    0.0
40211    0.0    0.0    0.0    0.0    0.0    0.0    4.5    0.0    0.0    3.5    9.5    9.0    0.5    0.0    1.0    6.0    7.5    0.0    0.0    0.0    0.0    0.0    1.0
40221    0.0    0.0    0.0    0.0    0.0    0.0    4.5    0.0    0.0    3.5    9.5    9.0    0.5    0.0    1.0    6.0    7.5    0.0    0.0    0.0    0.0    0.0    1.0
40231    0.0    0.0    0.0    0.0    0.0    0.0    4.5    0.0    0.0    3.5    9.5    9.0    0.5    0.0    1.0    6.0    7.5    0.0    0.0    0.0    0.0    0.0    1.0
40241    0.0    0.0    3.0    0.0    0.0    0.0    0.0    0.0    1.5    7.0   10.0    1.0    0.0    0.0    0.0    0.0    0.0    0.0    0.0    0.0    0.0    0.0    1.0
40251    0.0    0.0    1.0    0.0    0.0    0.0    0.0    0.0    0.0    4.0   11.5    1.5    0.0    0.0    0.5    0.0    0.0    0.0    0.0    0.0    0.0    0.5    0.0
40262    0.0    1.5    0.0    0.0    0.0    0.0    1.5    0.0    0.0    3.5   16.5    1.5    0.0    0.0   10.0    0.0    0.5    0.0    0.0    0.0    0.0    1.0    1.0
40271    0.0    1.5    0.0    0.0    0.0    0.0    1.5    0.0    0.0    3.5   16.5    1.5    0.0    0.0   10.0    0.0    0.5    0.0    0.0    0.0    0.0    1.0    1.0
40281    0.0    6.5    1.5    0.0    0.0    0.0    0.0    0.0    0.0    7.0   28.5    0.0    0.0    0.5    0.0    0.0    0.0    0.0    0.0    0.0    0.0    0.0    0.0
40291    0.0    0.0    0.0    0.0    0.0    0.0    0.0    0.0    0.0    0.0    5.5    8.0    0.0    0.0    0.0    0.0    0.0    0.0    0.0    0.0    0.0    0.0    0.0
40301    0.0    0.0    0.0    0.0    0.0    0.0    0.0    0.0    0.0    0.0   12.0   12.5    0.5    0.0    2.5    2.5    2.0    0.0    0.0    0.0    0.0    0.0    1.5
40311    0.0    0.0    0.0    1.5    0.0    0.0    0.0    0.0    0.0    0.0   13.5   10.0    0.5    0.0    0.0    0.0    0.0    0.0    0.0    0.0    0.0    0.0    0.5
40321    0.0    0.0    0.0    1.0    0.0    0.0    0.0    0.0    0.0    0.0   17.5    6.5    0.0    0.0    0.0    0.0    0.0    0.0    0.0    0.0    0.0    0.0    1.0
40331    0.0    1.5    0.0    0.0    0.0    0.0    1.5    0.0    0.0    3.5   16.5    1.5    0.0    0.0   10.0    0.0    0.5    0.0    0.0    0.0    0.0    1.0    1.0
40341    0.0    0.0    0.0    1.0    0.0    0.0    0.0    0.0    0.0    0.0   17.5    6.5    0.0    0.0    0.0    0.0    0.0    0.0    0.0    0.0    0.0    0.0    1.0
40351    0.0    0.0    2.0    3.0    0.0    0.0    0.0    0.0    0.0    0.0   15.0    9.0    0.0    0.0    0.0    0.0    0.0    0.0    0.0    0.0    0.0    0.0    1.5
40361    0.0    0.0    0.0    1.0    0.0    0.0    0.0    0.0    0.0    0.0   17.5    6.5    0.0    0.0    0.0    0.0    0.0    0.0    0.0    0.0    0.0    0.0    1.0
