2014061600+000HOUR     2014061609LST
STNID     6H    30H    54H    78H   102H   126H   150H   174H   198H   222H   246H   270H
STNID 061615 061715 061815 061915 062015 062115 062215 062315 062415 062515 062615 062715LST
47008   18.9   14.5   13.8   13.4   16.8   16.9   20.4   23.0   19.3   20.8   18.3   20.7
47014   27.0   26.5   23.0   20.9   24.1   23.6   26.2   25.5   24.0   23.3   23.0   25.4
47041   23.0   18.9   25.1   22.9   17.5   18.6   21.6   27.9   27.0   26.7   25.8   26.8
47058   28.8   29.8   28.8   27.0   27.6   24.7   25.8   27.6   26.7   27.8   26.2   29.9
47069   27.7   27.4   27.1   26.5   29.0   25.5   26.5   29.1   26.3   25.8   29.1   29.4
47070   26.4   25.1   26.9   27.9   29.9   24.8   26.5   29.6   28.2   28.8   29.6   30.6
47090   26.4   22.5   22.9   23.8   20.8   19.8   21.1   23.0   24.8   26.5   24.5   23.5
47095   28.3   26.8   26.3   28.3   29.0   24.7   26.0   29.7   29.6   31.7   31.3   32.0
47098   30.4   28.6   28.0   29.2   31.5   28.0   28.7   32.0   31.4   32.8   33.5   34.3
47099   29.2   27.1   30.2   29.3   32.0   27.0   28.3   32.3   31.1   31.4   32.6   33.0
47100   25.2   21.2   22.6   23.1   21.1   20.4   19.3   24.5   24.3   25.6   23.5   24.4
47101   29.3   27.7   27.4   29.2   29.7   25.7   25.7   31.3   31.5   33.1   32.1   33.4
47102   21.7   23.7   22.6   22.5   23.9   22.6   21.8   25.5   21.6   21.9   23.1   24.5
47104   27.6   22.9   25.4   26.8   22.0   19.3   23.3   26.5   27.6   27.2   25.4   27.8
47105   28.2   23.6   26.2   27.2   21.5   22.5   22.8   28.0   28.9   27.2   26.5   27.6
47106   26.4   21.7   23.0   22.2   21.4   17.7   22.7   23.8   24.4   25.7   25.4   25.0
47108   -999   -999   27.8   29.5   31.7   27.1   28.1   32.3   30.4   31.3   31.8   32.3
47112   25.8   27.6   25.8   26.1   30.5   24.1   23.1   30.6   27.1   26.9   27.7   28.1
47114   29.5   28.9   28.5   30.1   30.7   26.2   30.5   30.4   30.9   31.9   32.2   33.1
47115   25.4   20.2   21.4   21.6   22.1   21.3   21.8   22.3   22.4   25.3   21.5   22.3
47119   28.8   28.5   27.6   29.1   31.6   26.8   27.9   30.9   29.2   29.2   29.8   30.6
47121   29.8   27.8   26.2   30.0   31.0   25.6   27.9   31.7   31.9   32.3   30.9   32.1
47127   29.5   29.0   28.4   29.6   30.8   26.4   30.4   30.4   30.6   31.1   31.7   32.4
47129   27.8   27.3   27.2   28.8   30.8   26.5   29.1   28.0   28.0   28.0   27.6   27.9
47130   25.7   19.4   22.5   24.4   23.0   19.4   23.0   24.8   25.8   26.2   24.5   25.5
47131   30.6   28.0   29.2   30.3   32.1   27.7   28.6   30.1   29.6   30.2   30.6   31.9
47133   29.8   27.2   29.1   30.6   30.7   27.9   27.9   28.4   29.4   29.4   30.2   31.0
47135   28.8   24.2   27.8   28.5   27.5   23.6   25.9   26.1   27.7   27.9   27.9   29.0
47136   30.7   26.3   29.3   30.5   30.6   25.8   28.6   29.4   30.7   30.9   31.2   32.5
47137   30.3   27.9   28.8   31.0   30.2   27.8   29.2   27.6   30.8   30.0   29.7   30.4
47138   28.9   23.1   25.3   29.5   25.2   23.6   24.1   27.0   27.1   28.3   26.7   27.9
47140   27.0   25.4   26.8   28.3   30.3   27.3   28.0   26.7   26.5   27.3   28.0   29.9
47143   31.7   29.3   30.0   31.9   30.8   28.3   27.2   28.0   30.7   29.6   30.4   32.7
47146   30.2   27.9   30.7   31.3   32.9   30.4   29.4   29.5   31.7   28.7   31.1   32.7
47152   31.1   27.6   26.3   29.6   27.2   25.3   24.1   26.3   28.8   26.3   26.5   29.9
47155   29.3   26.7   28.0   27.4   27.9   25.6   26.8   25.1   26.2   24.3   27.0   29.7
47156   29.9   29.4   31.6   31.2   32.8   26.8   29.5   28.9   29.4   27.7   29.4   32.3
47159   27.2   25.7   25.4   25.0   26.5   24.7   23.6   24.4   26.4   24.1   25.7   27.4
47162   25.5   25.4   26.3   25.2   26.4   23.6   24.2   24.8   22.7   22.4   24.7   26.7
47165   26.1   25.6   27.4   26.7   28.7   25.2   26.6   26.4   25.1   25.2   26.8   29.4
47168   25.8   23.4   26.7   22.8   27.1   21.6   24.8   24.0   23.2   22.2   26.0   27.2
47169   21.7   22.0   24.1   24.0   25.0   21.4   23.9   24.1   22.9   19.7   24.0   24.6
47170   29.5   25.3   29.8   27.0   29.2   22.3   26.7   27.6   26.1   24.1   27.8   30.0
47172   29.6   26.4   29.2   28.9   30.9   26.5   27.4   26.6   26.9   24.4   28.5   31.4
47174   28.1   26.1   29.4   28.6   29.2   23.2   28.2   26.6   26.3   24.8   28.8   30.4
47175   24.7   23.9   26.5   25.8   27.2   21.3   25.2   25.6   23.4   22.1   24.3   27.1
47184   25.7   22.5   25.7   27.6   27.2   22.4   22.8   24.6   24.9   20.4   23.3   27.5
47185   24.3   23.5   24.6   26.6   27.3   23.9   24.6   26.7   24.2   24.5   25.3   26.7
47188   26.5   20.9   23.6   25.9   25.9   21.0   22.7   24.7   24.0   19.5   21.9   26.5
47189   26.5   22.1   25.8   26.3   27.0   24.7   24.0   26.1   24.3   23.0   25.2   27.7
47192   29.6   27.5   29.2   28.4   29.7   26.6   29.1   27.1   27.2   24.6   28.4   31.1
   96   21.7   21.5   21.2   18.1   20.3   19.8   18.0   18.8   21.1   21.7   21.1   21.3
