2014061600+000HOUR     2014061609LST
STNID     6H    30H    54H    78H   102H   126H   150H   174H   198H   222H   246H   270H
STNID 061615 061715 061815 061915 062015 062115 062215 062315 062415 062515 062615 062715LST
47008   16.0   13.4   14.7   13.2   17.7   18.5   23.5   20.7   21.2   22.1   20.1   17.3
47014   26.3   25.3   22.3   21.8   24.4   24.9   24.9   28.2   26.1   26.2   26.2   24.7
47041   24.2   16.3   19.3   26.8   17.1   20.3   25.7   26.6   28.1   27.8   28.1   20.9
47058   30.0   27.0   25.3   20.4   24.1   26.3   27.6   29.0   28.2   26.4   29.5   25.3
47069   28.2   26.1   25.7   20.1   23.4   24.9   24.6   27.1   25.2   24.4   23.4   27.8
47070   27.3   26.3   26.5   21.6   22.7   20.3   22.6   27.5   25.9   25.9   27.0   29.8
47090   27.6   18.1   22.6   28.0   20.4   20.8   26.4   25.3   26.2   25.6   26.2   22.7
47095   30.1   25.1   27.9   20.0   21.3   18.6   24.5   24.7   29.7   29.7   29.5   28.2
47098   31.9   26.5   29.2   23.1   25.2   18.1   24.5   31.5   29.6   30.2   30.0   30.5
47099   30.5   28.7   29.3   22.8   24.3   20.5   26.5   30.4   30.0   27.4   28.7   29.4
47100   26.6   17.4   22.1   21.6   15.8   15.5   19.3   22.4   22.4   24.2   25.2   21.1
47101   31.8   27.3   29.1   23.8   24.3   22.1   24.7   29.7   29.5   30.6   31.9   27.3
47102   23.4   23.2   22.7   18.4   21.0   23.1   22.1   24.1   24.3   22.3   22.0   23.7
47104   29.3   18.8   24.3   28.5   20.1   21.1   30.4   27.7   27.6   26.7   27.9   28.2
47105   30.1   19.6   25.5   28.7   19.1   22.1   31.5   28.2   27.4   27.4   28.5   27.3
47106   28.0   20.4   22.5   28.2   17.9   19.4   26.8   25.9   27.1   24.9   26.3   21.3
47108   -999   -999   -999   24.2   25.8   19.2   25.2   28.1   28.8   27.6   29.2   27.6
47112   25.2   25.9   25.6   20.6   24.0   17.7   21.2   25.4   25.3   22.2   23.9   26.2
47114   30.6   27.5   29.6   25.8   25.5   22.3   25.4   28.3   29.7   30.4   31.0   30.0
47115   27.0   21.5   20.8   23.2   19.9   17.3   23.5   25.0   24.2   25.8   26.2   22.3
47119   28.7   28.7   28.7   24.8   26.4   21.9   23.0   27.9   28.0   27.3   27.9   29.1
47121   30.4   28.1   29.6   26.2   25.7   23.8   26.4   29.7   29.1   29.4   29.9   31.1
47127   30.2   27.8   29.0   26.9   24.2   23.2   26.7   28.7   29.3   29.6   29.8   28.7
47129   27.9   26.9   26.8   24.6   25.8   21.6   22.9   26.5   28.4   26.1   26.9   27.0
47130   26.6   20.4   22.6   26.9   20.3   25.4   25.3   23.2   26.4   25.2   25.0   23.5
47131   30.7   28.3   29.7   28.2   25.8   22.6   26.6   28.8   28.6   28.5   29.4   25.1
47133   29.6   28.6   29.3   28.6   25.4   23.1   27.7   29.0   29.4   29.4   28.5   26.5
47135   29.1   27.1   27.0   29.5   25.0   22.2   23.3   27.6   30.5   28.4   27.9   22.1
47136   31.1   28.1   29.0   29.1   26.0   23.3   25.9   28.6   30.3   30.2   30.4   28.2
47137   30.9   28.0   29.3   28.8   23.8   24.5   24.7   28.9   30.7   29.0   29.0   23.3
47138   28.9   23.6   25.1   30.1   23.1   22.0   26.4   26.4   27.1   28.8   27.3   24.0
47140   27.7   26.0   26.9   26.0   25.0   21.4   25.7   27.5   27.5   26.6   28.2   25.6
47143   31.9   29.7   29.5   32.5   24.1   24.8   26.8   29.8   30.1   30.0   31.0   27.0
47146   31.3   28.8   31.3   31.2   25.4   24.7   28.8   30.2   30.7   30.2   31.5   27.0
47152   31.0   28.0   26.6   31.7   22.6   19.7   23.9   29.3   31.1   29.1   28.4   23.4
47155   30.7   27.5   27.4   29.3   26.1   22.0   25.4   28.0   29.9   27.3   27.0   23.2
47156   31.1   29.2   31.8   30.5   25.2   25.6   27.5   30.2   30.7   30.3   32.8   27.0
47159   28.6   25.9   25.6   27.5   25.3   20.9   24.5   27.3   27.6   27.4   27.3   22.0
47162   26.8   25.1   25.8   26.0   24.3   21.1   23.1   26.8   26.5   25.8   25.1   23.4
47165   27.4   23.5   27.1   26.1   23.5   21.9   23.9   25.6   25.4   26.8   27.9   26.1
47168   26.8   22.8   25.3   25.7   23.7   21.5   24.9   25.9   25.1   26.6   25.6   23.5
47169   23.2   21.5   23.6   23.5   20.1   20.3   24.6   24.9   27.2   24.6   24.8   20.7
47170   30.0   25.5   29.1   26.6   22.1   20.9   24.6   27.3   27.7   28.2   27.1   21.0
47172   30.2   27.3   28.8   27.7   26.3   22.9   25.3   28.2   28.0   28.0   29.3   26.3
47174   30.0   26.1   28.8   29.5   20.7   21.9   26.9   28.7   27.2   27.0   29.3   25.2
47175   26.2   22.2   27.5   24.6   19.7   21.3   24.4   24.7   25.3   26.4   25.3   22.6
47184   25.9   21.8   26.3   27.9   25.6   18.0   23.6   26.7   27.2   27.8   28.3   22.9
47185   23.9   21.5   26.1   25.4   22.9   21.2   23.0   26.6   25.0   25.3   24.5   24.2
47188   27.1   19.0   24.7   25.7   22.9   21.7   24.2   25.4   26.3   24.6   25.9   23.1
47189   26.8   21.6   26.7   26.2   26.2   22.4   24.8   25.7   25.8   26.1   26.7   23.7
47192   30.7   28.5   29.0   29.5   26.0   25.4   26.6   28.0   28.6   27.9   27.7   21.9
   96   22.7   21.9   21.0   21.1   20.8   17.8   21.2   23.2   21.7   23.2   23.9   22.3
