2014061600+000HOUR     2014061609LST
STNID     6H    30H    54H    78H   102H   126H   150H   174H   198H   222H   246H   270H
STNID 061615 061715 061815 061915 062015 062115 062215 062315 062415 062515 062615 062715LST
47008   19.2   12.9   10.9   15.5   17.8   17.9   21.7   19.4   22.3   20.3   21.8   20.4
47014   25.8   22.3   23.3   23.8   21.8   23.3   23.5   24.9   25.8   24.5   27.3   23.8
47041   26.1   16.1   14.4   14.9   17.8   19.7   22.8   25.4   28.4   25.3   26.3   28.1
47058   30.1   28.8   23.6   25.7   26.3   27.6   27.1   26.6   28.6   27.2   28.2   28.4
47069   28.4   27.3   26.5   25.3   24.5   24.0   26.9   30.5   29.0   26.2   27.4   30.6
47070   27.4   27.0   25.5   25.6   27.2   24.2   27.5   28.5   30.0   26.4   26.7   30.3
47090   28.5   23.7   19.8   17.4   19.8   17.8   21.5   24.0   24.5   24.3   25.0   23.6
47095   29.8   29.5   28.3   24.8   27.2   23.4   28.6   27.4   29.7   28.0   30.4   31.0
47098   31.2   31.3   27.8   27.6   29.6   25.5   30.0   30.5   32.1   30.4   30.6   33.7
47099   30.3   30.4   28.1   27.7   29.7   25.4   29.6   31.1   31.3   28.4   30.8   33.6
47100   27.6   22.9   20.2   17.3   20.9   18.5   19.9   22.2   24.0   24.5   23.4   25.0
47101   31.6   30.9   24.1   25.1   27.4   24.4   28.0   29.9   30.5   28.3   31.1   32.3
47102   23.5   23.8   22.4   22.7   23.7   23.0   23.8   23.0   23.2   23.7   23.6   21.3
47104   29.7   25.1   20.9   18.9   22.4   18.4   21.7   27.3   26.8   27.0   24.6   28.4
47105   30.6   26.6   22.1   19.2   23.2   18.5   22.6   27.0   27.5   26.8   28.9   29.8
47106   27.3   23.5   22.0   18.9   20.7   16.4   22.4   36.6   25.1   24.4   24.3   26.9
47108   -999   -999   -999   27.5   28.7   24.8   28.4   30.3   30.9   27.5   29.4   32.4
47112   25.0   25.3   24.4   24.9   26.6   22.7   27.0   28.4   27.6   25.0   25.9   28.2
47114   30.9   30.3   28.4   27.3   27.8   25.4   29.6   29.2   30.8   29.9   29.3   31.7
47115   26.0   24.0   21.1   16.5   19.4   19.0   22.0   22.7   23.9   24.0   22.9   24.4
47119   27.7   28.0   25.0   27.5   28.5   24.9   28.8   28.5   29.1   27.4   28.0   30.0
47121   31.1   30.3   28.6   23.4   27.7   23.6   27.8   29.6   30.8   29.5   28.5   31.1
47127   29.8   30.0   27.5   26.9   27.8   23.5   28.4   29.0   29.9   29.2   28.6   30.5
47129   26.5   27.1   24.4   26.1   26.1   23.3   27.9   27.4   28.1   25.3   26.3   28.3
47130   25.2   23.3   21.2   17.6   21.0   20.1   22.6   25.0   28.1   24.7   25.1   26.0
47131   30.0   29.5   28.0   28.7   29.1   26.0   27.1   28.8   30.3   28.3   27.9   31.6
47133   28.8   28.7   25.8   28.4   29.2   25.9   26.6   27.1   30.9   27.0   26.8   29.9
47135   28.4   28.4   27.2   24.3   27.4   22.0   24.5   25.7   29.1   28.6   24.7   28.9
47136   30.4   30.4   27.6   24.7   26.6   24.5   26.8   27.8   33.0   30.4   28.2   30.5
47137   30.1   29.5   26.6   26.1   27.0   25.2   25.8   26.3   31.0   29.0   27.0   29.9
47138   28.7   27.3   22.6   21.1   23.3   20.4   24.3   24.6   27.2   28.6   26.3   26.9
47140   26.3   25.1   23.9   25.4   29.2   23.5   25.9   25.2   27.6   25.5   26.0   28.3
47143   31.3   31.3   29.0   25.8   28.5   25.0   24.2   28.4   31.1   30.7   28.9   31.9
47146   30.4   28.1   28.5   29.8   30.9   25.3   28.4   28.4   31.4   27.8   27.8   31.5
47152   30.5   29.7   25.8   23.5   25.0   23.7   22.8   26.0   29.0   28.8   24.5   28.5
47155   29.9   29.4   25.1   24.3   24.7   25.1   22.2   26.6   28.9   28.5   23.7   27.3
47156   30.6   27.4   28.8   29.8   29.8   23.9   28.2   29.1   30.6   27.2   27.5   31.6
47159   27.4   26.7   24.5   22.9   25.1   20.8   22.3   24.2   27.0   28.1   24.8   26.0
47162   26.2   26.6   23.5   23.8   24.0   20.9   22.4   23.9   25.4   24.5   22.4   24.3
47165   27.4   24.6   24.6   26.4   25.5   23.9   24.8   25.8   44.3   23.9   25.2   27.6
47168   26.7   24.0   23.4   22.5   22.0   20.5   21.1   25.5   25.7   24.6   22.6   25.3
47169   21.8   22.6   20.8   22.8   20.2   20.5   20.1   23.5   25.5   21.8   21.8   25.1
47170   29.9   26.9   28.4   26.6   24.5   23.2   25.0   26.3   28.4   26.4   24.0   26.9
47172   30.1   27.1   25.5   27.3   28.6   23.6   25.9   27.0   30.5   26.3   27.2   30.7
47174   30.0   28.3   27.1   26.7   25.2   22.2   23.1   25.8   28.8   25.7   25.2   27.5
47175   26.7   25.7   24.8   26.1   21.2   20.9   23.5   24.0   27.2   22.4   22.1   25.7
47184   25.8   23.1   24.9   26.7   24.7   25.0   24.3   22.4   26.6   26.0   23.2   22.0
47185   23.1   23.2   23.1   24.5   23.8   22.7   23.8   24.8   24.5   22.6   21.6   22.3
47188   25.6   21.3   24.7   25.8   22.4   22.4   21.3   21.8   25.5   23.4   19.2   18.2
47189   25.3   22.3   25.9   25.1   23.3   24.0   23.8   24.2   25.3   24.5   21.9   22.1
47192   30.3   29.8   27.2   27.0   27.2   24.7   23.6   27.4   29.0   26.8   23.8   29.4
   96   21.3   23.4   22.0   17.3   18.3   18.3   18.6   20.7   21.4   22.5   22.1   22.1
