2014061600+000HOUR     2014061609LST
STNID     6H    30H    54H    78H   102H   126H   150H   174H   198H   222H   246H   270H
STNID 061615 061715 061815 061915 062015 062115 062215 062315 062415 062515 062615 062715LST
47008   18.0   14.9   15.7   12.5   13.6   15.5   18.7   24.3   22.4   19.3   19.0   20.8
47014   27.0   23.5   21.4   22.6   23.0   23.5   25.9   23.7   23.8   24.2   24.7   25.3
47041   28.0   18.5   18.8   27.7   16.8   16.5   19.3   25.9   28.5   27.0   25.4   25.7
47058   32.0   29.0   25.2   25.2   26.0   22.7   26.2   26.2   25.9   26.2   26.6   28.3
47069   28.2   25.6   24.9   25.8   25.8   22.9   25.2   25.8   24.9   25.9   28.2   29.5
47070   28.1   25.4   25.3   26.7   26.7   22.5   25.5   26.8   28.2   26.1   29.3   29.5
47090   29.8   20.2   23.5   27.7   21.2   18.3   20.5   31.7   24.1   24.3   25.1   23.0
47095   31.1   24.2   26.2   28.6   23.9   19.2   26.4   28.2   29.7   29.5   28.3   30.1
47098   32.5   26.3   30.8   29.8   29.0   23.3   29.2   30.5   31.2   29.3   26.2   32.3
47099   31.4   27.0   28.6   29.7   28.1   24.8   28.5   29.8   30.7   29.4   31.2   32.6
47100   28.5   19.1   20.6   24.7   20.0   19.5   17.7   21.0   23.0   21.9   21.5   22.4
47101   32.5   23.6   27.5   29.3   27.1   25.5   27.3   29.6   30.9   30.1   29.2   30.2
47102   23.0   23.2   22.4   21.5   22.1   21.0   21.6   22.4   22.1   21.3   23.8   23.8
47104   31.0   19.7   23.7   28.7   23.8   18.1   21.2   24.3   28.5   25.0   25.6   24.5
47105   31.8   21.4   25.3   29.2   22.1   20.5   21.3   25.8   29.4   26.0   26.2   25.5
47106   28.2   23.2   23.9   26.6   22.7   17.5   20.1   24.5   25.5   24.7   24.6   24.1
47108   -999   -999   -999   28.6   26.3   24.6   28.1   29.8   29.6   27.8   29.7   32.0
47112   26.6   23.9   26.8   25.7   24.8   21.9   24.2   25.9   26.3   24.7   28.8   28.6
47114   31.5   23.4   29.2   30.3   27.6   27.4   29.5   28.6   28.1   27.8   30.4   30.5
47115   27.7   22.9   22.6   23.1   23.3   19.0   19.4   21.7   22.1   24.7   22.3   22.8
47119   29.6   25.0   28.1   28.2   26.8   26.3   28.2   27.9   27.2   26.7   29.8   30.0
47121   31.5   24.6   28.3   31.0   28.9   25.5   28.0   29.2   28.7   28.0   29.4   29.5
47127   30.9   24.8   28.9   29.5   26.4   26.4   28.6   28.7   27.1   26.3   29.6   30.1
47129   29.2   27.0   28.1   27.9   24.9   26.3   26.5   26.6   24.5   25.7   28.6   28.5
47130   27.9   21.9   23.1   27.5   22.8   25.0   20.2   23.3   24.8   24.5   24.0   24.6
47131   31.2   25.4   28.8   30.3   24.6   27.7   27.0   29.0   25.3   27.3   29.7   29.3
47133   30.6   22.0   28.8   29.7   24.0   26.7   26.9   27.9   23.9   26.5   30.1   28.5
47135   29.8   22.4   25.6   28.8   22.2   24.5   24.6   26.4   24.5   24.6   27.0   27.4
47136   32.2   24.3   28.6   31.1   28.1   24.8   27.0   27.6   25.0   27.2   28.8   29.0
47137   31.3   24.4   28.3   30.5   23.0   25.0   27.4   27.9   25.0   26.0   28.2   28.3
47138   29.8   25.8   26.4   29.2   29.2   22.7   23.0   26.7   26.6   25.5   24.8   25.9
47140   28.4   21.6   24.8   25.5   22.9   27.4   26.0   25.7   24.7   26.4   28.9   27.4
47143   31.9   24.0   26.5   31.8   24.9   26.2   25.8   27.4   27.8   27.0   28.3   29.3
47146   32.1   21.6   28.3   30.2   24.5   28.2   28.6   28.7   26.8   27.8   31.2   29.7
47152   32.2   23.7   24.4   29.2   25.7   23.4   22.9   25.8   26.4   23.7   25.9   27.1
47155   29.5   20.8   23.6   27.9   23.2   25.3   25.2   24.4   25.6   22.5   25.8   26.5
47156   31.3   20.5   26.9   30.1   22.1   27.2   28.1   27.7   29.0   26.4   29.8   29.0
47159   28.2   20.8   23.8   25.5   23.6   24.4   23.6   24.2   27.7   24.3   24.6   26.6
47162   26.6   20.2   22.9   26.0   22.0   23.8   24.0   23.5   23.4   21.5   25.9   25.8
47165   28.2   18.2   23.7   26.4   19.5   26.2   25.7   25.2   24.7   24.4   29.0   31.0
47168   27.1   19.5   21.7   24.8   18.8   23.1   23.9   23.1   23.7   20.8   25.8   25.0
47169   21.4   16.1   20.7   22.1   18.3   21.4   22.2   22.0   24.9   20.9   24.3   24.6
47170   30.4   16.9   23.7   28.2   21.3   26.6   24.6   25.3   26.3   22.3   26.8   27.6
47172   31.4   20.3   25.9   27.1   23.8   27.0   26.5   26.2   28.7   23.8   29.3   28.8
47174   29.7   17.4   22.6   28.7   19.7   25.4   26.0   24.3   25.4   22.1   26.2   26.1
47175   25.8   17.4   23.5   25.6   16.9   24.0   24.3   23.8   24.9   22.9   26.0   25.8
47184   26.1   20.4   18.4   24.3   25.1   23.3   22.8   26.7   23.9   19.3   25.8   27.4
47185   23.0   18.4   20.7   23.2   19.9   21.3   23.7   26.1   22.5   22.6   23.7   25.4
47188   25.5   19.4   20.8   24.3   17.3   24.2   22.7   23.2   23.7   18.6   24.8   24.4
47189   25.2   19.1   22.7   25.2   22.0   24.4   24.1   24.1   22.9   21.4   26.0   26.4
47192   30.5   19.3   24.3   29.2   23.0   25.8   26.6   26.0   25.0   23.2   26.8   27.8
   96   24.0   22.3   20.5   21.8   21.8   20.1   25.6   19.3   20.2   22.1   22.4   21.2
