2014061512+000HOUR     2014061521LST
STNID     9H    33H    57H    81H   105H   129H   153H   177H   201H   225H   249H   273H
STNID 061606 061706 061806 061906 062006 062106 062206 062306 062406 062506 062606 062706LST
47008   14.8   12.6   11.1    8.2   12.6   13.4   14.3   15.5   16.7   17.5   15.6   17.6
47014   15.7   16.8   16.5   14.3   17.0   14.4   15.1   15.2   15.4   15.3   16.8   18.4
47041   18.2   15.9   14.7   14.0   14.9   12.9   15.7   17.1   17.9   17.7   17.3   21.2
47058   17.6   18.1   19.8   18.2   18.4   18.6   17.8   18.8   17.8   19.2   20.2   19.3
47069   18.3   19.3   20.7   17.2   20.2   19.9   18.5   19.4   16.4   16.4   17.5   21.1
47070   17.9   17.7   19.1   18.1   19.0   18.4   17.9   18.4   15.3   14.9   14.3   18.3
47090   21.0   16.4   15.7   18.0   15.0   14.2   15.9   16.2   20.7   20.7   20.3   17.9
47095   16.7   17.5   16.3   18.0   16.6   16.6   17.1   16.9   17.3   16.5   16.9   18.7
47098   16.8   16.7   17.6   17.6   18.7   18.2   18.7   16.4   17.9   16.1   18.4   19.9
47099   16.1   16.5   17.7   17.0   19.4   19.1   18.3   18.1   17.5   13.5   13.9   18.1
47100   15.0   13.3   11.0   14.3   12.7    9.1   12.6   13.5   14.6   13.3   12.8   13.7
47101   17.5   18.8   16.8   18.5   17.0   17.1   17.1   18.3   18.2   17.9   18.3   20.9
47102   14.7   16.2   15.3   15.9   15.2   15.0   14.3   14.7   14.6   16.1   16.6   17.4
47104   21.6   16.7   15.6   16.7   15.0   15.0   14.1   16.1   20.8   20.7   20.6   19.2
47105   24.2   17.2   15.9   18.1   15.1   14.8   14.8   19.2   21.6   21.9   22.6   20.4
47106   22.0   16.9   15.1   17.2   14.4   14.6   15.1   16.4   19.7   20.1   20.1   18.9
47108   18.5   18.1   20.3   17.3   19.1   18.3   19.6   17.5   20.3   17.9   19.5   22.0
47112   16.6   16.6   20.9   14.8   21.0   20.2   17.8   18.0   15.9   17.7   18.2   20.9
47114   17.0   18.7   18.3   18.3   19.7   20.2   19.2   18.6   16.6   16.2   17.7   19.3
47115   20.9   18.7   15.1   15.8   11.9   14.0   16.1   18.0   18.2   19.1   18.7   19.3
47119   15.9   16.7   19.7   16.1   19.9   18.4   19.8   18.6   16.9   18.9   20.4   21.9
47121   15.8   17.9   15.8   16.9   17.3   19.7   17.4   18.0   16.8   17.0   18.1   18.8
47127   16.4   18.5   17.9   17.7   17.5   19.4   18.2   18.6   18.8   15.5   17.4   19.6
47129   15.9   15.6   17.5   15.3   19.8   18.0   18.1   18.0   17.2   17.5   18.9   19.4
47130   21.1   17.2   15.3   16.5   14.5   15.3   14.6   15.8   17.7   19.4   19.0   17.1
47131   18.3   19.7   19.7   18.5   20.5   19.8   19.3   19.4   19.5   19.3   20.8   21.6
47133   18.2   19.7   19.3   18.6   20.6   20.4   18.8   19.6   20.0   19.7   20.7   21.3
47135   16.5   18.4   17.0   17.1   17.0   19.3   16.7   17.6   16.9   17.8   18.2   18.9
47136   17.6   19.7   17.0   18.8   17.5   18.6   17.2   18.1   18.3   18.2   18.4   19.5
47137   18.1   19.7   16.5   18.9   16.7   19.3   16.6   17.9   18.6   18.5   19.7   19.5
47138   22.6   20.3   18.0   19.6   17.4   14.9   18.1   17.6   21.2   21.1   21.4   21.3
47140   16.6   17.2   16.7   15.6   19.3   22.2   18.0   18.9   19.4   17.1   18.1   17.7
47143   20.9   22.8   18.8   20.7   18.6   19.5   18.2   17.8   20.7   21.6   22.2   22.5
47146   18.0   18.7   18.2   17.6   21.1   20.2   20.4   19.7   19.8   20.4   20.0   21.1
47152   20.2   20.1   17.7   18.7   17.6   16.6   16.0   17.8   19.9   19.5   19.8   18.6
47155   18.5   20.8   18.6   19.7   17.8   18.9   17.9   19.0   20.2   21.3   21.4   20.6
47156   18.7   19.7   19.5   19.6   21.4   21.4   19.9   20.5   19.6   21.1   20.9   21.4
47159   20.0   20.7   19.5   20.1   18.3   19.2   18.2   18.4   20.4   20.9   20.6   20.9
47162   18.2   18.7   16.5   18.0   16.3   20.5   17.6   18.5   19.1   19.9   19.9   19.7
47165   18.3   18.2   18.3   17.3   18.0   17.5   20.5   20.3   19.0   20.0   20.7   19.7
47168   20.0   20.5   19.1   19.6   18.6   20.6   19.2   19.9   21.1   20.6   20.5   20.6
47169   17.4   16.7   16.5   17.6   16.9   18.0   18.8   14.9   18.8   16.9   17.6   17.2
47170   18.4   18.8   18.5   17.6   17.5   21.1   20.7   19.9   20.1   20.5   20.2   19.1
47172   16.9   17.4   17.3   16.0   18.7   22.2   16.1   16.9   15.6   14.5   19.4   20.4
47174   15.5   17.9   15.9   16.5   17.0   20.9   14.6   16.9   16.1   16.7   18.3   22.8
47175   18.0   16.7   15.4   15.6   15.9   16.8   17.1   16.5   18.5   19.3   17.6   18.3
47184   19.9   18.5   16.4   18.0   19.6   21.0   18.9   19.7   21.1   21.9   21.8   20.7
47185   19.9   18.1   17.7   18.5   20.7   19.5   20.3   20.1   20.7   18.4   19.8   20.1
47188   19.5   18.4   17.3   16.6   19.3   23.3   19.4   19.6   21.4   19.2   20.4   19.7
47189   20.9   18.9   17.6   18.0   22.5   19.5   19.5   20.7   22.1   20.7   20.9   20.3
47192   17.1   18.8   17.7   18.2   17.5   20.3   18.4   19.6   18.2   19.2   18.5   18.7
   96   19.8   19.5   16.5   18.5   16.4   14.2   15.7   15.7   18.5   18.8   19.0   20.1
