2014061600+000HOUR     2014061609LST
STNID    15H    27H    39H    51H    63H    75H    87H    99H   111H   123H   135H   147H   159H   171H   183H   195H   207H   219H   231H   243H   255H   267H   279H
STNID 061700 061712 061800 061812 061900 061912 062000 062012 062100 062112 062200 062212 062300 062312 062400 062412 062500 062512 062600 062612 062700 062712 062800LST
47003    0.5    1.5    1.0   11.5    7.5    0.5    0.0    1.5    2.0    1.0    0.5    0.0    0.0    1.0    1.0    0.5    1.0    6.5    4.0    2.0    1.5    2.0    2.0
47005    0.0    2.5    5.0    8.5   13.0    0.0    0.0   25.0    0.0    0.0    1.5    5.0    3.5    7.0    1.0    0.0    4.5    5.5    1.5    6.5    4.0    6.5    6.5
47008    0.0    0.5    0.0    5.0   11.5    2.5    0.0    7.0    1.5    0.5    0.5    0.0    0.0    0.0    0.0    1.0    1.0    4.0    3.5    0.5    0.5    1.0    0.0
47014    0.0    4.5    6.5    2.0   17.0    0.0    2.0   26.0    0.0    0.0    1.5    2.0    6.5    7.5    2.0    1.0    3.0    5.0    5.5   11.0    4.0    7.0    3.0
47016    0.0    2.0    4.5    2.0    9.5    0.0    0.5   13.5    1.0    0.0    1.5    2.5    1.5    1.5    1.0    0.0    2.0    7.0    6.0    4.0   11.0    5.0    6.0
47020    1.5    7.0    7.5    2.0   19.0    0.0    5.0    3.0    0.0    0.0    4.0    0.0    6.0    1.0    2.0    0.0    5.0    2.5    6.0    6.0    6.0    3.5    0.5
47022    1.0    2.0    0.5    5.5   14.0    2.0    1.0    7.0    0.0    0.0    0.0    2.0    4.5    1.0    5.0    0.0    1.5    6.0    3.5    3.0   17.0    2.0    0.5
47025    0.0    0.0    0.5    0.0    7.0    2.5    0.0    8.5    1.0    0.5    2.0    0.0    0.0    0.0    0.0    0.0    0.5    2.5    3.0    3.0    2.5    6.0    0.0
47028    0.0    0.0    1.5    0.0    5.5    1.5    2.5    0.0    0.0    0.0    6.0    1.0    1.0    0.0    0.0    0.0    0.5    6.0    6.0   11.5    3.0    2.0    1.5
47031    0.0    9.0    3.0    1.0    7.0    0.0    4.5    2.0    0.0    0.0    0.0    0.5    4.0    0.0    0.0    0.0    6.0    2.0    1.5    1.0    4.5    1.5    0.0
47035    2.0    0.0    0.0    2.0    5.0    0.0    0.0    0.0    0.0    0.0    1.0    0.0    3.0    5.0    0.0    0.0    0.0    7.0    3.0   15.0    0.5    1.5    1.5
47037    0.0    0.0    2.0    0.0    4.5    0.0    0.5    0.0    1.0    0.0    1.0    0.0    1.5    2.5    0.0    0.0    1.5    1.0    4.5   11.5   12.5   12.0    3.0
47039    0.0    0.0    8.0    0.0    8.5    0.0    4.0    0.0    0.0    0.0    0.0    0.0    2.0    1.0    0.0    0.0    5.5    1.0    4.0    8.5   18.5    7.5    2.5
47041    0.0    0.5    0.0    0.0    1.0    1.5    3.0    2.0    1.0    2.5    4.0    0.0    0.0    0.0    0.0    0.0    4.0   18.5    3.5    1.5    6.0    3.0    0.0
47046    0.0    2.5    0.5    0.0    2.5    1.5    3.0    3.5    1.0    2.0    2.0    0.0    0.0    0.0    0.0    0.0    3.0   20.5    6.0    1.5    9.0    2.5    0.0
47050    0.0    1.0    3.5    0.5    2.0    0.0    0.0    0.0    1.5    0.0    0.5    0.0    1.0    7.0    0.0    0.0    1.0    3.0    2.5    8.5   20.5   13.5    4.5
47052    0.0    0.0    0.0    0.0    2.5    0.5    0.0    0.0    0.0    0.0    0.0    0.0    0.5    0.0    0.0    0.0    5.0    2.0    0.0    2.0   21.5    4.0    5.0
47055    0.0    0.5    1.0    1.0    0.0    1.0    2.0    1.0    0.5    5.5    1.5    0.0    0.0    0.0    0.0    0.0    4.5   12.0    3.0    0.0    9.5    1.5    1.0
47058    0.0    0.0    6.0    0.0    1.5    0.0    0.0    0.0    0.0    0.0    0.0    0.0    0.0    1.5    0.0    0.0    1.0    2.5    0.0    1.0   21.5    9.0    2.5
47060    0.0    0.0    4.0    1.5    0.0    0.0    0.0    0.0    0.0    0.0    0.0    0.0    0.0    1.5    0.0    0.0    3.0    5.0    0.0    1.5    2.0    3.0    5.5
47061    0.0    0.0    1.0    1.0    0.0    0.0    1.5    0.0    0.0    0.5    1.0    0.0    0.0    0.0    0.0    0.0    3.5   16.5    5.0    0.0    7.0    3.0    1.0
47065    0.0    0.0    4.5    0.0    2.5    0.0    0.0    0.0    0.0    1.0    0.0    0.0    0.0    2.5    0.0    0.0    1.5    4.0    0.0    1.5    2.5    1.5    2.0
47067    0.0    1.0   10.0    0.0    3.0    0.0    4.5    0.0    0.0    1.5    0.0    0.0    0.0    2.0    0.0    0.0    3.0    4.0    0.0    1.0    5.0    1.0    1.5
47068    0.0    0.0    0.0    0.0    0.0    0.0    0.0    0.0    0.0    0.0    0.0    0.0    0.0    0.0    0.0    0.0    0.0    1.0    0.0    0.5    0.0    0.5    4.5
47069    0.0    0.0    0.0    0.0    0.0    0.0    0.0    0.0    0.0    0.0    0.0    0.0    0.0    0.0    0.0    0.0    1.0    4.0    0.0    0.5    0.0    0.0    1.5
47070    0.0    0.0    1.5    0.0    1.5    0.0    0.0    0.0    0.0    0.0    0.0    0.0    0.0    0.0    0.0    0.0    4.5    5.0    0.5    0.5    1.0    0.0    2.0
47075    0.5    0.5    5.5    0.0    2.5    0.0    2.0    0.0    0.0    0.0    0.0    0.0    0.0    0.5    0.0    0.0    4.0    5.5    0.5    0.0    1.5    0.0    1.0
47090    0.5    2.0    1.0    1.0    0.0    0.0    1.0    1.0    0.0    0.0    4.0    0.0    0.0    0.0    0.0    0.0    2.5   19.0    7.5    1.0    5.0    0.0    0.5
47095    0.5    0.5    5.5    0.0    2.5    0.0    2.0    0.0    0.0    0.0    0.0    0.0    0.0    0.5    0.0    0.0    4.0    5.5    0.5    0.0    1.5    0.0    1.0
47098    0.0    0.0    5.0    0.0    2.5    0.0    0.0    0.0    0.0    0.0    0.0    0.0    0.0    0.0    0.0    0.0    2.5    7.0    0.0    0.0    0.5    0.0    1.0
47099    0.0    0.0    1.5    0.0    1.5    0.0    0.0    0.0    0.0    0.0    0.0    0.0    0.0    0.0    0.0    0.0    4.5    5.0    0.5    0.5    1.0    0.0    2.0
47100    0.0    0.0    0.0    0.0    0.5    0.0    0.0    0.0    0.0    1.0   12.0    0.0    0.0    0.0    1.0    0.0    0.5   27.5    5.5    0.0    5.0    4.0    5.5
47101    0.0    0.0    0.5    0.0    2.0    0.0    2.5    0.0    0.0    0.0    0.0    0.0    0.0    0.0    0.0    0.0    7.5    9.0    0.0    0.0    0.0    0.0    1.5
47104    0.0    0.0    0.0    0.0    0.0    0.0    1.0    1.0    0.0    0.0    7.5    0.5    0.0    0.0    1.0    0.0    1.0   20.0    6.5    0.5    3.5    3.0    8.0
47105    0.0    0.0    0.0    0.0    0.0    0.0    1.0    1.0    0.0    0.0    7.5    0.5    0.0    0.0    1.0    0.0    1.0   20.0    6.5    0.5    3.5    3.0    8.0
47106    0.0    0.5    1.5    2.5    0.0    0.0    1.0    1.0    0.0    1.5   24.0    1.5    0.0    0.0    0.0    0.0    0.0   24.0   12.0    1.0    0.0    0.0    0.0
47108    0.0    0.0    1.5    0.0    2.0    0.0    0.0    0.0    0.0    0.0    0.0    0.0    0.0    0.0    0.0    0.0    2.0   10.5    0.0    0.0    0.0    0.0    0.0
47112    0.0    0.0    0.0    0.0    0.0    0.0    0.0    0.0    0.0    0.0    0.0    0.0    0.0    0.0    0.0    0.0    2.5    7.0    0.0    0.0    0.0    0.0    1.5
47114    0.0    0.0    0.0    0.0    2.0    0.0    0.0    0.0    0.0    0.5    1.0    0.0    0.0    0.0    0.0    0.0    2.5   13.0    0.0    0.0    0.5    0.0    0.0
47115    0.0    0.0    0.0    0.0    0.0    0.0    0.0    0.0    0.0    0.0   35.0   16.5    0.0    0.0    0.0    0.0    0.0   13.5    4.0    0.0    0.0    0.0    0.0
47119    0.0    0.0    0.0    0.0    2.0    0.0    0.0    0.0    0.0    1.5    2.5    0.0    0.0    0.0    0.0    0.0    2.0   13.5    0.0    0.0    0.0    0.0    0.0
47121    0.0    0.0    0.0    0.0    2.5    0.0    0.0    0.0    0.0    2.5   10.5    0.0    0.0    0.0    0.0    0.0    0.0   19.0    0.0    0.0    5.5    1.5    2.0
47127    0.0    0.0    0.0    0.0    2.5    0.0    0.0    0.0    0.0    2.0    5.5    0.0    0.0    0.0    0.0    0.0    0.5   17.0    0.0    0.0    0.5    0.0    0.0
47129    0.0    0.0    0.0    0.0    0.0    0.0    0.0    0.0    0.0    3.0    3.5    0.0    0.0    0.0    0.0    0.0    3.0   11.0    0.0    0.0    0.0    0.0    0.0
47130    0.0    0.0    0.0    0.0    0.0    0.0    0.0    0.0    0.0    2.5   34.5    1.5    0.0    0.0    1.0    0.0    0.0   30.0    8.5    0.5    0.0    1.0    0.5
47131    0.0    0.0    0.0    0.0    1.5    0.0    0.0    0.0    0.0    5.0   12.0    0.0    0.0    0.0    0.0    0.0    1.5   16.5    0.5    0.0    1.0    0.0    0.0
47133    0.0    0.0    0.5    0.0    1.5    0.0    0.0    0.0    0.0    9.5   13.5    0.0    0.0    0.0    0.0    0.0    3.0   11.5    0.5    0.0    0.0    0.0    0.0
47135    0.0    0.0    0.0    0.0    0.0    0.0    0.0    0.0    0.0   10.5   28.0    0.0    0.0    0.0    0.0    0.0    2.0   18.0    1.5    0.0    4.0    0.0    0.0
47136    0.0    0.0    0.0    0.0    0.0    0.0    0.0    0.0    0.0    5.5   29.5    0.0    0.0    0.0    0.0    0.0    0.5   24.0    1.5    0.0    4.0    0.0    0.0
47137    0.0    0.0    0.0    0.0    0.0    0.0    0.0    0.0    0.0   10.5   28.0    0.0    0.0    0.0    0.0    0.0    2.0   18.0    1.5    0.0    4.0    0.0    0.0
47138    0.0    0.0    0.0    0.0    0.0    0.0    0.0    0.0    0.0    9.0   46.5    1.0    0.0    0.0    0.0    0.0    2.0   34.5    2.0    0.0    0.0    0.0    0.0
47140    0.0    0.5    0.0    0.0    0.0    0.0    0.0    0.0    0.0   13.0   10.0    0.0    0.0    0.0    0.0    0.0    5.0    6.0    0.0    0.0    0.0    0.0    0.0
47143    0.0    0.0    0.0    0.0    0.0    0.0    0.0    0.0    0.0   12.5   39.0    0.0    0.0    0.0    0.0    0.0    3.0   25.5    2.0    0.0    3.0    0.0    0.0
47146    0.0    0.0    1.0    0.0    0.0    0.0    0.0    0.0    0.0   14.5   15.5    0.0    0.0    0.0    0.0    0.0    4.0    9.5    0.5    0.0    0.0    0.0    0.0
47152    0.0    0.0    0.0    0.0    0.0    0.0    0.0    0.0    0.0   10.5   50.0    1.0    0.0    0.0    0.0    0.0    5.5   31.0    1.0    0.0    0.5    0.0    0.0
47155    0.0    0.0    0.0    0.0    0.0    0.0    0.0    0.0    0.0   16.0   50.5    0.0    0.0    0.0    0.0    0.0    7.0   31.5    0.5    0.0    0.0    0.0    0.0
47156    0.0    0.0    0.0    0.0    0.0    0.0    0.0    0.0    0.0   29.0   17.0    0.0    0.0    0.0    0.0    0.0    9.0   12.0    0.5    0.0    1.0    0.0    0.0
47159    0.0    0.0    0.0    0.0    0.0    0.0    0.0    0.0    0.0   16.0   50.5    0.0    0.0    0.0    0.0    0.0    7.0   31.5    0.5    0.0    0.0    0.0    0.0
47162    0.0    0.0    0.0    0.0    0.0    0.0    0.0    0.0    0.0   27.0   47.5    0.0    0.0    0.0    0.0    0.0    9.5   31.5    1.0    0.0    0.0    0.0    0.0
47165    0.0    0.0    0.0    0.0    0.0    0.0    0.0    0.0    0.0   48.0   12.5    0.0    0.0    0.0    0.0    0.0   23.5    9.0    0.0    0.0    0.0    0.0    0.0
47168    0.0    0.0    0.0    0.0    0.0    0.0    0.0    0.0    0.0   36.0   37.0    0.0    0.0    0.0    0.0    0.0   16.0   22.5    0.5    0.0    0.0    0.0    0.0
47169    0.5    4.0    0.0    0.0    0.0    0.0    0.0    0.0    1.0   72.0    3.0    0.0    0.0    0.0    0.0    2.0   28.0    1.5    0.0    0.0    0.0    0.0    0.0
47170    0.0    0.5    0.0    0.0    0.0    0.0    0.0    0.0    0.0   75.5   14.5    0.0    0.0    0.0    0.0    3.0   21.5   12.0    0.0    0.0    0.0    0.0    0.0
47172    0.0    0.0    0.0    0.0    0.0    0.0    0.0    0.0    0.0   30.5   11.0    0.0    0.0    0.0    0.0    0.0    9.0    8.5    0.0    0.0    0.0    0.0    0.0
47174    0.0    0.0    0.0    0.0    0.0    0.0    0.0    0.0    0.0   43.5   21.5    0.0    0.0    0.0    0.0    0.0   18.5   15.0    0.0    0.0    0.0    0.0    0.0
47184    1.0   23.5    0.0    0.0    0.0    0.0    0.0    0.0    1.0  102.5   11.5    0.0    0.0    0.0    0.0   20.0   30.5   20.0    0.0    0.0    0.0    0.0    0.0
47185    2.0   29.0    1.0    0.0    0.0    0.0    0.0    0.0    4.0  154.5    4.0    0.0    0.0    0.0    0.0   17.0   40.5   13.0    0.0    0.0    0.0    0.0    0.0
47188    1.0   18.5    0.0    0.0    0.0    0.0    0.0    0.0    0.0   95.5   31.5    0.0    0.0    0.0    0.0   19.0   23.5   21.0    0.0    0.0    0.0    0.0    0.0
47189    1.0   23.5    0.0    0.0    0.0    0.0    0.0    0.0    1.0  102.5   11.5    0.0    0.0    0.0    0.0   20.0   30.5   20.0    0.0    0.0    0.0    0.0    0.0
47192    0.0    0.0    0.0    0.0    0.0    0.0    0.0    0.0    0.0   22.0   42.5    0.0    0.0    0.0    0.0    0.0    8.0   23.0    0.0    0.0    0.0    0.0    0.0
47201    0.0    0.0    1.5    0.0    1.5    0.0    0.0    0.0    0.0    0.0    0.0    0.0    0.0    0.0    0.0    0.0    4.5    5.0    0.5    0.5    1.0    0.0    2.0
47202    0.0    0.0    0.0    0.0    2.0    0.0    0.0    0.0    0.0    0.5    1.0    0.0    0.0    0.0    0.0    0.0    2.5   13.0    0.0    0.0    0.5    0.0    0.0
47203    0.0    0.0    0.0    0.0    2.5    0.0    0.0    0.0    0.0    2.0    5.5    0.0    0.0    0.0    0.0    0.0    0.5   17.0    0.0    0.0    0.5    0.0    0.0
47211    2.0    1.0    0.0    0.0    7.5    1.0    1.5    0.0    0.0    0.0    2.0    0.0    0.5    0.0    0.0    0.0    2.0   13.0    1.5    0.0   14.5    0.0    5.0
47212    0.0    0.0    0.0    0.0    2.0    0.0    0.0    0.0    0.0    0.5    1.0    0.0    0.0    0.0    0.0    0.0    2.5   13.0    0.0    0.0    0.5    0.0    0.0
47216    0.0    0.0    0.0    0.0    2.5    0.0    0.0    0.0    0.0    2.5   19.5    0.0    0.5    0.0    0.0    0.0    0.0   23.5    2.5    0.0    7.5    1.5    1.5
47221    0.0    0.0    0.0    0.0    2.5    0.0    0.0    0.0    0.0    2.5   10.5    0.0    0.0    0.0    0.0    0.0    0.0   19.0    0.0    0.0    5.5    1.5    2.0
47226    0.0    0.0    0.0    0.0    0.5    0.0    0.0    0.0    0.0   10.5   19.5    0.0    0.0    0.0    0.0    0.0    2.5   15.5    1.0    0.0    1.0    0.0    0.0
47232    0.0    0.0    0.5    0.0    3.0    0.0    0.0    0.0    0.0    4.5    7.0    0.0    0.0    0.0    0.0    0.0    1.5   14.0    0.5    0.0    1.0    0.0    0.0
47235    0.0    0.0    0.0    0.0    0.0    0.0    0.0    0.0    0.0    7.0    6.5    0.0    0.0    0.0    0.0    0.0    5.0    9.5    0.0    0.0    0.0    0.0    0.0
47236    0.0    0.0    0.5    0.0    1.5    0.0    0.0    0.0    0.0    9.5   13.5    0.0    0.0    0.0    0.0    0.0    3.0   11.5    0.5    0.0    0.0    0.0    0.0
47238    0.0    0.0    0.0    0.0    0.0    0.0    0.0    0.0    0.0   16.5   24.0    0.0    0.0    0.0    0.0    0.0    3.5   10.5    1.0    0.0    2.0    0.0    0.0
47243    0.0    0.0    1.0    0.0    0.0    0.0    0.0    0.0    0.0   20.0   10.0    0.0    0.0    0.0    0.0    0.0    8.5    6.5    0.0    0.0    0.0    0.0    0.0
47244    0.0    0.0    2.5    0.0    0.0    0.0    0.0    0.0    0.0   20.0   17.5    0.0    0.0    0.0    0.0    0.0    6.0    8.0    0.5    0.0    1.0    0.0    0.0
47245    0.0    0.0    2.5    0.0    0.0    0.0    0.0    0.0    0.0   20.0   17.5    0.0    0.0    0.0    0.0    0.0    6.0    8.0    0.5    0.0    1.0    0.0    0.0
47247    0.0    0.0    0.0    0.0    0.0    0.0    0.0    0.0    0.0   29.0   17.0    0.0    0.0    0.0    0.0    0.0    9.0   12.0    0.5    0.0    1.0    0.0    0.0
47248    0.0    0.0    0.0    0.0    0.0    0.0    0.0    0.0    0.0   20.5   24.5    0.0    0.0    0.0    0.0    0.0    5.5   16.0    1.0    0.0    4.0    0.0    0.0
47251    0.0    0.0    0.0    0.0    0.0    0.0    0.0    0.0    0.0   30.5   11.0    0.0    0.0    0.0    0.0    0.0    9.0    8.5    0.0    0.0    0.0    0.0    0.0
47252    0.0    0.0    0.0    0.0    0.0    0.0    0.0    0.0    0.0   30.5   11.0    0.0    0.0    0.0    0.0    0.0    9.0    8.5    0.0    0.0    0.0    0.0    0.0
47253    0.0    0.0    0.0    0.0    0.0    0.0    0.0    0.0    0.0   16.0   50.5    0.0    0.0    0.0    0.0    0.0    7.0   31.5    0.5    0.0    0.0    0.0    0.0
47254    0.0    0.0    0.0    0.0    0.0    0.0    0.0    0.0    0.0   29.0   17.0    0.0    0.0    0.0    0.0    0.0    9.0   12.0    0.5    0.0    1.0    0.0    0.0
47255    0.0    0.0    0.0    0.0    0.0    0.0    0.0    0.0    0.0   16.0   50.5    0.0    0.0    0.0    0.0    0.0    7.0   31.5    0.5    0.0    0.0    0.0    0.0
47256    0.0    0.0    0.0    0.0    0.0    0.0    0.0    0.0    0.0   29.0   17.0    0.0    0.0    0.0    0.0    0.0    9.0   12.0    0.5    0.0    1.0    0.0    0.0
47257    0.0    0.0    0.0    0.0    0.0    0.0    0.0    0.0    0.0   16.0   50.5    0.0    0.0    0.0    0.0    0.0    7.0   31.5    0.5    0.0    0.0    0.0    0.0
47259    0.0    0.5    0.0    0.0    0.0    0.0    0.0    0.0    0.0   75.5   14.5    0.0    0.0    0.0    0.0    3.0   21.5   12.0    0.0    0.0    0.0    0.0    0.0
47260    0.0    0.0    0.0    0.0    0.0    0.0    0.0    0.0    0.0   43.5   21.5    0.0    0.0    0.0    0.0    0.0   18.5   15.0    0.0    0.0    0.0    0.0    0.0
47261    0.0    0.5    0.0    0.0    0.0    0.0    0.0    0.0    0.0   75.5   14.5    0.0    0.0    0.0    0.0    3.0   21.5   12.0    0.0    0.0    0.0    0.0    0.0
47262    0.0    0.0    0.0    0.0    0.0    0.0    0.0    0.0    0.0   62.5   24.0    0.0    0.0    0.0    0.0    2.0   22.5   19.5    0.0    0.0    0.0    0.0    0.0
47263    0.0    0.0    0.0    0.0    0.0    0.0    0.0    0.0    0.0   22.0   42.5    0.0    0.0    0.0    0.0    0.0    8.0   23.0    0.0    0.0    0.0    0.0    0.0
47264    0.0    0.0    0.0    0.0    0.0    0.0    0.0    0.0    0.0   20.5   24.5    0.0    0.0    0.0    0.0    0.0    5.5   16.0    1.0    0.0    4.0    0.0    0.0
47266    0.0    0.0    0.0    0.0    0.0    0.0    0.0    0.0    0.0   36.0   37.0    0.0    0.0    0.0    0.0    0.0   16.0   22.5    0.5    0.0    0.0    0.0    0.0
47268    0.5    2.0    0.0    0.0    0.5    0.0    0.0    0.0    0.0   81.5    6.0    0.0    0.0    0.0    0.0    4.0   28.0    3.5    0.0    0.0    0.0    0.0    0.0
47271    0.0    0.0    0.0    0.0    2.5    0.0    0.0    0.0    0.0    2.5   19.5    0.0    0.5    0.0    0.0    0.0    0.0   23.5    2.5    0.0    7.5    1.5    1.5
47272    0.0    0.0    0.0    0.0    1.0    0.0    0.0    0.0    0.0    5.5   19.0    0.0    0.0    0.0    0.0    0.0    1.0   19.0    0.5    0.0    2.0    0.0    0.5
47273    0.0    0.0    0.0    0.0    1.0    0.0    0.0    0.0    0.0    5.5   19.0    0.0    0.0    0.0    0.0    0.0    1.0   19.0    0.5    0.0    2.0    0.0    0.5
47276    0.0    0.0    0.0    0.0    0.0    0.0    0.0    0.0    0.0    9.5   37.0    0.0    0.0    0.0    0.0    0.0    1.5   26.0    2.0    0.0    3.5    0.0    0.0
47277    0.0    0.0    0.0    0.0    0.0    0.0    0.0    0.0    0.0    7.0   48.5    0.5    0.0    0.0    0.0    0.0    1.0   29.5    2.0    0.0    0.0    0.0    0.0
47278    0.0    0.0    0.0    0.0    0.0    0.0    0.0    0.0    0.0    9.5   37.0    0.0    0.0    0.0    0.0    0.0    1.5   26.0    2.0    0.0    3.5    0.0    0.0
47279    0.0    0.0    0.0    0.0    0.0    0.0    0.0    0.0    0.0   15.0   32.0    0.0    0.0    0.0    0.0    0.0    3.5   18.5    1.5    0.0    3.5    0.0    0.0
47281    0.0    0.0    0.0    0.0    0.0    0.0    0.0    0.0    0.0   12.5   39.0    0.0    0.0    0.0    0.0    0.0    3.0   25.5    2.0    0.0    3.0    0.0    0.0
47283    0.0    0.0    0.0    0.0    0.0    0.0    0.0    0.0    0.0    9.0   46.5    1.0    0.0    0.0    0.0    0.0    2.0   34.5    2.0    0.0    0.0    0.0    0.0
47284    0.0    0.0    0.0    0.0    0.0    0.0    0.0    0.0    0.0   20.5   24.5    0.0    0.0    0.0    0.0    0.0    5.5   16.0    1.0    0.0    4.0    0.0    0.0
47285    0.0    0.0    0.0    0.0    0.0    0.0    0.0    0.0    0.0   18.0   33.5    0.0    0.0    0.0    0.0    0.0    6.5   16.5    1.0    0.0    2.0    0.0    0.0
47288    0.0    0.0    0.0    0.0    0.0    0.0    0.0    0.0    0.0   15.0   42.0    0.0    0.0    0.0    0.0    0.0    6.0   26.5    1.0    0.0    2.0    0.0    0.0
47289    0.0    0.0    0.0    0.0    0.0    0.0    0.0    0.0    0.0   26.5   29.5    0.0    0.0    0.0    0.0    0.0    6.0   17.5    0.5    0.0    0.0    0.0    0.0
47294    0.0    0.0    0.0    0.0    0.0    0.0    0.0    0.0    0.0   19.5   56.0    0.0    0.0    0.0    0.0    0.0    8.0   36.5    0.5    0.0    0.0    0.0    0.0
47295    0.0    0.0    0.0    0.0    0.0    0.0    0.0    0.0    0.0   36.0   37.0    0.0    0.0    0.0    0.0    0.0   16.0   22.5    0.5    0.0    0.0    0.0    0.0
47299    2.5   38.5    1.5    0.0    0.0    0.0    0.0    0.0   29.0   78.5    5.5    0.0    1.0   22.0    1.5   18.0    6.5   12.0    0.0    0.0    0.0    2.0    0.0
  319    0.0    0.0    0.0    0.0    0.0    0.0    0.0    0.0    0.0    0.0   35.0   16.5    0.0    0.0    0.0    0.0    0.0   13.5    4.0    0.0    0.0    0.0    0.0
  328    1.0   23.5    0.0    0.0    0.0    0.0    0.0    0.0    1.0  102.5   11.5    0.0    0.0    0.0    0.0   20.0   30.5   20.0    0.0    0.0    0.0    0.0    0.0
  400    0.0    0.0    1.5    0.0    2.0    0.0    0.0    0.0    0.0    0.0    0.0    0.0    0.0    0.0    0.0    0.0    2.0   10.5    0.0    0.0    0.0    0.0    0.0
  433    0.0    0.0    0.0    0.0    0.0    0.0    0.0    0.0    0.0    0.0    0.0    0.0    0.0    0.0    0.0    0.0    2.5    7.0    0.0    0.0    0.0    0.0    1.5
  441    0.0    0.0    0.0    0.0    0.0    0.0    0.0    0.0    0.0    0.0    0.0    0.0    0.0    0.0    0.0    0.0    2.5    7.0    0.0    0.0    0.0    0.0    1.5
  504    0.0    0.0    5.0    0.0    2.5    0.0    0.0    0.0    0.0    0.0    0.0    0.0    0.0    0.0    0.0    0.0    2.5    7.0    0.0    0.0    0.5    0.0    1.0
  516    0.0    0.0    0.0    0.0    2.0    0.0    0.0    0.0    0.0    1.5    2.5    0.0    0.0    0.0    0.0    0.0    2.0   13.5    0.0    0.0    0.0    0.0    0.0
  517    0.0    0.0    0.0    0.0    0.0    0.0    0.0    0.0    0.0    0.0    1.5    0.0    0.0    0.5    0.0    0.0    2.0   14.0    3.5    0.0    8.5    1.0    3.0
  519    4.0    0.0    0.0    0.0    3.0    0.0    1.0    0.0    0.0    0.0    0.0    0.0    0.5    1.0    0.0    0.0    6.0    6.5    0.0    0.0    5.5    0.5    0.0
  523    0.0    0.0    0.0    0.0    0.0    0.0    1.0    1.0    0.0    0.0    7.5    0.5    0.0    0.0    1.0    0.0    1.0   20.0    6.5    0.5    3.5    3.0    8.0
  525    0.0    0.0    0.0    0.0    3.0    0.0    2.0    0.0    0.0    1.0    4.0    0.0    0.0    0.0    0.0    0.0    1.5   16.5    1.0    0.0    6.0    0.5    2.5
  526    0.0    0.0    0.0    0.0    3.0    0.0    2.0    0.0    0.0    1.0    4.0    0.0    0.0    0.0    0.0    0.0    1.5   16.5    1.0    0.0    6.0    0.5    2.5
  527    0.0    0.0    0.0    0.0    2.5    0.0    0.0    0.0    0.0    2.5   19.5    0.0    0.5    0.0    0.0    0.0    0.0   23.5    2.5    0.0    7.5    1.5    1.5
  528    0.5    0.0    0.5    0.0    0.0    0.0    0.0    0.0    0.0    0.0    0.0    0.0    0.0    0.0    0.0    0.0    0.0    0.5    0.0    1.5    0.0    0.5    2.5
  529    0.0    0.0    0.0    0.0    0.0    0.0    0.0    0.0    0.0    2.5   34.5    1.5    0.0    0.0    1.0    0.0    0.0   30.0    8.5    0.5    0.0    1.0    0.5
  530    0.0    0.0    0.0    0.0    0.0    0.0    0.0    0.0    0.0    0.0   35.0   16.5    0.0    0.0    0.0    0.0    0.0   13.5    4.0    0.0    0.0    0.0    0.0
  531    0.0    0.0    0.5    0.0    2.0    0.0    2.5    0.0    0.0    0.0    0.0    0.0    0.0    0.0    0.0    0.0    7.5    9.0    0.0    0.0    0.0    0.0    1.5
  532    0.0    0.0    5.0    0.0    2.5    0.0    0.0    0.0    0.0    0.0    0.0    0.0    0.0    0.0    0.0    0.0    2.5    7.0    0.0    0.0    0.5    0.0    1.0
  534    0.0    0.0    0.0    0.0    2.5    0.0    0.0    0.0    0.0    2.0    5.5    0.0    0.0    0.0    0.0    0.0    0.5   17.0    0.0    0.0    0.5    0.0    0.0
  536    0.0    0.0    0.0    0.0    3.0    0.0    2.0    0.0    0.0    1.0    4.0    0.0    0.0    0.0    0.0    0.0    1.5   16.5    1.0    0.0    6.0    0.5    2.5
  540    0.0    0.0    1.5    0.0    2.0    0.0    0.0    0.0    0.0    0.0    0.0    0.0    0.0    0.0    0.0    0.0    2.0   10.5    0.0    0.0    0.0    0.0    0.0
  541    0.0    0.0    1.5    0.0    2.0    0.0    0.0    0.0    0.0    0.0    0.0    0.0    0.0    0.0    0.0    0.0    2.0   10.5    0.0    0.0    0.0    0.0    0.0
  542    0.0    0.0    1.5    0.0    2.0    0.0    0.0    0.0    0.0    0.0    0.0    0.0    0.0    0.0    0.0    0.0    2.0   10.5    0.0    0.0    0.0    0.0    0.0
  546    0.0    0.0    1.5    0.0    2.0    0.0    0.0    0.0    0.0    0.0    0.0    0.0    0.0    0.0    0.0    0.0    2.0   10.5    0.0    0.0    0.0    0.0    0.0
  548    0.0    0.0    0.0    0.0    2.5    0.0    0.0    0.0    0.0    2.0    5.5    0.0    0.0    0.0    0.0    0.0    0.5   17.0    0.0    0.0    0.5    0.0    0.0
  549    0.0    0.0    0.0    0.0    2.0    0.0    0.0    0.0    0.0    1.5    2.5    0.0    0.0    0.0    0.0    0.0    2.0   13.5    0.0    0.0    0.0    0.0    0.0
  551    0.0    0.0    0.0    0.0    2.0    0.0    0.0    0.0    0.0    1.5    2.5    0.0    0.0    0.0    0.0    0.0    2.0   13.5    0.0    0.0    0.0    0.0    0.0
  552    4.0    0.0    0.0    0.0    3.0    0.0    1.0    0.0    0.0    0.0    0.0    0.0    0.5    1.0    0.0    0.0    6.0    6.5    0.0    0.0    5.5    0.5    0.0
  555    4.0    0.0    0.0    0.0    3.0    0.0    1.0    0.0    0.0    0.0    0.0    0.0    0.5    1.0    0.0    0.0    6.0    6.5    0.0    0.0    5.5    0.5    0.0
  556    0.0    0.0    0.0    0.0    0.0    0.0    0.0    0.0    0.0    0.0    1.5    0.0    0.0    0.5    0.0    0.0    2.0   14.0    3.5    0.0    8.5    1.0    3.0
  557    2.0    1.0    0.0    0.0    7.5    1.0    1.5    0.0    0.0    0.0    2.0    0.0    0.5    0.0    0.0    0.0    2.0   13.0    1.5    0.0   14.5    0.0    5.0
  559    2.0    1.0    0.0    0.0    7.5    1.0    1.5    0.0    0.0    0.0    2.0    0.0    0.5    0.0    0.0    0.0    2.0   13.0    1.5    0.0   14.5    0.0    5.0
  561    0.0    0.0    0.0    0.0    3.0    0.0    2.0    0.0    0.0    1.0    4.0    0.0    0.0    0.0    0.0    0.0    1.5   16.5    1.0    0.0    6.0    0.5    2.5
  562    0.0    0.0    0.0    0.0    2.5    0.0    0.0    0.0    0.0    2.5   10.5    0.0    0.0    0.0    0.0    0.0    0.0   19.0    0.0    0.0    5.5    1.5    2.0
  563    0.0    0.0    0.0    0.0    0.5    0.0    0.0    0.0    0.0    1.0   12.0    0.0    0.0    0.0    1.0    0.0    0.5   27.5    5.5    0.0    5.0    4.0    5.5
  565    0.0    0.0    0.0    0.0    0.0    0.0    0.0    0.0    0.0    0.0    0.0    0.0    0.0    0.0    0.0    0.0    2.5    7.0    0.0    0.0    0.0    0.0    1.5
  566    0.0    0.0    0.0    0.0    0.0    0.0    1.0    1.0    0.0    0.0    7.5    0.5    0.0    0.0    1.0    0.0    1.0   20.0    6.5    0.5    3.5    3.0    8.0
  571    0.0    0.0    0.0    0.0    0.0    0.0    0.0    0.0    0.0    1.0    0.0    0.0    0.0    0.0    0.0    0.0    3.5    8.5    0.0    0.0    0.0    0.0    1.5
  572    0.0    0.0    1.5    0.0    2.0    0.0    0.0    0.0    0.0    0.0    0.0    0.0    0.0    0.0    0.0    0.0    2.0   10.5    0.0    0.0    0.0    0.0    0.0
  579    0.0    0.0    0.0    0.0    0.5    0.0    0.0    0.0    0.0    1.0   12.0    0.0    0.0    0.0    1.0    0.0    0.5   27.5    5.5    0.0    5.0    4.0    5.5
  580    0.0    0.0    0.0    0.0    0.5    0.0    0.0    0.0    0.0    1.0   12.0    0.0    0.0    0.0    1.0    0.0    0.5   27.5    5.5    0.0    5.0    4.0    5.5
  581    0.0    0.0    0.0    0.0    2.5    0.0    0.0    0.0    0.0    2.5   19.5    0.0    0.5    0.0    0.0    0.0    0.0   23.5    2.5    0.0    7.5    1.5    1.5
  583    0.0    0.0    0.0    0.0    3.0    0.0    2.0    0.0    0.0    1.0    4.0    0.0    0.0    0.0    0.0    0.0    1.5   16.5    1.0    0.0    6.0    0.5    2.5
  586    0.0    0.0    0.5    0.0    2.0    0.0    2.5    0.0    0.0    0.0    0.0    0.0    0.0    0.0    0.0    0.0    7.5    9.0    0.0    0.0    0.0    0.0    1.5
  588    0.0    0.0    0.5    0.0    2.0    0.0    2.5    0.0    0.0    0.0    0.0    0.0    0.0    0.0    0.0    0.0    7.5    9.0    0.0    0.0    0.0    0.0    1.5
  590    0.0    0.0    1.5    0.0    2.0    0.0    0.0    0.0    0.0    0.0    0.0    0.0    0.0    0.0    0.0    0.0    2.0   10.5    0.0    0.0    0.0    0.0    0.0
  598    0.0    0.0    5.0    0.0    2.5    0.0    0.0    0.0    0.0    0.0    0.0    0.0    0.0    0.0    0.0    0.0    2.5    7.0    0.0    0.0    0.5    0.0    1.0
  601    0.0    0.0    0.0    0.0    2.5    0.0    0.0    0.0    0.0    2.5   10.5    0.0    0.0    0.0    0.0    0.0    0.0   19.0    0.0    0.0    5.5    1.5    2.0
  602    0.0    0.0    0.0    0.0    1.5    0.0    0.0    0.0    0.0    5.0   12.0    0.0    0.0    0.0    0.0    0.0    1.5   16.5    0.5    0.0    1.0    0.0    0.0
  603    0.0    0.0    0.0    0.0    1.5    0.0    0.0    0.0    0.0    5.0   12.0    0.0    0.0    0.0    0.0    0.0    1.5   16.5    0.5    0.0    1.0    0.0    0.0
  604    0.0    0.0    0.0    0.0    0.5    0.0    0.0    0.0    0.0   10.5   19.5    0.0    0.0    0.0    0.0    0.0    2.5   15.5    1.0    0.0    1.0    0.0    0.0
  605    0.0    0.0    0.0    0.0    0.0    0.0    0.0    0.0    0.0   16.5   24.0    0.0    0.0    0.0    0.0    0.0    3.5   10.5    1.0    0.0    2.0    0.0    0.0
  606    0.0    0.0    0.0    0.0    0.0    0.0    0.0    0.0    0.0    1.0    0.0    0.0    0.0    0.0    0.0    0.0    3.5    8.5    0.0    0.0    0.0    0.0    1.5
  610    0.0    0.0    0.0    0.0    0.0    0.0    0.0    0.0    0.0    3.0    3.5    0.0    0.0    0.0    0.0    0.0    3.0   11.0    0.0    0.0    0.0    0.0    0.0
  611    0.0    0.0    0.5    0.0    3.0    0.0    0.0    0.0    0.0    4.5    7.0    0.0    0.0    0.0    0.0    0.0    1.5   14.0    0.5    0.0    1.0    0.0    0.0
  612    0.0    0.0    0.5    0.0    1.5    0.0    0.0    0.0    0.0    9.5   13.5    0.0    0.0    0.0    0.0    0.0    3.0   11.5    0.5    0.0    0.0    0.0    0.0
  614    0.0    0.5    0.0    0.0    0.0    0.0    0.0    0.0    0.0   13.0   10.0    0.0    0.0    0.0    0.0    0.0    5.0    6.0    0.0    0.0    0.0    0.0    0.0
  615    0.0    0.0    0.5    0.0    1.5    0.0    0.0    0.0    0.0    9.5   13.5    0.0    0.0    0.0    0.0    0.0    3.0   11.5    0.5    0.0    0.0    0.0    0.0
  616    0.0    0.0    0.0    0.0    0.0    0.0    0.0    0.0    0.0    3.0    3.5    0.0    0.0    0.0    0.0    0.0    3.0   11.0    0.0    0.0    0.0    0.0    0.0
  617    0.0    0.0    0.5    0.0    3.0    0.0    0.0    0.0    0.0    4.5    7.0    0.0    0.0    0.0    0.0    0.0    1.5   14.0    0.5    0.0    1.0    0.0    0.0
  618    0.0    0.0    0.0    0.0    0.0    0.0    0.0    0.0    0.0    7.0    6.5    0.0    0.0    0.0    0.0    0.0    5.0    9.5    0.0    0.0    0.0    0.0    0.0
  619    0.0    0.0    0.0    0.0    2.5    0.0    0.0    0.0    0.0    2.0    5.5    0.0    0.0    0.0    0.0    0.0    0.5   17.0    0.0    0.0    0.5    0.0    0.0
  623    0.0    0.0    0.0    0.0    1.5    0.0    0.0    0.0    0.0    5.0   12.0    0.0    0.0    0.0    0.0    0.0    1.5   16.5    0.5    0.0    1.0    0.0    0.0
  624    0.0    0.0    0.0    0.0    1.5    0.0    0.0    0.0    0.0    5.0   12.0    0.0    0.0    0.0    0.0    0.0    1.5   16.5    0.5    0.0    1.0    0.0    0.0
  627    0.0    0.0    0.0    0.0    0.0    0.0    0.0    0.0    0.0    3.0    3.5    0.0    0.0    0.0    0.0    0.0    3.0   11.0    0.0    0.0    0.0    0.0    0.0
  628    0.0    0.0    0.0    0.0    0.0    0.0    0.0    0.0    0.0    3.0    3.5    0.0    0.0    0.0    0.0    0.0    3.0   11.0    0.0    0.0    0.0    0.0    0.0
  630    0.0    0.0    0.0    0.0    2.5    0.0    0.0    0.0    0.0    2.0    5.5    0.0    0.0    0.0    0.0    0.0    0.5   17.0    0.0    0.0    0.5    0.0    0.0
  634    0.0    0.0    0.5    0.0    3.0    0.0    0.0    0.0    0.0    4.5    7.0    0.0    0.0    0.0    0.0    0.0    1.5   14.0    0.5    0.0    1.0    0.0    0.0
  635    0.0    0.0    1.0    0.0    0.0    0.0    0.0    0.0    0.0   14.5   15.5    0.0    0.0    0.0    0.0    0.0    4.0    9.5    0.5    0.0    0.0    0.0    0.0
  636    0.0    0.0    0.5    0.0    1.5    0.0    0.0    0.0    0.0    9.5   13.5    0.0    0.0    0.0    0.0    0.0    3.0   11.5    0.5    0.0    0.0    0.0    0.0
  642    0.0    0.0    0.5    0.0    1.5    0.0    0.0    0.0    0.0    9.5   13.5    0.0    0.0    0.0    0.0    0.0    3.0   11.5    0.5    0.0    0.0    0.0    0.0
  652    0.0    0.0    5.0    0.0    2.5    0.0    0.0    0.0    0.0    0.0    0.0    0.0    0.0    0.0    0.0    0.0    2.5    7.0    0.0    0.0    0.5    0.0    1.0
   96    0.0    0.0    0.0    0.0    0.0    0.0    0.0    0.0    0.0    0.0   42.5   22.0    0.0    0.0    0.0    0.0    0.0   16.0    4.0    0.0    0.0    0.0    0.0
  661    0.0    0.0    1.0    1.0    0.0    0.0    1.5    0.0    0.0    0.5    1.0    0.0    0.0    0.0    0.0    0.0    3.5   16.5    5.0    0.0    7.0    3.0    1.0
  670    0.5    2.0    1.0    1.0    0.0    0.0    1.0    1.0    0.0    0.0    4.0    0.0    0.0    0.0    0.0    0.0    2.5   19.0    7.5    1.0    5.0    0.0    0.5
  671    0.5    2.0    1.0    1.0    0.0    0.0    1.0    1.0    0.0    0.0    4.0    0.0    0.0    0.0    0.0    0.0    2.5   19.0    7.5    1.0    5.0    0.0    0.5
  699    0.0    0.0    0.0    0.0    0.0    0.0    0.0    0.0    0.0   48.0   12.5    0.0    0.0    0.0    0.0    0.0   23.5    9.0    0.0    0.0    0.0    0.0    0.0
  701    0.0    0.0    0.0    0.0    0.0    0.0    0.0    0.0    0.0   16.5   24.0    0.0    0.0    0.0    0.0    0.0    3.5   10.5    1.0    0.0    2.0    0.0    0.0
  702    0.0    0.0    1.0    0.0    0.0    0.0    0.0    0.0    0.0   14.5   15.5    0.0    0.0    0.0    0.0    0.0    4.0    9.5    0.5    0.0    0.0    0.0    0.0
  703    0.0    0.0    0.0    0.0    0.0    0.0    0.0    0.0    0.0   20.5   24.5    0.0    0.0    0.0    0.0    0.0    5.5   16.0    1.0    0.0    4.0    0.0    0.0
  704    0.0    0.0    1.0    0.0    0.0    0.0    0.0    0.0    0.0   20.0   10.0    0.0    0.0    0.0    0.0    0.0    8.5    6.5    0.0    0.0    0.0    0.0    0.0
  706    0.0    0.0    0.0    0.0    0.0    0.0    0.0    0.0    0.0   29.0   17.0    0.0    0.0    0.0    0.0    0.0    9.0   12.0    0.5    0.0    1.0    0.0    0.0
  709    0.0    0.0    0.0    0.0    0.0    0.0    0.0    0.0    0.0   26.5   29.5    0.0    0.0    0.0    0.0    0.0    6.0   17.5    0.5    0.0    0.0    0.0    0.0
  710    0.0    0.0    0.0    0.0    0.0    0.0    0.0    0.0    0.0   48.0   12.5    0.0    0.0    0.0    0.0    0.0   23.5    9.0    0.0    0.0    0.0    0.0    0.0
  711    0.0    0.0    0.0    0.0    0.0    0.0    0.0    0.0    0.0   43.5   21.5    0.0    0.0    0.0    0.0    0.0   18.5   15.0    0.0    0.0    0.0    0.0    0.0
  712    0.0    0.0    0.0    0.0    0.0    0.0    0.0    0.0    0.0   36.0   37.0    0.0    0.0    0.0    0.0    0.0   16.0   22.5    0.5    0.0    0.0    0.0    0.0
  713    0.0    0.0    0.0    0.0    0.0    0.0    0.0    0.0    0.0   36.0   37.0    0.0    0.0    0.0    0.0    0.0   16.0   22.5    0.5    0.0    0.0    0.0    0.0
  727    1.0   23.5    0.0    0.0    0.0    0.0    0.0    0.0    1.0  102.5   11.5    0.0    0.0    0.0    0.0   20.0   30.5   20.0    0.0    0.0    0.0    0.0    0.0
  730    0.0    0.0    0.0    0.0    0.0    0.0    0.0    0.0    0.0   30.5   11.0    0.0    0.0    0.0    0.0    0.0    9.0    8.5    0.0    0.0    0.0    0.0    0.0
  731    0.0    0.0    0.0    0.0    0.0    0.0    0.0    0.0    0.0   48.0   12.5    0.0    0.0    0.0    0.0    0.0   23.5    9.0    0.0    0.0    0.0    0.0    0.0
  732    0.0    0.0    0.0    0.0    0.0    0.0    0.0    0.0    0.0   43.5   21.5    0.0    0.0    0.0    0.0    0.0   18.5   15.0    0.0    0.0    0.0    0.0    0.0
  733    0.0    0.0    1.0    0.0    0.0    0.0    0.0    0.0    0.0   14.5   15.5    0.0    0.0    0.0    0.0    0.0    4.0    9.5    0.5    0.0    0.0    0.0    0.0
  734    0.0    0.0    1.0    0.0    0.0    0.0    0.0    0.0    0.0   14.5   15.5    0.0    0.0    0.0    0.0    0.0    4.0    9.5    0.5    0.0    0.0    0.0    0.0
  736    0.0    0.5    0.0    0.0    0.0    0.0    0.0    0.0    0.0   13.0   10.0    0.0    0.0    0.0    0.0    0.0    5.0    6.0    0.0    0.0    0.0    0.0    0.0
  737    0.0    0.0    2.5    0.0    0.0    0.0    0.0    0.0    0.0   20.0   17.5    0.0    0.0    0.0    0.0    0.0    6.0    8.0    0.5    0.0    1.0    0.0    0.0
  738    0.0    0.0    1.0    0.0    0.0    0.0    0.0    0.0    0.0   20.0   10.0    0.0    0.0    0.0    0.0    0.0    8.5    6.5    0.0    0.0    0.0    0.0    0.0
  741    0.0    0.0    0.0    0.0    0.0    0.0    0.0    0.0    0.0   43.5   21.5    0.0    0.0    0.0    0.0    0.0   18.5   15.0    0.0    0.0    0.0    0.0    0.0
  745    0.0    0.0    0.0    0.0    0.0    0.0    0.0    0.0    0.0   48.0   12.5    0.0    0.0    0.0    0.0    0.0   23.5    9.0    0.0    0.0    0.0    0.0    0.0
  748    0.0    0.0    0.0    0.0    0.0    0.0    0.0    0.0    0.0   43.5   21.5    0.0    0.0    0.0    0.0    0.0   18.5   15.0    0.0    0.0    0.0    0.0    0.0
  751    1.0   23.5    0.0    0.0    0.0    0.0    0.0    0.0    1.0  102.5   11.5    0.0    0.0    0.0    0.0   20.0   30.5   20.0    0.0    0.0    0.0    0.0    0.0
  752    1.0   23.5    0.0    0.0    0.0    0.0    0.0    0.0    1.0  102.5   11.5    0.0    0.0    0.0    0.0   20.0   30.5   20.0    0.0    0.0    0.0    0.0    0.0
  754    0.0    0.0    0.0    0.0    0.0    0.0    0.0    0.0    0.0   48.0   12.5    0.0    0.0    0.0    0.0    0.0   23.5    9.0    0.0    0.0    0.0    0.0    0.0
  757    0.0    0.0    0.0    0.0    0.0    0.0    0.0    0.0    0.0   16.5   24.0    0.0    0.0    0.0    0.0    0.0    3.5   10.5    1.0    0.0    2.0    0.0    0.0
  762    0.0    0.0    2.5    0.0    0.0    0.0    0.0    0.0    0.0   20.0   17.5    0.0    0.0    0.0    0.0    0.0    6.0    8.0    0.5    0.0    1.0    0.0    0.0
  767    0.0    0.0    0.0    0.0    0.0    0.0    0.0    0.0    0.0   62.5   24.0    0.0    0.0    0.0    0.0    2.0   22.5   19.5    0.0    0.0    0.0    0.0    0.0
  768    0.0    0.0    0.0    0.0    0.0    0.0    0.0    0.0    0.0   29.0   17.0    0.0    0.0    0.0    0.0    0.0    9.0   12.0    0.5    0.0    1.0    0.0    0.0
  769    0.0    0.0    0.0    0.0    0.0    0.0    0.0    0.0    0.0   30.5   11.0    0.0    0.0    0.0    0.0    0.0    9.0    8.5    0.0    0.0    0.0    0.0    0.0
  771    0.0    0.0    0.0    0.0    0.0    0.0    0.0    0.0    0.0   55.0    7.5    0.0    0.0    0.0    0.0    0.0   21.0    3.5    0.0    0.0    0.0    0.5    0.0
  775    0.0    0.0    0.0    0.0    0.0    0.0    0.0    0.0    0.0   30.5   11.0    0.0    0.0    0.0    0.0    0.0    9.0    8.5    0.0    0.0    0.0    0.0    0.0
  779    2.0   29.0    1.0    0.0    0.0    0.0    0.0    0.0    4.0  154.5    4.0    0.0    0.0    0.0    0.0   17.0   40.5   13.0    0.0    0.0    0.0    0.0    0.0
  780    1.0   23.5    0.0    0.0    0.0    0.0    0.0    0.0    1.0  102.5   11.5    0.0    0.0    0.0    0.0   20.0   30.5   20.0    0.0    0.0    0.0    0.0    0.0
  789    0.0    0.0    0.0    0.0    0.0    0.0    0.0    0.0    0.0   48.0   12.5    0.0    0.0    0.0    0.0    0.0   23.5    9.0    0.0    0.0    0.0    0.0    0.0
  801    0.0    0.0    0.0    0.0    0.0    0.0    0.0    0.0    0.0    5.0   46.0    0.5    0.0    0.0    0.0    0.0    0.0   30.0    3.5    0.0    0.0    0.0    0.0
  803    0.0    0.0    0.0    0.0    0.0    0.0    0.0    0.0    0.0    9.5   37.0    0.0    0.0    0.0    0.0    0.0    1.5   26.0    2.0    0.0    3.5    0.0    0.0
  804    0.0    0.0    0.0    0.0    0.0    0.0    0.0    0.0    0.0    7.0   48.5    0.5    0.0    0.0    0.0    0.0    1.0   29.5    2.0    0.0    0.0    0.0    0.0
  810    0.0    0.0    0.0    0.0    0.0    0.0    0.0    0.0    0.0   15.0   32.0    0.0    0.0    0.0    0.0    0.0    3.5   18.5    1.5    0.0    3.5    0.0    0.0
  811    0.0    0.0    0.0    0.0    0.0    0.0    0.0    0.0    0.0    9.0   46.5    1.0    0.0    0.0    0.0    0.0    2.0   34.5    2.0    0.0    0.0    0.0    0.0
  812    0.0    0.0    0.0    0.0    0.0    0.0    0.0    0.0    0.0   18.0   33.5    0.0    0.0    0.0    0.0    0.0    6.5   16.5    1.0    0.0    2.0    0.0    0.0
  813    0.0    0.0    0.0    0.0    0.0    0.0    0.0    0.0    0.0   15.0   42.0    0.0    0.0    0.0    0.0    0.0    6.0   26.5    1.0    0.0    2.0    0.0    0.0
  815    0.0    0.0    0.0    0.0    1.0    0.0    0.0    0.0    0.0    5.5   19.0    0.0    0.0    0.0    0.0    0.0    1.0   19.0    0.5    0.0    2.0    0.0    0.5
  822    0.0    0.0    0.0    0.0    0.0    0.0    0.0    0.0    0.0   15.0   32.0    0.0    0.0    0.0    0.0    0.0    3.5   18.5    1.5    0.0    3.5    0.0    0.0
  823    0.0    0.0    0.0    0.0    0.0    0.0    0.0    0.0    0.0    9.5   37.0    0.0    0.0    0.0    0.0    0.0    1.5   26.0    2.0    0.0    3.5    0.0    0.0
  825    0.0    0.0    0.0    0.0    0.0    0.0    0.0    0.0    0.0   15.0   32.0    0.0    0.0    0.0    0.0    0.0    3.5   18.5    1.5    0.0    3.5    0.0    0.0
  827    0.0    0.0    0.0    0.0    0.0    0.0    0.0    0.0    0.0   12.5   39.0    0.0    0.0    0.0    0.0    0.0    3.0   25.5    2.0    0.0    3.0    0.0    0.0
  828    0.0    0.0    0.0    0.0    0.0    0.0    0.0    0.0    0.0   18.0   33.5    0.0    0.0    0.0    0.0    0.0    6.5   16.5    1.0    0.0    2.0    0.0    0.0
  832    0.0    0.0    0.0    0.0    0.0    0.0    0.0    0.0    0.0   10.5   28.0    0.0    0.0    0.0    0.0    0.0    2.0   18.0    1.5    0.0    4.0    0.0    0.0
  834    0.0    0.0    0.0    0.0    0.5    0.0    0.0    0.0    0.0   10.5   19.5    0.0    0.0    0.0    0.0    0.0    2.5   15.5    1.0    0.0    1.0    0.0    0.0
  836    0.0    0.0    0.0    0.0    0.0    0.0    0.0    0.0    0.0    9.5   37.0    0.0    0.0    0.0    0.0    0.0    1.5   26.0    2.0    0.0    3.5    0.0    0.0
  844    0.0    0.0    0.0    0.0    0.0    0.0    0.0    0.0    0.0    7.0   48.5    0.5    0.0    0.0    0.0    0.0    1.0   29.5    2.0    0.0    0.0    0.0    0.0
  850    0.0    0.0    0.0    0.0    0.0    0.0    0.0    0.0    0.0   10.5   50.0    1.0    0.0    0.0    0.0    0.0    5.5   31.0    1.0    0.0    0.5    0.0    0.0
  876    0.0    0.5    1.5    2.5    0.0    0.0    1.0    1.0    0.0    1.5   24.0    1.5    0.0    0.0    0.0    0.0    0.0   24.0   12.0    1.0    0.0    0.0    0.0
  877    0.0    0.0    0.0    0.0    2.0    0.0    0.0    0.0    0.0    0.5    1.0    0.0    0.0    0.0    0.0    0.0    2.5   13.0    0.0    0.0    0.5    0.0    0.0
  887    0.0    0.0    0.5    0.0    1.5    0.0    0.0    0.0    0.0    9.5   13.5    0.0    0.0    0.0    0.0    0.0    3.0   11.5    0.5    0.0    0.0    0.0    0.0
  900    0.0    0.0    0.0    0.0    0.0    0.0    0.0    0.0    0.0   10.5   50.0    1.0    0.0    0.0    0.0    0.0    5.5   31.0    1.0    0.0    0.5    0.0    0.0
  901    0.0    0.0    0.0    0.0    0.0    0.0    0.0    0.0    0.0   10.5   50.0    1.0    0.0    0.0    0.0    0.0    5.5   31.0    1.0    0.0    0.5    0.0    0.0
  907    0.0    0.0    0.0    0.0    0.0    0.0    0.0    0.0    0.0   27.0   47.5    0.0    0.0    0.0    0.0    0.0    9.5   31.5    1.0    0.0    0.0    0.0    0.0
  908    0.0    0.0    0.0    0.0    0.0    0.0    0.0    0.0    0.0   16.0   50.5    0.0    0.0    0.0    0.0    0.0    7.0   31.5    0.5    0.0    0.0    0.0    0.0
  909    0.0    0.0    0.0    0.0    0.0    0.0    0.0    0.0    0.0   19.5   56.0    0.0    0.0    0.0    0.0    0.0    8.0   36.5    0.5    0.0    0.0    0.0    0.0
  912    0.0    0.0    0.0    0.0    0.0    0.0    0.0    0.0    0.0   20.5   24.5    0.0    0.0    0.0    0.0    0.0    5.5   16.0    1.0    0.0    4.0    0.0    0.0
  915    0.0    0.0    0.0    0.0    0.0    0.0    0.0    0.0    0.0   22.0   42.5    0.0    0.0    0.0    0.0    0.0    8.0   23.0    0.0    0.0    0.0    0.0    0.0
  917    0.0    0.0    0.0    0.0    0.0    0.0    0.0    0.0    0.0   27.0   47.5    0.0    0.0    0.0    0.0    0.0    9.5   31.5    1.0    0.0    0.0    0.0    0.0
  918    0.0    0.0    0.0    0.0    0.0    0.0    0.0    0.0    0.0   27.0   47.5    0.0    0.0    0.0    0.0    0.0    9.5   31.5    1.0    0.0    0.0    0.0    0.0
  919    0.0    0.0    0.0    0.0    0.0    0.0    0.0    0.0    0.0   18.0   33.5    0.0    0.0    0.0    0.0    0.0    6.5   16.5    1.0    0.0    2.0    0.0    0.0
  920    0.0    0.0    0.0    0.0    0.0    0.0    0.0    0.0    0.0   22.0   42.5    0.0    0.0    0.0    0.0    0.0    8.0   23.0    0.0    0.0    0.0    0.0    0.0
  923    0.0    0.0    0.0    0.0    0.0    0.0    0.0    0.0    0.0   11.5   56.5    0.5    0.0    0.0    0.0    0.0    6.5   39.0    1.5    0.0    0.5    0.0    0.0
  932    0.0    0.0    0.0    0.0    0.0    0.0    0.0    0.0    0.0   26.5   29.5    0.0    0.0    0.0    0.0    0.0    6.0   17.5    0.5    0.0    0.0    0.0    0.0
  936    0.0    0.0    0.0    0.0    0.0    0.0    0.0    0.0    0.0   22.0   42.5    0.0    0.0    0.0    0.0    0.0    8.0   23.0    0.0    0.0    0.0    0.0    0.0
  940    0.0    0.0    0.0    0.0    0.0    0.0    0.0    0.0    0.0   16.0   50.5    0.0    0.0    0.0    0.0    0.0    7.0   31.5    0.5    0.0    0.0    0.0    0.0
  946    0.0    0.0    0.0    0.0    0.0    0.0    0.0    0.0    0.0   20.5   24.5    0.0    0.0    0.0    0.0    0.0    5.5   16.0    1.0    0.0    4.0    0.0    0.0
  790    0.0    0.0    0.0    0.0    0.0    0.0    0.0    0.0    0.0   49.0   36.0    0.0    0.0    0.0    0.0    1.0   22.0   25.5    0.0    0.0    0.0    0.0    0.0
10111    0.0    0.0    1.5    0.0    2.0    0.0    0.0    0.0    0.0    0.0    0.0    0.0    0.0    0.0    0.0    0.0    2.0   10.5    0.0    0.0    0.0    0.0    0.0
10112    0.0    0.0    1.5    0.0    2.0    0.0    0.0    0.0    0.0    0.0    0.0    0.0    0.0    0.0    0.0    0.0    2.0   10.5    0.0    0.0    0.0    0.0    0.0
10121    0.0    0.0    0.0    0.0    0.0    0.0    0.0    0.0    0.0    0.0    1.5    0.0    0.0    0.5    0.0    0.0    2.0   14.0    3.5    0.0    8.5    1.0    3.0
10122    0.0    0.0    0.0    0.0    0.0    0.0    0.0    0.0    0.0    0.0    1.5    0.0    0.0    0.5    0.0    0.0    2.0   14.0    3.5    0.0    8.5    1.0    3.0
10131    0.0    0.0    0.0    0.0    0.0    0.0    1.0    1.0    0.0    0.0    7.5    0.5    0.0    0.0    1.0    0.0    1.0   20.0    6.5    0.5    3.5    3.0    8.0
10132    0.0    0.0    0.0    0.0    0.0    0.0    1.0    1.0    0.0    0.0    7.5    0.5    0.0    0.0    1.0    0.0    1.0   20.0    6.5    0.5    3.5    3.0    8.0
10141    0.0    0.0    0.0    0.0    3.0    0.0    2.0    0.0    0.0    1.0    4.0    0.0    0.0    0.0    0.0    0.0    1.5   16.5    1.0    0.0    6.0    0.5    2.5
10142    0.0    0.0    0.0    0.0    3.0    0.0    2.0    0.0    0.0    1.0    4.0    0.0    0.0    0.0    0.0    0.0    1.5   16.5    1.0    0.0    6.0    0.5    2.5
10151    0.0    0.0    0.5    0.0    1.5    0.0    0.0    0.0    0.0    9.5   13.5    0.0    0.0    0.0    0.0    0.0    3.0   11.5    0.5    0.0    0.0    0.0    0.0
10152    0.0    0.0    0.5    0.0    1.5    0.0    0.0    0.0    0.0    9.5   13.5    0.0    0.0    0.0    0.0    0.0    3.0   11.5    0.5    0.0    0.0    0.0    0.0
10161    0.0    0.0    0.0    0.0    0.5    0.0    0.0    0.0    0.0   10.5   19.5    0.0    0.0    0.0    0.0    0.0    2.5   15.5    1.0    0.0    1.0    0.0    0.0
10162    0.0    0.0    0.0    0.0    0.5    0.0    0.0    0.0    0.0   10.5   19.5    0.0    0.0    0.0    0.0    0.0    2.5   15.5    1.0    0.0    1.0    0.0    0.0
10171    0.0    0.0    0.0    0.0    1.0    0.0    0.0    0.0    0.0    5.5   19.0    0.0    0.0    0.0    0.0    0.0    1.0   19.0    0.5    0.0    2.0    0.0    0.5
10172    0.0    0.0    0.0    0.0    1.0    0.0    0.0    0.0    0.0    5.5   19.0    0.0    0.0    0.0    0.0    0.0    1.0   19.0    0.5    0.0    2.0    0.0    0.5
10181    0.0    0.0    0.0    0.0    0.0    0.0    0.0    0.0    0.0   48.0   12.5    0.0    0.0    0.0    0.0    0.0   23.5    9.0    0.0    0.0    0.0    0.0    0.0
10182    0.0    0.0    0.0    0.0    0.0    0.0    0.0    0.0    0.0   48.0   12.5    0.0    0.0    0.0    0.0    0.0   23.5    9.0    0.0    0.0    0.0    0.0    0.0
10192    0.0    0.0    0.0    0.0    0.0    0.0    0.0    0.0    0.0   26.5   29.5    0.0    0.0    0.0    0.0    0.0    6.0   17.5    0.5    0.0    0.0    0.0    0.0
10201    0.0    0.0    2.5    0.0    0.0    0.0    0.0    0.0    0.0   20.0   17.5    0.0    0.0    0.0    0.0    0.0    6.0    8.0    0.5    0.0    1.0    0.0    0.0
10202    0.0    0.0    2.5    0.0    0.0    0.0    0.0    0.0    0.0   20.0   17.5    0.0    0.0    0.0    0.0    0.0    6.0    8.0    0.5    0.0    1.0    0.0    0.0
10211    0.0    0.0    0.0    0.0    0.0    0.0    0.0    0.0    0.0   16.5   24.0    0.0    0.0    0.0    0.0    0.0    3.5   10.5    1.0    0.0    2.0    0.0    0.0
10212    0.0    0.0    0.0    0.0    0.0    0.0    0.0    0.0    0.0   20.5   24.5    0.0    0.0    0.0    0.0    0.0    5.5   16.0    1.0    0.0    4.0    0.0    0.0
10221    0.0    0.0    0.0    0.0    0.0    0.0    0.0    0.0    0.0    7.0   48.5    0.5    0.0    0.0    0.0    0.0    1.0   29.5    2.0    0.0    0.0    0.0    0.0
10222    0.0    0.0    0.0    0.0    0.0    0.0    0.0    0.0    0.0    7.0   48.5    0.5    0.0    0.0    0.0    0.0    1.0   29.5    2.0    0.0    0.0    0.0    0.0
10231    0.0    0.0    0.0    0.0    0.0    0.0    0.0    0.0    0.0   26.5   29.5    0.0    0.0    0.0    0.0    0.0    6.0   17.5    0.5    0.0    0.0    0.0    0.0
10232    0.0    0.0    0.0    0.0    0.0    0.0    0.0    0.0    0.0   26.5   29.5    0.0    0.0    0.0    0.0    0.0    6.0   17.5    0.5    0.0    0.0    0.0    0.0
10241    0.0    0.0    0.0    0.0    1.0    0.0    0.0    0.0    0.0    5.5   19.0    0.0    0.0    0.0    0.0    0.0    1.0   19.0    0.5    0.0    2.0    0.0    0.5
10242    0.0    0.0    0.0    0.0    2.5    0.0    0.0    0.0    0.0    2.5   10.5    0.0    0.0    0.0    0.0    0.0    0.0   19.0    0.0    0.0    5.5    1.5    2.0
10251    0.0    0.0    0.0    0.0    0.0    0.0    0.0    0.0    0.0   15.0   32.0    0.0    0.0    0.0    0.0    0.0    3.5   18.5    1.5    0.0    3.5    0.0    0.0
10252    0.0    0.0    0.0    0.0    0.0    0.0    0.0    0.0    0.0   18.0   33.5    0.0    0.0    0.0    0.0    0.0    6.5   16.5    1.0    0.0    2.0    0.0    0.0
10261    1.0   23.5    0.0    0.0    0.0    0.0    0.0    0.0    1.0  102.5   11.5    0.0    0.0    0.0    0.0   20.0   30.5   20.0    0.0    0.0    0.0    0.0    0.0
10262    1.0   23.5    0.0    0.0    0.0    0.0    0.0    0.0    1.0  102.5   11.5    0.0    0.0    0.0    0.0   20.0   30.5   20.0    0.0    0.0    0.0    0.0    0.0
10272    1.0   23.5    0.0    0.0    0.0    0.0    0.0    0.0    1.0  102.5   11.5    0.0    0.0    0.0    0.0   20.0   30.5   20.0    0.0    0.0    0.0    0.0    0.0
10281    0.0    0.0    0.0    0.0    0.0    0.0    0.0    0.0    0.0   29.0   17.0    0.0    0.0    0.0    0.0    0.0    9.0   12.0    0.5    0.0    1.0    0.0    0.0
10282    0.0    0.0    0.0    0.0    0.0    0.0    0.0    0.0    0.0   29.0   17.0    0.0    0.0    0.0    0.0    0.0    9.0   12.0    0.5    0.0    1.0    0.0    0.0
20111    0.0    0.0    0.5    0.0    2.0    0.0    2.5    0.0    0.0    0.0    0.0    0.0    0.0    0.0    0.0    0.0    7.5    9.0    0.0    0.0    0.0    0.0    1.5
20121    0.0    0.0    1.5    0.0    2.0    0.0    0.0    0.0    0.0    0.0    0.0    0.0    0.0    0.0    0.0    0.0    2.0   10.5    0.0    0.0    0.0    0.0    0.0
20131    0.0    0.0    1.5    0.0    2.0    0.0    0.0    0.0    0.0    0.0    0.0    0.0    0.0    0.0    0.0    0.0    2.0   10.5    0.0    0.0    0.0    0.0    0.0
20141    0.0    0.0    0.0    0.0    2.5    0.0    0.0    0.0    0.0    2.5   19.5    0.0    0.5    0.0    0.0    0.0    0.0   23.5    2.5    0.0    7.5    1.5    1.5
20151    0.0    0.0    0.5    0.0    1.5    0.0    0.0    0.0    0.0    9.5   13.5    0.0    0.0    0.0    0.0    0.0    3.0   11.5    0.5    0.0    0.0    0.0    0.0
20161    0.0    0.0    1.0    0.0    0.0    0.0    0.0    0.0    0.0   14.5   15.5    0.0    0.0    0.0    0.0    0.0    4.0    9.5    0.5    0.0    0.0    0.0    0.0
20171    0.0    0.0    0.0    0.0    0.0    0.0    0.0    0.0    0.0   20.5   24.5    0.0    0.0    0.0    0.0    0.0    5.5   16.0    1.0    0.0    4.0    0.0    0.0
20181    0.0    0.0    2.5    0.0    0.0    0.0    0.0    0.0    0.0   20.0   17.5    0.0    0.0    0.0    0.0    0.0    6.0    8.0    0.5    0.0    1.0    0.0    0.0
20191    0.0    0.0    1.0    0.0    0.0    0.0    0.0    0.0    0.0   20.0   10.0    0.0    0.0    0.0    0.0    0.0    8.5    6.5    0.0    0.0    0.0    0.0    0.0
20201    0.0    0.0    0.0    0.0    0.0    0.0    0.0    0.0    0.0   29.0   17.0    0.0    0.0    0.0    0.0    0.0    9.0   12.0    0.5    0.0    1.0    0.0    0.0
20211    0.0    0.0    0.0    0.0    0.0    0.0    0.0    0.0    0.0   43.5   21.5    0.0    0.0    0.0    0.0    0.0   18.5   15.0    0.0    0.0    0.0    0.0    0.0
20221    0.0    0.0    0.0    0.0    0.0    0.0    0.0    0.0    0.0   49.0   36.0    0.0    0.0    0.0    0.0    1.0   22.0   25.5    0.0    0.0    0.0    0.0    0.0
20231    0.0    0.5    0.0    0.0    0.0    0.0    0.0    0.0    0.0   75.5   14.5    0.0    0.0    0.0    0.0    3.0   21.5   12.0    0.0    0.0    0.0    0.0    0.0
20241    0.0    0.5    0.0    0.0    0.0    0.0    0.0    0.0    0.0   75.5   14.5    0.0    0.0    0.0    0.0    3.0   21.5   12.0    0.0    0.0    0.0    0.0    0.0
20251    0.0    0.0    0.0    0.0    0.0    0.0    0.0    0.0    0.0   15.0   42.0    0.0    0.0    0.0    0.0    0.0    6.0   26.5    1.0    0.0    2.0    0.0    0.0
20261    0.0    0.0    0.0    0.0    0.0    0.0    0.0    0.0    0.0    5.5   29.5    0.0    0.0    0.0    0.0    0.0    0.5   24.0    1.5    0.0    4.0    0.0    0.0
20271    0.0    0.0    0.0    0.0    0.0    0.0    0.0    0.0    0.0   15.0   32.0    0.0    0.0    0.0    0.0    0.0    3.5   18.5    1.5    0.0    3.5    0.0    0.0
20281    0.0    0.0    0.0    0.0    0.0    0.0    0.0    0.0    0.0   15.0   32.0    0.0    0.0    0.0    0.0    0.0    3.5   18.5    1.5    0.0    3.5    0.0    0.0
20291    0.0    0.0    0.0    0.0    0.0    0.0    0.0    0.0    0.0   12.5   39.0    0.0    0.0    0.0    0.0    0.0    3.0   25.5    2.0    0.0    3.0    0.0    0.0
20301    0.0    0.0    0.0    0.0    0.0    0.0    0.0    0.0    0.0   22.0   42.5    0.0    0.0    0.0    0.0    0.0    8.0   23.0    0.0    0.0    0.0    0.0    0.0
30111    0.0    0.0    1.5    0.0    2.0    0.0    0.0    0.0    0.0    0.0    0.0    0.0    0.0    0.0    0.0    0.0    2.0   10.5    0.0    0.0    0.0    0.0    0.0
30121    0.0    0.0    0.5    0.0    2.0    0.0    2.5    0.0    0.0    0.0    0.0    0.0    0.0    0.0    0.0    0.0    7.5    9.0    0.0    0.0    0.0    0.0    1.5
30131    2.0    1.0    0.0    0.0    7.5    1.0    1.5    0.0    0.0    0.0    2.0    0.0    0.5    0.0    0.0    0.0    2.0   13.0    1.5    0.0   14.5    0.0    5.0
30141    0.0    0.0    0.0    0.0    0.0    0.0    0.0    0.0    0.0   20.5   24.5    0.0    0.0    0.0    0.0    0.0    5.5   16.0    1.0    0.0    4.0    0.0    0.0
30151    0.0    0.0    0.0    0.0    0.0    0.0    0.0    0.0    0.0   29.0   17.0    0.0    0.0    0.0    0.0    0.0    9.0   12.0    0.5    0.0    1.0    0.0    0.0
30161    0.0    0.0    0.0    0.0    0.0    0.0    0.0    0.0    0.0   18.0   33.5    0.0    0.0    0.0    0.0    0.0    6.5   16.5    1.0    0.0    2.0    0.0    0.0
30171    0.0    0.0    0.0    0.0    0.0    0.0    0.0    0.0    0.0   15.0   42.0    0.0    0.0    0.0    0.0    0.0    6.0   26.5    1.0    0.0    2.0    0.0    0.0
30181    0.0    0.0    0.0    0.0    0.0    0.0    0.0    0.0    0.0   15.0   42.0    0.0    0.0    0.0    0.0    0.0    6.0   26.5    1.0    0.0    2.0    0.0    0.0
30191    0.0    0.0    0.0    0.0    0.0    0.0    0.0    0.0    0.0   15.0   42.0    0.0    0.0    0.0    0.0    0.0    6.0   26.5    1.0    0.0    2.0    0.0    0.0
30201    0.0    0.0    0.0    0.0    0.0    0.0    0.0    0.0    0.0   20.5   24.5    0.0    0.0    0.0    0.0    0.0    5.5   16.0    1.0    0.0    4.0    0.0    0.0
30211    0.0    0.0    0.0    0.0    0.0    0.0    0.0    0.0    0.0   18.0   33.5    0.0    0.0    0.0    0.0    0.0    6.5   16.5    1.0    0.0    2.0    0.0    0.0
30221    0.0    0.0    0.0    0.0    0.0    0.0    0.0    0.0    0.0   26.5   29.5    0.0    0.0    0.0    0.0    0.0    6.0   17.5    0.5    0.0    0.0    0.0    0.0
30231    0.0    0.0    0.0    0.0    0.0    0.0    0.0    0.0    0.0   22.0   42.5    0.0    0.0    0.0    0.0    0.0    8.0   23.0    0.0    0.0    0.0    0.0    0.0
30241    0.0    0.0    0.0    0.0    0.0    0.0    0.0    0.0    0.0   26.5   29.5    0.0    0.0    0.0    0.0    0.0    6.0   17.5    0.5    0.0    0.0    0.0    0.0
30251    0.0    0.0    0.0    0.0    0.0    0.0    0.0    0.0    0.0   36.0   37.0    0.0    0.0    0.0    0.0    0.0   16.0   22.5    0.5    0.0    0.0    0.0    0.0
40111    0.0    0.0    5.0    0.0    2.5    0.0    0.0    0.0    0.0    0.0    0.0    0.0    0.0    0.0    0.0    0.0    2.5    7.0    0.0    0.0    0.5    0.0    1.0
40121    0.0    0.0    5.0    0.0    2.5    0.0    0.0    0.0    0.0    0.0    0.0    0.0    0.0    0.0    0.0    0.0    2.5    7.0    0.0    0.0    0.5    0.0    1.0
40131    0.0    0.0    5.0    0.0    2.5    0.0    0.0    0.0    0.0    0.0    0.0    0.0    0.0    0.0    0.0    0.0    2.5    7.0    0.0    0.0    0.5    0.0    1.0
40141    0.0    0.0    0.0    0.0    2.0    0.0    0.0    0.0    0.0    0.5    1.0    0.0    0.0    0.0    0.0    0.0    2.5   13.0    0.0    0.0    0.5    0.0    0.0
40151    0.0    0.0    1.5    0.0    2.0    0.0    0.0    0.0    0.0    0.0    0.0    0.0    0.0    0.0    0.0    0.0    2.0   10.5    0.0    0.0    0.0    0.0    0.0
40161    0.0    0.0    0.0    0.0    0.0    0.0    0.0    0.0    0.0    0.0    0.0    0.0    0.0    0.0    0.0    0.0    2.5    7.0    0.0    0.0    0.0    0.0    1.5
40171    4.0    0.0    0.0    0.0    3.0    0.0    1.0    0.0    0.0    0.0    0.0    0.0    0.5    1.0    0.0    0.0    6.0    6.5    0.0    0.0    5.5    0.5    0.0
40181    0.0    0.0    0.5    0.0    2.0    0.0    2.5    0.0    0.0    0.0    0.0    0.0    0.0    0.0    0.0    0.0    7.5    9.0    0.0    0.0    0.0    0.0    1.5
40191    0.0    0.0    0.5    0.0    2.0    0.0    2.5    0.0    0.0    0.0    0.0    0.0    0.0    0.0    0.0    0.0    7.5    9.0    0.0    0.0    0.0    0.0    1.5
40201    0.0    0.0    0.0    0.0    3.0    0.0    2.0    0.0    0.0    1.0    4.0    0.0    0.0    0.0    0.0    0.0    1.5   16.5    1.0    0.0    6.0    0.5    2.5
40211    0.0    0.0    0.0    0.0    0.5    0.0    0.0    0.0    0.0    1.0   12.0    0.0    0.0    0.0    1.0    0.0    0.5   27.5    5.5    0.0    5.0    4.0    5.5
40221    0.0    0.0    0.0    0.0    0.5    0.0    0.0    0.0    0.0    1.0   12.0    0.0    0.0    0.0    1.0    0.0    0.5   27.5    5.5    0.0    5.0    4.0    5.5
40231    0.0    0.0    0.0    0.0    0.5    0.0    0.0    0.0    0.0    1.0   12.0    0.0    0.0    0.0    1.0    0.0    0.5   27.5    5.5    0.0    5.0    4.0    5.5
40241    0.0    0.0    0.5    0.0    3.0    0.0    0.0    0.0    0.0    4.5    7.0    0.0    0.0    0.0    0.0    0.0    1.5   14.0    0.5    0.0    1.0    0.0    0.0
40251    0.0    0.0    0.0    0.0    0.0    0.0    0.0    0.0    0.0   16.5   24.0    0.0    0.0    0.0    0.0    0.0    3.5   10.5    1.0    0.0    2.0    0.0    0.0
40262    0.0    0.0    0.0    0.0    0.0    0.0    0.0    0.0    0.0   26.5   29.5    0.0    0.0    0.0    0.0    0.0    6.0   17.5    0.5    0.0    0.0    0.0    0.0
40271    0.0    0.0    0.0    0.0    0.0    0.0    0.0    0.0    0.0   26.5   29.5    0.0    0.0    0.0    0.0    0.0    6.0   17.5    0.5    0.0    0.0    0.0    0.0
40281    0.0    0.5    0.0    0.0    0.0    0.0    0.0    0.0    0.0   75.5   14.5    0.0    0.0    0.0    0.0    3.0   21.5   12.0    0.0    0.0    0.0    0.0    0.0
40291    0.0    0.0    0.0    0.0    0.0    0.0    0.0    0.0    0.0    0.0   35.0   16.5    0.0    0.0    0.0    0.0    0.0   13.5    4.0    0.0    0.0    0.0    0.0
40301    0.0    0.0    0.0    0.0    0.0    0.0    0.0    0.0    0.0    5.0   46.0    0.5    0.0    0.0    0.0    0.0    0.0   30.0    3.5    0.0    0.0    0.0    0.0
40311    0.0    0.0    0.0    0.0    0.0    0.0    0.0    0.0    0.0   10.5   50.0    1.0    0.0    0.0    0.0    0.0    5.5   31.0    1.0    0.0    0.5    0.0    0.0
40321    0.0    0.0    0.0    0.0    0.0    0.0    0.0    0.0    0.0   16.0   50.5    0.0    0.0    0.0    0.0    0.0    7.0   31.5    0.5    0.0    0.0    0.0    0.0
40331    0.0    0.0    0.0    0.0    0.0    0.0    0.0    0.0    0.0   26.5   29.5    0.0    0.0    0.0    0.0    0.0    6.0   17.5    0.5    0.0    0.0    0.0    0.0
40341    0.0    0.0    0.0    0.0    0.0    0.0    0.0    0.0    0.0   16.0   50.5    0.0    0.0    0.0    0.0    0.0    7.0   31.5    0.5    0.0    0.0    0.0    0.0
40351    0.0    0.0    0.0    0.0    0.0    0.0    0.0    0.0    0.0   11.5   56.5    0.5    0.0    0.0    0.0    0.0    6.5   39.0    1.5    0.0    0.5    0.0    0.0
40361    0.0    0.0    0.0    0.0    0.0    0.0    0.0    0.0    0.0   16.0   50.5    0.0    0.0    0.0    0.0    0.0    7.0   31.5    0.5    0.0    0.0    0.0    0.0
