2014061512+000HOUR     2014061521LST
STNID     9H    33H    57H    81H   105H   129H   153H   177H   201H   225H   249H   273H
STNID 061606 061706 061806 061906 062006 062106 062206 062306 062406 062506 062606 062706LST
47008   15.6   12.6   11.9   10.9   12.0   15.1   13.7   14.7   15.1   15.7   13.8   14.9
47014   15.4   17.9   16.9   16.3   16.7   13.8   14.6   15.0   14.9   16.6   13.7   13.8
47041   16.8   16.4   14.5   14.8   17.1   18.5   17.3   16.8   17.9   18.3   18.3   17.0
47058   17.4   18.0   19.7   18.7   18.6   20.1   18.0   19.1   18.5   18.8   19.1   19.4
47069   18.5   19.6   21.1   17.9   17.6   19.8   20.0   18.3   18.0   18.8   20.0   19.2
47070   16.6   17.2   19.5   18.1   18.2   18.5   20.1   16.7   17.2   20.4   19.9   18.4
47090   22.0   17.5   17.3   15.9   18.5   17.9   18.6   17.0   18.0   15.2   15.4   17.5
47095   14.9   17.4   17.1   17.0   17.4   17.2   16.2   16.0   17.3   18.4   18.5   17.9
47098   15.8   16.6   18.6   18.2   18.0   18.4   18.0   15.9   17.2   18.1   19.3   18.4
47099   15.2   15.7   18.9   17.5   19.2   17.3   18.1   17.9   17.6   18.3   19.0   17.5
47100   13.8   15.2   13.1   14.0   13.9   14.6   10.0   14.2   12.1   13.7   13.6   15.0
47101   16.3   18.9   18.7   17.6   17.8   19.1   19.2   16.7   17.5   18.7   19.1   19.4
47102   15.8   15.3   14.8   14.4   15.2   19.0   14.9   14.6   14.5   16.1   16.7   15.8
47104   21.3   18.8   16.0   15.5   17.9   18.4   18.0   16.1   18.5   17.7   16.6   17.6
47105   24.3   20.0   16.7   16.5   19.1   19.9   17.9   17.1   18.8   19.5   18.8   19.3
47106   22.5   18.6   17.0   15.9   17.5   17.9   17.0   16.5   15.9   19.4   17.7   19.5
47108   18.5   19.0   19.3   20.3   18.2   21.4   14.8   17.3   18.9   19.4   19.8   18.9
47112   16.9   16.9   16.5   16.9   19.2   19.9   19.3   19.4   17.2   20.5   20.5   19.3
47114   16.5   19.1   19.0   19.3   17.8   18.8   16.7   17.4   17.1   19.1   18.2   19.0
47115   21.0   19.2   15.7   14.1   16.4   18.5   17.0   15.2   14.7   16.7   16.8   16.9
47119   16.1   16.6   18.3   18.8   18.5   20.1   19.6   18.8   17.7   20.7   21.1   20.5
47121   15.6   18.1   15.6   17.0   16.1   17.4   18.2   17.1   15.8   18.0   17.7   17.7
47127   16.1   18.3   18.6   19.3   17.4   19.0   19.4   18.0   17.5   18.2   17.0   18.0
47129   15.7   15.9   15.8   15.2   17.3   18.7   16.2   18.7   17.5   18.3   18.9   18.6
47130   20.9   18.0   16.5   16.9   17.2   17.1   17.4   17.0   16.5   18.0   17.5   18.1
47131   18.7   19.5   20.0   19.8   19.3   20.9   20.0   19.5   19.2   20.0   20.2   20.5
47133   18.2   19.4   19.6   19.0   19.1   20.3   19.6   18.9   18.6   20.3   20.7   20.8
47135   17.8   17.8   16.8   16.9   17.4   17.3   18.1   16.6   17.0   17.3   18.0   17.3
47136   18.0   19.4   17.9   17.7   19.3   18.8   16.3   15.8   16.7   17.9   17.2   18.1
47137   18.8   19.2   18.2   17.1   18.3   19.9   18.6   17.1   17.3   18.1   17.9   18.3
47138   22.6   20.9   19.3   18.7   20.7   22.0   15.8   18.1   19.0   17.6   19.2   20.2
47140   16.8   17.2   16.6   17.6   20.2   19.1   18.7   18.7   18.2   17.8   15.7   15.7
47143   20.9   22.0   19.9   19.7   21.4   21.5   18.1   17.7   19.3   20.1   19.9   20.0
47146   17.6   18.7   18.6   19.7   19.1   21.3   18.7   18.9   19.6   20.3   20.4   20.8
47152   20.5   19.0   18.4   18.2   19.9   18.9   18.3   17.9   17.9   19.5   19.9   20.2
47155   17.9   21.6   18.2   18.8   18.5   20.3   19.9   17.9   18.3   19.2   19.2   19.9
47156   18.2   19.4   19.1   19.2   20.7   20.2   21.2   16.6   19.5   20.7   20.9   20.0
47159   20.3   20.8   19.0   18.8   20.0   20.7   19.6   18.8   18.5   21.0   20.9   20.9
47162   17.8   18.8   18.1   18.1   17.6   19.2   18.8   17.4   17.7   19.3   19.5   19.3
47165   18.2   18.2   17.4   17.5   18.3   19.7   19.4   17.5   19.0   20.6   20.2   20.8
47168   19.8   20.7   19.2   19.2   19.7   20.1   20.1   18.7   19.6   21.6   21.3   20.2
47169   15.6   15.8   16.6   18.9   16.2   17.0   17.3   15.2   18.2   17.0   16.6   16.2
47170   18.0   18.8   17.9   17.6   17.9   18.9   22.0   19.2   18.5   20.0   19.9   19.7
47172   17.4   16.0   16.0   17.2   17.9   19.0   19.5   18.9   16.5   20.6   19.8   18.7
47174   13.8   17.8   17.2   16.6   18.0   17.9   19.4   16.6   16.5   17.6   17.4   13.8
47175   16.6   17.5   15.6   16.3   17.2   16.3   17.5   16.3   17.3   17.9   18.5   19.1
47184   18.3   19.3   18.0   17.7   19.3   19.3   19.4   20.6   20.9   21.9   22.4   22.6
47185   18.9   17.6   17.7   18.6   19.8   19.9   20.6   19.4   20.4   18.4   18.2   18.8
47188   19.1   19.3   16.6   16.8   18.1   20.1   22.3   17.6   21.1   22.1   21.5   21.6
47189   19.8   18.4   17.6   19.0   21.1   19.9   21.1   19.6   21.9   23.2   22.5   22.5
47192   15.9   19.0   18.4   17.5   18.0   18.1   19.5   15.8   18.4   18.2   18.5   18.0
   96   19.6   19.6   17.3   17.0   19.0   18.6   17.3   15.3   16.8   18.2   18.3   18.7
