2014061512+000HOUR     2014061521LST
STNID     9H    33H    57H    81H   105H   129H   153H   177H   201H   225H   249H   273H
STNID 061606 061706 061806 061906 062006 062106 062206 062306 062406 062506 062606 062706LST
47008   15.6   12.8   12.7   13.0   13.4   14.5   11.1   10.3   10.7   13.9   15.1   13.6
47014   15.2   16.1   16.4   15.7   17.3   15.7   15.6   15.2   17.0   16.6   16.9   16.8
47041   17.6   15.6   15.2   16.1   16.7   15.6   16.0   15.6   17.1   19.1   19.3   18.7
47058   17.5   18.8   18.7   18.0   20.2   18.8   18.4   18.6   18.7   19.4   20.6   18.5
47069   18.8   20.0   18.9   19.6   18.6   20.7   19.8   20.1   18.5   19.1   20.5   21.4
47070   17.5   18.4   18.8   19.1   17.6   19.2   18.9   18.4   18.1   18.8   19.7   19.8
47090   21.1   17.5   17.2   18.2   18.2   18.0   18.2   18.0   16.8   16.4   19.3   17.4
47095   16.2   18.2   17.6   18.2   16.8   19.3   17.6   17.9   17.0   18.0   18.4   17.1
47098   16.8   17.7   17.0   19.5   18.3   20.0   19.1   18.2   17.8   18.3   18.6   19.6
47099   15.9   17.9   16.9   18.8   18.0   20.4   19.0   18.1   19.0   17.8   18.8   19.0
47100   15.2   14.2   12.9   14.8   12.9   11.7   13.0   14.2   14.6   14.2   13.1   14.5
47101   17.4   19.1   17.7   19.3   17.5   19.5   19.7   18.4   17.4   18.6   19.1   18.7
47102   15.7   15.7   15.2   14.8   15.8   19.4   14.1   12.7   15.2   15.7   17.0   16.5
47104   21.6   17.5   16.3   18.0   17.1   17.4   17.6   16.9   16.5   17.5   18.6   17.8
47105   24.5   18.3   16.9   19.2   18.9   18.0   17.4   16.6   17.9   18.3   18.7   18.8
47106   23.1   18.1   16.7   17.6   17.9   16.7   18.2   16.6   17.2   17.7   18.1   18.4
47108   19.1   20.7   19.4   21.0   19.9   19.0   19.4   19.2   20.2   20.3   22.8   21.0
47112   17.3   18.5   18.9   19.2   20.5   18.5   18.8   18.8   18.9   19.5   20.9   21.4
47114   17.2   19.2   18.8   18.6   17.6   20.1   19.9   18.2   17.2   18.1   19.7   16.6
47115   21.2   19.0   16.1   16.5   16.7   18.2   18.0   17.1   16.2   13.4   15.8   17.5
47119   16.8   18.5   18.0   19.1   20.2   19.4   19.4   21.0   19.8   20.0   21.1   20.5
47121   15.9   17.4   16.7   17.6   15.9   16.8   19.5   18.3   17.8   17.7   18.2   16.7
47127   16.5   18.3   18.5   18.1   16.5   19.5   19.7   19.1   18.6   18.8   16.9   16.9
47129   16.4   17.7   16.1   16.0   17.9   20.4   17.8   19.2   18.3   19.2   19.4   19.1
47130   21.5   18.5   16.5   16.4   17.4   16.0   17.6   16.7   16.9   16.5   17.0   16.7
47131   18.8   20.9   19.3   19.0   19.7   20.0   21.4   20.7   19.8   21.6   21.2   20.4
47133   18.5   20.8   18.7   19.2   19.6   17.2   21.6   20.4   19.8   21.0   21.0   20.3
47135   16.7   18.2   16.7   17.6   17.0   18.9   20.2   18.3   17.7   17.3   16.7   17.3
47136   18.0   18.8   18.2   18.6   18.8   19.1   19.7   18.5   18.0   17.3   17.1   19.3
47137   18.6   18.4   17.8   19.0   18.1   20.0   20.4   18.3   17.9   18.2   18.2   18.6
47138   22.5   21.5   19.3   19.9   21.8   16.5   19.5   19.0   19.4   19.9   20.8   20.1
47140   16.7   18.9   18.4   16.8   19.3   22.2   21.6   18.8   19.9   19.1   20.2   19.8
47143   21.0   22.2   19.5   19.7   22.4   19.6   20.6   18.8   18.6   20.1   19.8   19.5
47146   18.1   20.0   18.8   18.4   19.0   21.8   21.7   20.8   20.0   21.1   20.1   18.9
47152   20.1   18.4   17.5   18.5   20.6   18.7   19.7   19.2   18.1   19.5   20.4   18.7
47155   18.0   19.2   18.1   18.3   19.1   19.8   20.3   18.9   19.0   20.0   21.3   20.2
47156   19.0   19.3   19.5   19.7   20.5   22.5   20.9   20.1   19.3   20.3   22.2   20.2
47159   19.8   20.0   19.4   19.4   20.6   19.4   20.0   18.7   19.0   19.7   20.9   20.6
47162   17.9   18.3   17.6   17.7   17.5   18.6   20.0   18.0   17.9   18.8   20.4   19.7
47165   18.5   18.0   17.4   17.5   18.0   21.0   21.6   19.3   19.4   20.0   19.5   20.1
47168   20.0   19.0   18.5   20.0   19.9   20.2   20.7   19.3   19.1   20.0   21.6   21.3
47169   18.1   18.6   19.2   18.6   17.1   19.3   17.6   19.8   18.9   17.9   17.5   18.2
47170   18.9   18.7   17.5   17.9   18.0   22.0   20.2   18.7   20.5   20.7   19.4   19.2
47172   16.9   16.6   17.8   17.8   17.8   21.8   26.7   22.1   20.6   18.4   19.0   19.3
47174   15.1   17.3   16.0   17.3   16.4   19.8   21.5   18.8   17.0   16.2   20.0   16.9
47175   17.1   16.7   15.9   16.3   18.1   18.9   18.4   18.7   17.4   17.7   17.9   17.4
47184   19.0   18.0   18.3   18.4   20.6   23.5   20.8   20.6   22.0   22.5   20.8   21.9
47185   19.6   18.3   18.5   19.0   20.0   21.6   20.2   22.2   20.0   18.8   20.8   19.5
47188   20.0   18.4   18.2   18.1   19.4   22.6   22.8   19.3   20.9   22.9   19.8   21.4
47189   20.4   19.1   18.4   19.9   20.9   22.4   20.2   19.3   21.5   22.9   20.8   22.4
47192   16.1   18.1   15.9   18.3   17.4   17.5   21.7   20.2   18.3   18.8   19.9   18.9
   96   20.2   19.7   18.5   18.0   18.9   18.7   20.1   16.1   16.2   16.5   17.5   19.4
