2014061600+000HOUR     2014061609LST
STNID     6H    30H    54H    78H   102H   126H   150H   174H   198H   222H   246H   270H
STNID 061615 061715 061815 061915 062015 062115 062215 062315 062415 062515 062615 062715LST
47008   17.1   14.5   13.8   13.5   13.6   15.5   21.9   21.5   19.5   19.9   17.4   16.0
47014   27.0   23.9   19.3   24.6   21.3   22.9   23.1   24.6   24.9   22.1   23.8   23.5
47041   25.3   18.2   21.3   17.5   17.3   18.3   19.7   27.9   29.1   25.7   20.0   20.3
47058   31.0   28.9   25.0   24.5   25.4   21.2   23.0   25.8   26.8   26.9   26.4   25.5
47069   28.4   26.8   26.5   21.0   23.1   20.5   21.8   24.4   23.6   25.7   26.3   26.9
47070   26.4   26.6   28.3   22.7   25.8   21.1   20.9   26.4   26.7   26.9   26.2   26.0
47090   28.0   24.2   22.9   21.7   18.7   16.9   22.4   24.6   25.8   23.0   22.9   22.9
47095   30.4   28.7   27.1   24.6   28.4   21.2   20.8   27.5   28.6   28.4   27.7   25.9
47098   30.8   30.5   29.7   25.2   27.9   21.9   23.5   29.5   29.3   21.5   28.2   27.0
47099   29.3   29.8   31.4   25.1   28.5   22.6   24.0   28.8   29.3   30.1   28.7   28.4
47100   27.9   22.2   22.8   21.5   21.2   19.0   16.4   19.4   22.9   21.7   20.8   19.1
47101   31.2   28.5   28.5   25.6   28.9   23.3   23.4   28.0   30.3   29.8   28.5   26.1
47102   24.1   24.0   22.2   19.2   21.3   19.4   20.0   20.3   21.8   22.5   23.2   22.5
47104   29.2   24.8   25.0   24.7   20.8   20.4   24.3   26.3   28.0   25.3   23.8   23.1
47105   30.0   26.5   26.6   25.2   22.5   18.5   23.9   28.4   27.8   27.3   24.3   23.9
47106   26.6   23.7   21.8   22.8   22.3   20.3   32.4   25.6   25.2   22.5   22.4   21.4
47108   28.8   28.8   29.1   25.0   28.1   23.7   24.4   29.3   29.1   28.0   28.4   27.5
47112   26.0   24.3   23.9   22.1   26.1   19.8   17.4   25.2   23.9   26.7   28.1   26.9
47114   30.3   29.7   29.5   28.7   28.4   24.7   26.8   27.8   29.7   28.4   29.5   27.8
47115   27.2   25.2   22.0   22.7   22.3   18.7   21.2   22.6   25.3   21.4   21.2   20.5
47119   29.0   27.7   28.2   25.7   28.1   23.8   24.3   27.4   27.6   28.1   30.3   29.0
47121   30.0   30.0   24.2   29.1   29.7   24.7   25.8   28.3   30.1   29.5   26.6   26.2
47127   29.7   29.0   28.7   28.2   29.7   25.5   26.8   27.5   29.8   28.1   28.9   28.1
47129   27.2   27.5   26.5   25.1   27.1   21.1   23.8   24.3   27.2   26.4   29.2   30.4
47130   26.4   23.6   24.0   24.8   24.0   21.8   23.3   23.5   24.0   24.3   22.4   20.8
47131   30.3   28.8   29.5   27.6   29.2   25.4   25.2   27.3   28.4   27.3   28.8   28.7
47133   30.1   27.6   29.1   27.5   27.6   24.2   24.5   27.0   27.6   27.5   29.2   28.9
47135   29.5   28.4   29.6   27.2   23.8   25.7   23.9   25.2   26.9   24.9   23.6   25.3
47136   30.9   29.6   30.4   29.8   29.7   29.0   26.4   26.2   29.9   27.3   27.1   26.3
47137   30.6   30.0   30.0   29.1   29.3   25.3   25.8   26.4   28.8   26.4   26.0   26.7
47138   29.6   25.7   28.9   30.7   32.5   28.9   28.6   25.6   25.2   24.0   22.3   25.1
47140   28.2   24.3   25.6   25.4   27.3   23.1   23.2   25.4   26.4   27.5   27.9   27.9
47143   31.8   31.1   31.5   31.3   28.2   29.0   27.0   26.2   29.0   26.4   27.5   28.7
47146   31.7   27.1   30.5   30.4   27.9   25.9   25.2   28.4   30.5   28.7   29.3   29.7
47152   31.8   28.9   29.4   31.5   26.7   30.6   25.6   25.1   27.1   24.4   23.7   25.4
47155   29.9   27.3   29.2   29.9   25.6   26.1   28.3   25.4   27.0   22.9   23.6   26.3
47156   30.7   28.1   30.3   31.1   27.2   24.9   25.5   27.6   29.5   27.1   28.6   28.6
47159   28.2   26.6   26.6   27.5   25.4   26.0   26.2   24.0   26.9   23.7   22.4   24.9
47162   26.2   24.4   26.0   25.5   24.4   22.2   24.0   23.8   24.4   21.9   24.0   25.8
47165   27.9   23.7   26.6   25.4   20.5   21.0   21.7   24.2   26.7   25.7   27.4   31.0
47168   27.3   22.6   24.5   26.3   22.1   24.5   25.2   23.7   24.1   22.4   25.1   25.1
47169   21.9   21.1   22.1   22.6   19.7   21.1   20.9   22.7   24.8   21.5   22.4   24.5
47170   29.9   24.1   29.1   27.4   23.1   23.8   22.5   24.8   26.1   23.3   24.7   26.1
47172   30.9   25.4   28.3   27.5   24.8   20.1   21.5   24.4   27.3   24.4   26.8   27.5
47174   29.8   25.0   28.7   30.1   22.9   25.2   26.0   25.6   26.4   22.3   25.4   24.8
47175   26.2   21.7   26.6   24.7   19.9   18.7   21.5   23.2   24.9   22.1   24.4   24.6
47184   27.4   21.4   23.5   27.5   25.5   26.0   21.2   25.2   26.7   22.9   25.4   26.4
47185   23.4   22.3   23.9   23.7   22.6   19.0   20.4   24.8   21.1   22.8   24.3   23.9
47188   26.3   20.1   25.1   26.1   22.0   23.6   22.9   23.6   26.4   19.1   23.9   25.4
47189   25.4   22.1   25.7   25.2   24.5   22.9   23.3   24.7   23.3   21.8   25.4   26.2
47192   30.6   27.5   29.9   29.9   25.0   26.6   26.6   26.8   27.1   22.7   24.0   26.3
   96   22.8   22.5   23.2   21.7   19.2   16.8   21.9   19.5   18.1   21.0   21.8   21.2
