2014061512+000HOUR     2014061521LST
STNID    18H    42H    66H    90H   114H   138H   162H   186H   210H   234H   258H   282H
STNID 061615 061715 061815 061915 062015 062115 062215 062315 062415 062515 062615 062715LST
47008   18.3   14.8   15.6   16.8   17.2   17.3   21.1   19.9   20.3   19.2   20.8   21.0
47014   26.8   26.6   22.7   19.5   21.3   22.6   22.7   22.1   21.6   22.8   24.7   27.1
47041   22.2   16.9   18.1   24.6   24.9   21.1   28.5   30.6   26.0   27.4   27.6   28.4
47058   29.8   29.9   27.8   26.4   26.6   21.7   22.8   25.1   23.5   26.5   28.4   29.3
47069   28.6   27.1   26.7   27.0   22.7   22.2   19.7   24.8   23.7   26.6   27.9   27.5
47070   27.2   27.5   26.9   26.7   25.9   21.1   20.7   24.5   20.9   26.4   29.3   30.2
47090   25.1   18.9   21.5   23.8   23.8   23.7   26.4   27.6   25.9   24.5   25.0   26.4
47095   29.3   28.2   26.9   29.1   28.2   20.5   21.5   26.9   23.5   27.3   30.3   30.8
47098   30.4   30.0   28.5   29.9   29.7   23.7   22.8   28.8   24.3   29.0   32.4   26.5
47099   29.6   30.5   29.0   29.7   28.5   23.4   24.3   27.5   24.2   29.2   31.7   32.0
47100   25.3   19.4   20.0   23.3   24.1   21.7   23.0   22.4   21.9   20.9   21.3   26.7
47101   30.1   28.0   27.9   30.4   29.7   23.2   22.4   27.7   23.9   28.7   30.1   31.6
47102   23.9   24.9   23.7   24.3   22.2   18.9   18.9   24.9   20.6   19.9   22.7   23.4
47104   28.4   20.1   22.8   26.6   25.0   26.3   27.1   27.4   28.0   24.5   23.9   27.1
47105   28.9   20.2   23.9   27.3   26.5   26.1   25.4   29.0   28.8   26.2   25.8   27.6
47106   26.0   18.8   21.0   24.0   24.8   26.2   28.0   27.3   27.0   23.5   24.2   26.5
47108   28.8   28.4   28.0   28.3   28.3   23.3   23.7   26.8   24.3   28.4   31.6   29.1
47112   26.0   26.2   26.1   24.9   25.7   17.2   15.7   23.9   22.6   25.7   27.8   29.3
47114   29.2   27.7   28.9   30.4   28.3   23.8   24.4   26.0   24.8   28.0   29.6   31.8
47115   24.8   20.6   17.6   21.7   22.9   23.4   23.5   24.8   24.9   22.9   21.3   22.2
47119   28.2   28.4   28.8   28.0   29.5   23.2   22.8   26.5   24.8   27.3   29.4   31.5
47121   29.6   27.5   28.4   30.0   29.5   22.6   25.0   26.0   26.0   27.1   19.0   31.5
47127   28.9   27.1   28.5   29.3   29.7   25.1   25.2   26.7   26.1   27.7   30.0   30.6
47129   27.0   25.0   27.3   27.5   26.6   21.6   22.7   25.2   23.3   25.0   26.2   31.0
47130   25.4   18.9   20.1   24.3   23.9   25.8   26.2   26.4   27.4   24.1   22.6   24.1
47131   30.0   27.7   29.1   29.6   29.8   24.6   25.3   26.0   26.0   26.7   28.0   31.1
47133   29.8   27.1   28.3   28.3   28.7   25.1   24.6   25.7   25.9   27.9   28.9   31.8
47135   28.6   25.0   26.2   27.4   28.3   22.9   25.2   24.8   23.4   26.4   28.0   28.7
47136   30.7   27.2   26.7   30.4   29.8   27.4   25.5   25.6   25.6   27.8   29.2   29.6
47137   30.1   26.4   26.8   29.1   28.5   26.5   25.7   26.1   25.0   27.3   28.3   29.9
47138   29.6   22.5   22.7   29.6   29.6   31.3   33.3   28.9   27.7   27.7   25.4   25.7
47140   26.5   26.1   27.7   25.9   30.1   22.6   22.1   24.7   25.5   25.6   27.5   32.1
47143   31.7   26.8   28.1   31.0   29.8   30.4   27.8   27.2   28.8   29.4   29.9   30.6
47146   30.5   27.7   30.5   29.4   30.3   26.1   25.5   26.5   28.1   28.7   30.7   34.1
47152   31.7   25.1   24.2   28.4   27.8   30.0   28.6   28.7   27.6   28.4   27.7   28.3
47155   30.6   23.9   26.2   26.9   25.3   27.6   27.3   27.3   26.2   27.0   26.7   28.8
47156   30.6   25.3   30.4   29.8   29.0   26.4   26.2   27.4   27.0   29.0   30.9   33.1
47159   27.8   22.9   24.6   25.2   24.8   26.0   26.3   25.7   25.0   27.0   26.2   27.2
47162   26.3   22.8   24.9   24.6   23.8   23.8   25.0   24.2   23.6   25.0   24.7   27.1
47165   27.2   21.1   25.8   26.4   26.5   22.6   24.2   23.7   25.5   24.7   27.9   30.9
47168   27.2   21.7   23.7   23.9   24.2   26.3   25.4   25.0   23.7   24.6   25.0   27.3
47169   23.8   20.3   24.0   24.0   21.4   23.3   23.5   24.9   25.7   24.1   25.7   27.5
47170   28.9   21.3   24.0   26.3   25.1   25.8   26.2   27.4   24.5   26.6   29.0   27.6
47172   30.0   25.3   28.7   26.9   27.3   22.7   22.1   24.2   25.4   26.3   28.3   31.1
47174   30.4   23.8   25.7   27.3   26.4   26.3   25.9   26.3   24.0   27.2   27.8   30.5
47175   26.0   20.2   23.7   25.0   20.8   22.1   24.0   23.2   22.4   24.7   27.0   28.4
47184   26.7   21.4   19.8   25.7   26.2   25.4   25.1   25.4   27.8   27.3   26.7   26.5
47185   24.5   20.2   23.7   26.0   24.0   22.2   25.5   23.6   22.5   25.5   26.2   27.9
47188   26.9   21.6   20.9   24.4   23.3   23.4   26.0   25.7   22.4   26.3   23.7   27.3
47189   26.4   21.4   22.9   25.3   24.5   23.6   27.3   25.1   24.6   26.6   25.7   28.2
47192   31.1   24.5   27.3   27.9   29.4   27.6   26.5   25.8   26.0   27.1   28.0   29.9
   96   22.7   20.7   19.4   19.4   19.9   19.9   20.5   22.7   22.3   19.8   21.3   21.7
