2014061600+000HOUR     2014061609LST
STNID     6H    30H    54H    78H   102H   126H   150H   174H   198H   222H   246H   270H
STNID 061615 061715 061815 061915 062015 062115 062215 062315 062415 062515 062615 062715LST
47008   16.9   13.0   11.6   16.8   17.7   18.4   21.9   22.4   21.0   18.8   22.2   21.6
47014   26.5   21.8   21.7   24.7   22.1   23.8   26.4   25.8   24.7   26.4   23.0   23.2
47041   24.3   17.9   23.1   17.9   19.1   18.5   23.2   24.3   30.9   27.6   29.8   28.4
47058   29.9   28.9   25.8   25.1   27.3   24.5   28.8   29.9   26.6   25.8   26.9   30.6
47069   28.0   27.1   28.3   27.1   29.0   25.5   28.8   28.1   26.0   26.1   25.9   27.6
47070   28.1   27.9   26.4   27.0   30.6   24.8   27.7   29.1   27.1   24.1   24.9   31.4
47090   26.9   20.6   22.8   21.5   21.7   19.0   23.0   22.9   24.7   26.1   28.0   25.7
47095   31.0   29.4   29.2   27.4   28.4   21.3   27.3   29.8   29.9   27.0   27.7   33.9
47098   32.0   30.6   30.0   29.9   30.5   25.4   30.8   31.5   31.2   29.5   30.4   35.3
47099   31.1   29.7   29.1   29.6   32.8   27.0   30.1   31.4   30.7   28.9   28.0   34.8
47100   26.8   20.5   23.2   20.4   22.0   18.2   22.2   22.4   25.0   23.5   24.3   28.6
47101   32.3   29.0   29.2   28.8   31.0   25.6   27.8   30.1   31.3   29.1   30.1   34.8
47102   22.9   24.1   21.0   22.0   25.4   20.4   24.1   25.7   21.1   21.1   21.3   24.2
47104   28.9   19.5   24.5   24.0   23.8   19.2   25.5   24.4   27.5   26.6   26.8   29.9
47105   29.2   20.1   25.7   24.2   24.8   20.4   23.3   26.1   26.3   27.1   28.3   29.4
47106   27.5   20.6   22.8   23.2   21.9   23.1   23.8   21.9   24.2   24.7   27.1   28.8
47108   -999   -999   -999   29.1   31.3   25.8   30.9   31.4   29.1   27.7   29.4   33.8
47112   26.3   25.9   26.4   25.0   29.7   22.8   27.3   29.1   25.3   23.9   25.4   29.6
47114   31.1   27.9   29.8   29.8   31.8   25.3   32.7   30.0   29.5   28.7   29.4   34.2
47115   25.6   20.2   19.9   18.8   20.3   18.2   23.6   22.9   24.3   25.4   24.7   25.6
47119   28.9   28.0   27.8   28.2   31.2   26.1   29.7   29.4   27.4   26.3   27.8   32.3
47121   31.4   27.4   29.9   28.7   30.4   23.3   29.4   29.9   31.1   29.7   30.3   34.9
47127   30.4   28.1   29.6   29.3   30.6   23.9   31.4   30.7   30.0   28.8   29.5   33.2
47129   27.9   25.5   26.7   28.4   28.3   26.6   28.3   28.7   25.8   25.5   27.3   29.3
47130   25.8   20.4   22.3   22.7   22.5   18.0   21.1   23.9   24.4   25.7   25.9   27.1
47131   30.4   27.9   29.5   30.0   30.9   24.9   29.6   30.5   28.8   29.1   29.3   33.2
47133   29.7   26.3   30.0   30.3   30.9   25.9   29.4   29.0   28.3   28.1   29.2   33.0
47135   29.2   27.6   27.9   29.2   28.1   21.0   27.3   28.3   24.8   26.5   26.1   31.6
47136   31.7   27.9   29.7   29.2   28.7   23.2   30.3   29.5   28.7   29.6   30.1   33.8
47137   30.9   28.3   29.3   30.4   28.8   25.7   29.5   29.4   27.8   28.0   28.3   32.4
47138   29.9   25.6   25.3   26.8   25.5   21.5   24.3   25.7   29.2   28.3   28.1   28.4
47140   27.4   25.4   25.9   27.0   30.6   24.1   29.1   26.7   25.3   27.9   27.3   31.3
47143   32.1   28.9   30.2   32.2   27.5   26.5   27.4   30.8   31.4   30.7   30.4   33.6
47146   31.0   25.9   31.0   31.8   32.3   28.1   30.3   30.3   29.3   30.1   29.9   34.9
47152   32.2   26.9   26.4   29.4   25.4   20.6   23.9   26.2   29.4   28.7   28.2   29.4
47155   30.0   24.3   28.2   30.5   26.6   22.2   24.0   27.6   26.9   27.6   26.7   29.3
47156   30.6   24.6   31.2   31.3   30.7   26.4   29.0   29.8   29.2   29.7   29.2   33.3
47159   28.0   25.0   25.6   28.4   26.1   19.9   24.4   25.8   26.8   27.3   26.5   27.2
47162   26.0   22.5   26.6   26.7   25.4   22.2   25.0   25.7   24.9   24.8   24.0   27.2
47165   27.4   19.9   27.1   27.5   27.9   21.4   25.8   25.9   26.3   26.6   26.8   29.5
47168   26.1   19.8   26.3   26.2   25.5   19.7   22.8   24.0   24.8   25.4   24.2   27.0
47169   23.7   18.3   22.9   24.0   25.1   21.2   22.6   25.6   24.7   25.2   24.9   25.3
47170   29.7   19.3   31.2   27.8   26.5   21.8   25.4   27.2   26.6   27.2   27.2   29.1
47172   29.7   23.7   29.4   29.2   29.4   25.4   27.2   28.2   26.5   27.9   27.8   33.4
47174   29.4   21.3   29.8   29.7   27.1   22.5   25.8   27.8   27.5   27.4   27.7   29.7
47175   27.6   18.5   26.9   26.5   23.7   20.8   24.9   24.0   24.4   25.9   25.5   27.5
47184   25.8   19.9   24.4   27.5   27.1   22.6   21.3   26.2   27.5   27.8   28.6   24.3
47185   24.4   19.2   25.7   27.0   27.7   23.3   23.6   26.2   24.9   24.2   25.1   25.5
47188   27.0   19.6   24.2   26.0   25.1   19.9   21.7   24.3   27.0   25.2   24.9   23.3
47189   26.9   20.5   27.0   26.9   26.2   23.0   23.2   25.0   25.5   25.3   25.2   25.2
47192   30.3   23.7   29.5   30.6   28.9   23.6   26.6   29.9   27.9   29.1   27.9   30.9
   96   22.2   20.9   20.4   18.7   16.5   17.6   18.8   18.3   19.2   22.4   22.2   24.0
