2014061600+000HOUR     2014061609LST
STNID    21H    45H    69H    93H   117H   141H   165H   189H   213H   237H   261H   285H
STNID 061706 061806 061906 062006 062106 062206 062306 062406 062506 062606 062706 062806LST
47008    0.4    0.5    0.6    0.8    1.4    1.4    1.3    2.0    1.5    1.5    1.6    1.7
47014    0.9    0.4    1.1    1.0    0.8    0.8    1.3    1.0    0.9    0.9    1.0    0.9
47041    0.7    0.8    1.0    0.8    0.8    1.3    0.7    0.9    1.0    0.9    1.0    1.0
47058    0.4    0.6    0.8    0.5    1.1    0.8    0.7    0.6    0.6    0.5    0.6    0.6
47069    0.8    0.6    0.9    1.5    1.7    1.2    1.0    1.1    1.3    1.2    1.6    1.5
47070    0.6    0.8    0.5    0.6    1.2    1.1    0.9    1.0    1.4    1.4    1.5    1.6
47090    1.1    0.7    1.3    0.9    1.1    0.9    1.8    1.6    1.1    1.7    1.6    1.4
47095    0.7    1.0    0.6    0.8    1.4    0.8    0.8    0.8    0.7    0.9    0.8    1.1
47098    0.6    0.8    0.9    1.0    1.2    1.3    1.0    0.8    0.7    0.8    1.0    1.2
47099    0.8    0.8    0.9    0.9    1.9    1.0    1.0    0.7    0.7    1.6    1.5    2.1
47100    0.8    0.9    0.9    1.0    1.6    1.5    1.6    1.0    1.1    1.8    1.1    2.3
47101    0.5    0.6    0.7    0.8    1.3    1.0    1.2    0.6    0.6    0.7    0.9    0.9
47102    0.9    0.8    0.9    0.9    1.8    2.5    1.1    1.4    1.0    0.9    1.5    1.1
47104    1.2    0.8    1.0    1.0    1.1    0.7    1.6    1.7    1.2    1.7    1.4    1.2
47105    1.4    0.9    1.1    1.2    0.7    1.1    2.2    1.5    1.4    1.4    1.4    1.3
47106    0.8    0.6    1.4    1.0    0.6    1.0    1.9    1.6    1.4    1.8    1.1    1.3
47108    0.6    0.9    1.1    1.1    1.9    1.6    1.4    1.3    1.2    0.9    1.7    1.5
47112    0.6    0.9    1.4    1.3    1.6    1.3    1.2    0.8    1.2    1.1    1.1    1.4
47114    0.5    0.8    0.4    0.7    1.0    1.6    0.9    0.9    1.3    1.1    1.3    1.7
47115    1.1    1.2    1.4    1.5    1.5    1.1    1.3    1.4    1.5    1.2    1.4    1.2
47119    0.5    0.8    1.1    0.8    1.4    1.6    1.3    1.0    0.8    1.0    1.0    0.7
47121    0.6    0.8    0.6    0.6    1.2    1.5    1.4    0.7    0.9    0.9    1.1    1.3
47127    0.6    0.9    0.7    1.1    0.9    1.4    1.0    0.6    0.8    1.1    1.6    1.6
47129    0.6    0.8    0.8    0.7    1.4    1.1    1.0    0.9    0.8    0.7    0.8    0.8
47130    1.1    0.7    0.8    0.7    1.1    0.7    1.0    1.1    1.2    1.2    1.1    1.0
47131    0.3    0.7    0.6    0.8    1.6    1.3    1.1    0.8    0.7    0.7    0.8    0.9
47133    0.3    0.6    0.6    0.7    2.1    1.0    0.9    0.9    1.2    0.6    0.7    0.8
47135    0.4    0.9    0.4    0.5    0.9    1.6    0.9    0.8    0.6    0.8    0.6    1.0
47136    0.5    0.7    0.9    0.5    1.3    1.0    1.4    0.7    0.8    0.8    0.7    1.1
47137    0.3    0.7    0.6    0.6    1.0    1.3    1.4    0.7    0.7    0.8    0.6    0.8
47138    1.3    0.7    1.2    1.3    1.6    1.6    1.0    1.0    1.3    1.5    1.0    1.4
47140    0.7    0.7    0.6    0.9    1.3    1.6    1.5    0.8    0.6    1.1    0.8    1.4
47143    0.4    1.0    1.1    0.5    1.5    1.7    1.6    0.9    1.1    1.1    0.9    1.3
47146    0.4    0.8    0.5    0.8    2.5    2.0    1.1    0.7    0.7    0.6    1.0    1.1
47152    0.7    0.9    0.8    0.7    0.7    1.4    1.2    1.1    1.9    1.3    1.0    1.4
47155    0.6    0.7    0.8    0.6    0.9    1.0    1.0    0.7    0.9    1.0    0.8    1.3
47156    0.3    0.6    0.4    0.5    1.4    1.3    1.4    0.8    0.8    0.7    0.7    1.0
47159    0.6    1.0    0.7    0.4    0.8    0.8    0.8    0.7    1.1    1.0    1.0    1.3
47162    0.5    0.4    0.7    0.5    1.0    1.1    0.9    0.7    0.8    0.5    0.8    0.8
47165    0.4    0.5    0.6    0.5    1.0    1.2    1.2    1.0    0.8    0.7    0.8    0.9
47168    0.4    0.5    0.5    0.3    0.6    0.7    0.6    0.8    0.8    0.6    0.8    0.7
47169    1.0    1.1    1.0    0.5    0.7    1.4    0.6    1.4    0.6    1.1    1.3    1.2
47170    0.5    0.7    0.4    0.7    1.0    1.1    1.2    1.0    0.9    0.9    1.3    0.9
47172    0.6    0.7    0.7    0.7    1.5    1.5    1.7    1.6    1.2    1.3    1.1    2.2
47174    0.7    1.0    0.5    1.0    1.3    1.6    1.7    1.4    1.5    1.7    1.6    2.0
47175    0.4    1.0    0.6    0.5    0.7    1.6    1.1    0.8    0.9    0.9    1.1    0.9
47184    0.4    0.7    0.7    0.6    1.0    1.3    0.9    0.8    0.8    0.9    1.3    0.8
47185    0.6    0.7    0.5    0.4    0.8    0.8    0.7    0.6    0.6    1.0    1.1    1.6
47188    0.6    0.5    0.8    1.0    0.9    1.1    0.8    0.8    1.2    1.2    1.1    1.0
47189    0.5    0.6    0.7    0.8    1.3    0.9    0.9    0.8    1.1    1.0    1.1    0.7
47192    0.8    1.1    0.8    1.0    0.8    1.7    1.2    1.2    0.9    0.8    0.8    1.3
   96    0.7    0.6    1.1    0.7    1.0    1.2    1.4    1.5    1.4    1.4    1.5    1.8
