2014061512+000HOUR     2014061521LST
STNID    18H    42H    66H    90H   114H   138H   162H   186H   210H   234H   258H   282H
STNID 061615 061715 061815 061915 062015 062115 062215 062315 062415 062515 062615 062715LST
47008   18.1   13.4   12.3   17.7   12.9   14.8   20.1   20.9   20.8   20.5   19.1   19.6
47014   26.5   25.3   23.8   21.9   24.3   23.7   24.9   25.0   26.1   24.7   24.2   25.9
47041   23.2   17.6   14.5   15.6   16.6   16.0   17.8   22.2   27.2   24.9   26.8   25.1
47058   29.3   28.4   26.2   26.3   27.6   20.0   21.9   24.3   25.0   24.2   25.5   28.3
47069   28.2   26.1   27.4   28.1   24.6   20.5   21.5   23.7   24.4   23.4   24.4   25.1
47070   26.5   27.8   26.5   28.0   26.1   22.1   20.6   23.3   25.2   24.7   24.5   25.1
47090   25.4   19.3   21.3   20.9   17.9   13.5   17.7   19.2   23.2   22.6   23.9   25.8
47095   29.0   28.7   28.9   28.8   26.9   20.4   20.3   25.7   26.9   26.9   27.0   28.0
47098   29.6   29.8   29.7   30.1   28.7   21.6   24.1   25.9   28.0   29.4   23.2   28.9
47099   28.6   29.2   30.0   30.4   28.4   23.3   24.5   25.5   29.1   28.6   28.6   29.5
47100   26.9   19.7   19.5   20.9   18.6   17.8   16.4   17.3   20.8   21.2   23.9   23.4
47101   30.0   28.5   29.1   28.7   29.3   24.6   22.0   25.7   28.7   29.6   28.5   29.8
47102   24.5   26.2   23.4   24.4   23.0   20.4   19.3   20.8   21.4   20.8   22.9   22.9
47104   28.9   19.0   20.6   22.7   19.4   15.1   19.1   20.9   26.2   23.7   26.3   27.3
47105   29.7   20.1   21.7   23.3   19.9   15.5   19.5   22.8   25.5   24.0   26.3   27.4
47106   26.0   20.8   21.3   21.8   19.0   14.8   19.2   20.3   22.4   22.9   23.2   25.7
47108   28.7   28.5   28.8   29.1   28.6   22.7   24.2   26.7   28.6   27.5   25.7   28.5
47112   24.7   27.1   25.4   26.2   26.8   19.6   21.5   23.4   24.9   24.8   25.0   25.0
47114   29.8   27.5   29.6   29.8   28.5   25.7   27.6   27.0   26.9   28.7   27.5   29.6
47115   24.9   21.3   19.2   18.7   17.4   16.6   20.1   21.0   20.4   21.6   22.1   24.3
47119   29.1   28.2   28.0   29.3   28.9   24.6   22.4   25.5   27.0   26.6   27.2   28.5
47121   29.9   26.7   29.7   28.1   28.1   24.2   24.6   26.4   28.3   28.3   28.0   29.0
47127   29.6   26.3   28.9   28.7   26.3   23.8   27.7   28.0   26.6   27.7   28.1   29.5
47129   27.5   26.2   26.7   27.6   28.9   23.0   23.7   25.5   25.8   24.1   25.3   26.9
47130   26.5   19.2   20.8   22.1   20.4   22.2   20.4   19.5   23.5   24.0   23.2   25.9
47131   30.7   25.8   28.5   30.1   28.3   24.9   25.7   28.4   26.4   27.6   27.9   28.9
47133   30.0   23.9   28.1   29.5   27.0   24.8   25.2   27.3   26.0   27.3   28.0   28.3
47135   29.8   25.1   26.4   26.7   20.9   21.7   23.9   24.9   23.1   25.5   28.0   28.1
47136   31.0   26.0   28.7   27.6   26.2   24.0   28.5   26.2   25.7   28.3   29.1   30.1
47137   30.8   25.1   28.2   29.0   24.7   21.6   27.6   26.6   25.7   27.1   28.9   28.9
47138   30.0   21.6   23.2   26.2   24.0   18.5   25.0   22.7   22.7   25.0   28.9   28.8
47140   28.1   25.1   27.1   26.1   26.2   25.2   23.9   27.4   25.3   28.1   26.0   27.7
47143   32.4   27.3   29.1   30.0   25.9   24.5   24.3   25.1   26.4   28.0   30.7   30.5
47146   31.3   25.3   31.0   30.6   27.3   26.4   26.5   29.1   27.9   28.1   29.3   30.5
47152   31.7   25.3   25.1   26.3   23.9   26.4   22.9   22.5   25.9   25.2   28.1   28.5
47155   30.3   23.8   27.9   25.5   23.4   24.2   22.3   22.7   24.1   24.4   27.1   27.8
47156   30.2   24.8   31.5   30.1   27.0   26.2   27.0   29.0   28.2   27.6   28.5   29.6
47159   27.5   23.8   25.0   23.7   23.8   22.1   21.6   23.2   25.0   24.9   26.3   27.5
47162   26.6   23.1   26.6   24.6   24.2   22.8   22.7   23.4   22.8   22.0   25.3   25.7
47165   26.4   20.5   26.5   26.3   24.7   23.9   21.5   23.5   32.0   25.2   27.7   27.2
47168   26.3   22.2   27.8   23.8   22.0   23.6   23.3   21.7   22.2   23.0   24.0   26.1
47169   23.3   18.8   24.9   24.8   19.8   24.8   22.1   21.9   25.3   22.9   23.4   25.6
47170   29.0   20.9   29.1   27.1   22.8   25.7   25.4   24.4   26.0   25.5   27.7   29.3
47172   29.3   24.2   30.1   28.1   25.2   23.4   23.0   26.6   24.8   25.7   27.5   29.2
47174   29.5   21.3   28.9   26.9   22.1   25.6   23.7   24.9   24.7   26.0   26.4   27.6
47175   24.7   19.0   27.5   25.8   18.3   21.9   23.8   23.3   24.1   24.4   24.6   25.9
47184   27.1   21.7   25.6   26.1   23.1   26.3   22.3   25.4   24.6   23.0   27.6   27.5
47185   24.7   21.2   25.2   26.2   23.2   21.4   22.5   26.4   23.8   23.0   26.5   26.2
47188   27.8   21.2   24.3   26.3   20.3   25.5   23.6   22.4   23.9   21.4   26.2   25.8
47189   27.0   22.3   26.6   26.5   25.2   25.1   24.5   24.9   23.1   22.5   26.9   26.3
47192   31.1   23.5   28.9   27.6   23.6   24.3   24.1   25.4   25.2   25.4   27.4   28.4
   96   22.2   21.7   20.2   18.2   18.0   17.2   18.9   18.3   18.9   21.1   21.9   22.1
