2014061600+000HOUR     2014061609LST
STNID    21H    45H    69H    93H   117H   141H   165H   189H   213H   237H   261H   285H
STNID 061706 061806 061906 062006 062106 062206 062306 062406 062506 062606 062706 062806LST
47008   12.5   11.8   12.7   12.5   13.1   11.2   11.6   12.7   13.6   12.0   12.9   12.0
47014   16.8   17.3   15.2   16.3   16.2   16.5   15.3   13.7   13.9   16.1   16.3   17.5
47041   15.0   14.1   14.1   15.8   16.9   15.3   16.8   16.6   17.6   18.4   15.8   16.9
47058   19.1   19.3   17.1   19.2   19.6   17.6   17.2   18.3   19.6   18.7   20.5   19.6
47069   20.2   20.9   17.5   16.1   20.1   19.4   17.9   16.4   16.4   19.9   21.3   19.9
47070   18.9   18.6   18.0   18.3   17.7   17.4   17.3   16.9   17.2   17.1   20.0   17.3
47090   15.8   15.9   15.1   18.4   15.5   17.9   19.2   20.6   18.3   17.2   17.5   17.4
47095   18.8   16.7   16.0   17.5   18.3   16.7   16.5   16.7   18.7   18.3   19.5   18.1
47098   18.4   18.0   17.9   16.7   18.3   16.0   17.5   16.8   18.2   18.6   20.9   18.6
47099   18.3   17.5   18.1   16.5   18.1   16.3   17.6   16.8   19.4   16.9   21.5   16.2
47100   13.7   11.2   13.6   15.5   13.6   14.5   14.5   13.8   16.2   18.3   14.8   16.4
47101   20.0   18.2   18.6   18.6   18.7   16.7   17.5   17.8   17.9   18.9   19.7   18.5
47102   15.2   15.5   15.5   15.4   14.0   15.3   14.1   13.2   14.5   15.1   17.8   18.5
47104   16.9   15.4   15.7   18.1   15.9   15.4   18.6   19.5   18.0   16.1   16.4   17.7
47105   17.3   15.5   16.7   19.4   18.3   16.8   19.1   21.9   19.9   17.5   18.6   18.2
47106   17.5   15.4   16.5   19.2   16.9   16.9   19.1   20.5   19.1   17.2   17.4   17.2
47108   20.1   19.8   19.7   19.2   19.3   18.3   18.0   17.0   19.1   19.3   21.9   20.1
47112   18.3   17.1   18.0   16.1   19.4   19.5   16.6   17.7   17.7   18.5   20.3   22.0
47114   19.0   18.5   18.4   18.2   18.0   19.4   17.6   17.7   18.1   18.2   16.3   16.8
47115   17.4   14.5   16.2   16.5   17.3   18.1   18.0   20.6   19.6   16.1   17.5   17.7
47119   18.6   17.9   17.1   17.6   19.7   16.3   16.9   18.6   19.5   18.5   21.4   20.6
47121   17.9   15.8   17.6   17.8   17.4   19.1   16.6   16.8   18.0   18.6   16.8   17.2
47127   18.4   19.0   18.0   17.6   19.2   18.8   17.6   17.6   18.0   19.0   13.4   16.3
47129   17.1   15.7   15.4   15.9   17.6   16.7   16.2   18.1   18.7   18.2   20.1   18.5
47130   18.3   15.3   15.0   16.6   17.2   16.1   17.1   18.4   17.8   17.9   17.9   18.0
47131   20.2   19.5   19.3   18.6   20.4   19.9   18.8   18.7   20.2   20.2   21.0   19.9
47133   19.9   19.2   19.6   18.2   20.0   20.3   18.8   19.7   19.1   20.4   21.0   19.8
47135   18.1   16.0   17.5   16.6   18.5   19.8   17.6   16.3   17.7   18.1   16.7   18.6
47136   20.2   16.8   17.0   18.7   20.2   19.5   17.5   18.3   19.4   19.4   18.4   19.2
47137   20.0   16.9   18.3   17.9   17.9   20.3   18.4   17.6   19.4   18.9   18.3   18.2
47138   20.1   18.2   17.8   21.6   20.1   20.9   21.4   20.9   20.4   21.0   20.0   20.3
47140   18.3   17.8   17.1   16.6   18.1   19.4   18.6   18.8   19.4   18.5   19.3   17.2
47143   22.7   18.6   19.1   20.6   19.1   21.6   21.5   20.3   21.4   20.6   20.3   19.7
47146   19.3   18.1   19.1   18.9   16.7   17.9   20.3   19.4   20.4   20.4   20.4   19.9
47152   20.3   16.9   16.9   19.6   19.2   19.9   20.0   19.5   18.4   20.6   20.2   18.5
47155   19.8   19.3   19.1   19.9   18.9   20.6   20.7   19.6   19.3   21.0   21.4   20.1
47156   20.2   19.2   19.9   19.5   23.2   19.1   19.9   20.0   20.1   21.2   21.3   20.8
47159   20.5   19.2   18.7   20.1   18.7   20.9   20.8   20.3   20.8   20.4   21.3   20.4
47162   19.3   18.5   16.5   17.8   19.0   20.4   19.1   18.5   19.4   19.3   21.3   19.7
47165   18.7   17.8   18.5   17.8   19.8   19.2   19.0   19.8   20.3   21.1   21.5   19.9
47168   20.4   19.1   19.7   19.8   20.3   20.5   20.4   20.4   20.5   20.6   21.8   20.3
47169   16.6   16.0   17.1   18.0   17.9   15.7   18.2   16.9   18.4   17.6   17.6   18.1
47170   18.7   16.7   18.4   17.4   21.8   19.1   21.6   20.4   20.8   20.5   20.2   19.6
47172   18.6   17.0   18.0   16.6   21.0   17.3   20.9   20.0   20.9   19.4   19.2   19.4
47174   18.2   14.9   17.7   15.5   19.4   16.7   16.6   16.4   19.2   18.1   16.2   17.5
47175   16.0   15.4   15.9   16.1   17.9   15.1   17.3   18.5   18.6   19.3   18.9   17.0
47184   18.6   18.2   18.4   19.2   21.5   20.4   20.3   22.5   20.6   22.0   20.8   20.8
47185   17.9   17.3   18.6   19.4   20.4   19.6   20.1   19.9   20.6   20.4   19.8   19.1
47188   19.5   18.6   17.3   18.6   19.7   21.6   18.4   20.9   21.8   21.1   21.7   21.3
47189   18.8   18.8   18.9   19.2   20.0   21.1   20.8   21.8   22.2   22.8   21.5   21.4
47192   19.5   16.1   17.1   17.1   19.3   20.7   19.0   17.4   19.8   20.4   19.5   19.1
   96   18.9   18.4   15.3   18.5   21.4   16.0   15.8   18.1   19.6   17.3   18.1   18.6
