2014061600+000HOUR     2014061609LST
STNID    15H    27H    39H    51H    63H    75H    87H    99H   111H   123H   135H   147H   159H   171H   183H   195H   207H   219H   231H   243H   255H   267H   279H
STNID 061700 061712 061800 061812 061900 061912 062000 062012 062100 062112 062200 062212 062300 062312 062400 062412 062500 062512 062600 062612 062700 062712 062800LST
47003    0.5    0.5    0.0    0.5    0.0    0.0    0.0    0.0    0.0    0.0    0.0    0.0    0.0    0.0    0.0    0.0    0.0    0.0    0.0    0.0    0.0    0.0    0.5
47005    0.0    2.5    1.0    2.0   13.0    8.5    0.5    0.0    0.5    1.0    0.0    0.0    0.0    2.0    5.0    3.0    2.0    0.5    1.0    0.0    1.0    0.0    0.0
47008    1.0    0.5    1.0    0.5    1.0    6.5    0.5    1.0    1.5    1.0    1.0    0.0    0.0    0.0    0.0    0.0    0.0    0.0    0.0    0.0    0.5    1.0    1.5
47014    0.0    0.0    4.5   10.0   18.5   11.5    2.5    4.5   25.5    7.5    1.0    0.0    0.0    0.0    2.5    0.5    3.0    1.0    1.0    0.0    1.5    0.0    0.0
47016    0.0    1.5    1.5    5.0    3.5   25.0    0.0    0.0   16.5   15.0    1.5    0.0    0.0    0.0    1.5    1.5    2.0    1.0    4.0    0.0    0.0    0.0    1.0
47020    3.0    0.5    2.0   15.5    5.5   17.5    3.0    2.5    8.0    4.5    1.0    0.0    1.0    0.0    0.5    0.0    2.5    0.0    3.5    0.0    0.0    0.0    2.5
47022    0.0    1.5    4.5    7.5    7.0   16.0    0.0    1.5    5.5    7.0    4.0    0.0    0.0    0.0    1.0    0.0    1.0    0.0    1.5    0.0    0.0    0.0    2.0
47025    0.0    0.0    0.0    0.0    1.0   24.0    0.0    0.0    4.0    3.0    6.0    2.0    0.0    1.0    1.0    0.5    0.0    0.0    0.0    0.0    0.0    0.0    2.0
47028    0.0    0.0    0.0    0.0    6.0    1.5    3.0    0.0    7.0    9.5    3.0    0.0    0.0    0.0    2.0    0.0    0.0    0.0    0.0    1.0    0.0    0.0    3.0
47031    2.5    0.0    2.5    2.5    1.0   13.0    1.5    0.0   15.0    5.0    3.5    1.0    3.0    0.0    1.0    0.0    1.5    0.0    2.0    0.0    0.0    0.0    2.5
47035    0.0    0.0    0.0    0.0    4.0    0.5    0.5    0.5   10.0   11.0    3.0    0.0    0.0    0.0    0.0    0.0    0.0    0.0    1.0    0.5    0.0    0.0    3.5
47037    0.0    0.0    0.0    0.0    5.5    3.5    0.0    0.5   12.5   11.5    2.5    0.0    3.0    0.0    0.0    0.0    0.0    0.0    0.0    0.5    0.0    0.0    4.5
47039    0.0    0.0    2.5    0.0    4.0    7.5    2.0    0.0   10.5   14.0    2.0    0.0    3.5    0.0    0.0    0.0    1.0    0.0    0.0    0.0    0.0    0.0    5.0
47041    0.5    0.5    0.5    1.0    0.0    3.5    0.0    0.0    4.0   17.5   11.5    4.0    0.0    0.0    0.5    0.0    0.0    0.0    0.0    0.0    0.5    0.5    6.5
47046    0.0    0.0    0.0    0.5    0.5    7.5    0.5    0.0    5.0    3.0   10.5    2.0    0.0    0.0    0.0    0.0    0.0    0.0    0.0    0.0    0.0    0.0    4.0
47050    0.0    0.0    0.0    0.0    1.0    6.5    0.0    0.0    8.0   18.0    4.0    0.0    0.5    0.0    0.0    0.0    0.0    0.0    0.0    1.0    0.0    0.0    6.0
47052    0.0    0.0    0.0    0.0    1.5    7.0    2.0    0.5    3.5    6.0    5.0    5.5    0.0    0.0    1.0    0.0    0.0    0.0    0.0    0.0    0.0    0.0    3.0
47055    0.0    0.0    0.0    0.0    0.0    0.5    1.0    0.0    2.5    4.0    4.5    2.5    0.0    0.0    0.0    0.0    0.0    0.0    0.0    0.0    0.0    0.0    6.5
47058    0.0    0.0    1.5    1.5    1.5    1.0    0.0    0.0    1.0    7.0    6.5    1.0    0.0    0.0    0.0    0.0    0.0    0.0    0.0    1.0    0.0    0.0    5.5
47060    0.0    0.0    0.0    0.0    0.0    0.0    0.0    0.5    0.5    2.5    3.0    2.0    6.5    0.0    0.0    0.0    0.0    0.0    0.5    0.0    0.0    0.0    7.5
47061    0.0    0.0    0.0    0.0    0.0    0.0    0.0    0.0    2.0    5.0    4.5    1.5    0.0    0.0    0.0    0.0    0.0    0.0    0.0    0.0    0.0    0.0    5.5
47065    0.0    0.0    1.0    2.0    1.0    0.0    0.0    0.0    0.0    4.0    8.0    1.0    0.0    0.0    0.0    0.0    0.0    0.0    0.0    0.5    1.0    0.0    5.5
47067    0.0    0.0    3.0    1.0    7.0    0.0    0.0    0.0    0.5    7.0    4.0    1.5    0.0    0.0    1.5    0.0    0.0    0.0    0.0    0.5    1.0    0.0    5.0
47068    0.0    0.0    0.0    0.0    0.0    0.0    0.0    0.5    0.0    0.0    0.5    0.0    5.0    0.0    0.0    0.0    0.0    0.0    1.0    0.0    0.0    0.0    8.0
47069    0.0    0.0    0.0    0.0    0.0    0.0    0.0    0.0    0.0    0.5    4.5    0.0    0.0    0.0    0.0    0.0    0.0    0.0    0.5    0.0    0.0    0.0    9.5
47070    0.0    0.0    0.0    0.0    3.0    0.0    0.0    0.0    0.5    0.0    2.0    0.0    2.0    0.0    1.0    0.0    0.0    0.0    0.0    0.0    0.0    0.0    7.0
47075    0.0    0.0    7.5    0.0    3.0    0.0    0.0    0.0    0.0    2.0    2.0    0.0    0.0    0.0    1.5    0.0    0.0    0.0    0.0    0.0    0.0    0.0    4.0
47090    0.0    1.0    1.0    1.5    0.5    0.0    0.0    0.0    1.5    4.5    6.5    2.0    0.5    0.0    0.0    0.0    0.0    0.0    0.0    0.0    0.5    1.0    6.5
47095    0.0    0.0    7.5    0.0    3.0    0.0    0.0    0.0    0.0    2.0    2.0    0.0    0.0    0.0    1.5    0.0    0.0    0.0    0.0    0.0    0.0    0.0    4.0
47098    0.0    0.0    2.0    0.0    4.0    0.0    0.0    0.0    1.5    0.0    2.5    0.0    0.0    0.0    0.5    0.0    0.0    0.0    0.0    0.0    0.0    0.0    3.5
47099    0.0    0.0    0.0    0.0    3.0    0.0    0.0    0.0    0.5    0.0    2.0    0.0    2.0    0.0    1.0    0.0    0.0    0.0    0.0    0.0    0.0    0.0    7.0
47100    0.0    0.0    0.0    0.0    0.0    0.0    4.5    0.0    1.0    0.0    5.5    1.0    0.0    0.0    0.0    0.0    1.0    0.0    0.0    0.0    0.0    0.0    4.0
47101    0.0    0.0    0.0    0.0    0.0    0.0    0.0    0.0    1.0    3.0    1.5    0.0    0.0    0.0    0.0    0.0    0.0    0.0    0.0    0.0    0.0    0.0    0.5
47104    0.0    0.0    0.0    0.0    0.0    0.0    0.0    0.0    1.5    1.0    7.5    1.0    0.0    0.0    0.0    0.0    0.0    0.0    0.0    0.0    0.0    0.0    4.5
47105    0.0    0.0    0.0    0.0    0.0    0.0    0.0    0.0    1.5    1.0    7.5    1.0    0.0    0.0    0.0    0.0    0.0    0.0    0.0    0.0    0.0    0.0    4.5
47106    0.0    0.0    1.0    1.5    1.0    0.0    1.0    0.0    0.0    0.5    7.5    2.0    0.0    0.0    0.0    0.0    0.0    0.0    0.0    0.0    0.0    0.0    9.5
47108    0.0    0.0    0.0    2.5    5.0    0.0    0.0    0.0    3.5    0.0    1.5    0.0    0.0    0.0    0.0    0.0    0.0    0.0    0.0    0.0    0.0    0.0    0.5
47112    0.0    0.0    0.0    0.0    0.0    0.0    0.0    0.0    0.0    0.5    0.5    0.0    1.0    0.0    0.0    0.0    0.0    0.0    0.0    0.0    0.0    0.0    2.0
47114    0.0    0.0    1.5    0.0    2.0    0.0    0.0    0.0    3.5    1.0    3.0    0.0    0.0    0.0    0.0    0.0    0.0    0.0    0.0    0.0    0.0    0.0    0.0
47115    0.0    0.0    0.0    0.5    0.0    0.0    0.0    0.0    0.0    0.0    0.0    0.0    0.0    0.0    0.0    0.0    0.0    0.0    0.0    0.0    0.0    0.0    6.5
47119    0.0    0.0    0.0    0.0    2.0    0.0    0.0    0.0    6.5    0.0    0.0    0.0    1.5    0.0    0.0    0.0    0.0    0.0    0.0    0.0    0.0    0.0    1.5
47121    0.0    0.0    0.0    0.0    1.0    1.5    0.0    0.0    0.5    1.0    3.5    0.0    0.0    0.0    0.0    0.0    0.0    0.0    0.0    0.0    0.0    0.0    1.0
47127    0.0    0.0    0.0    0.0    6.0    0.0    0.0    0.0    3.0    0.0    3.5    0.0    0.0    0.0    0.0    0.0    0.0    0.0    0.0    0.0    0.0    0.0    1.0
47129    0.0    0.0    0.0    0.0    0.0    0.0    0.0    0.0    0.0    0.0    2.0    0.0    0.0    0.0    0.0    0.0    0.0    0.0    0.0    0.0    0.0    1.0    4.0
47130    0.0    0.0    0.0    0.0    0.0    0.0    2.0    0.0    0.5    0.0    3.0    1.0    0.0    0.0    0.0    0.0    0.0    0.0    0.0    0.0    0.0    0.0    7.5
47131    0.0    0.0    0.0    0.0    5.0    0.0    0.0    0.0    5.0    1.0    3.0    0.0    0.0    0.0    0.0    0.0    0.0    0.0    0.0    0.0    0.0    0.0    2.0
47133    0.0    0.0    0.0    1.5    1.5    0.0    0.0    0.0    1.0    0.0    0.0    0.0    0.0    0.0    0.0    0.0    0.0    0.0    0.0    0.0    0.0    1.5    4.5
47135    0.0    0.0    0.0    0.0    1.5    0.0    0.0    0.0    0.0    0.0    0.0    0.0    0.0    0.0    0.0    0.0    0.0    0.0    0.0    0.0    0.0    0.0    6.0
47136    0.0    0.0    0.0    0.0    0.0    0.0    0.5    0.0    0.0    1.0    1.0    0.0    0.0    0.0    0.5    0.0    0.0    0.0    0.0    0.0    0.0    0.0    3.0
47137    0.0    0.0    0.0    0.0    1.5    0.0    0.0    0.0    0.0    0.0    0.0    0.0    0.0    0.0    0.0    0.0    0.0    0.0    0.0    0.0    0.0    0.0    6.0
47138    0.0    0.0    0.0    0.0    0.0    0.0    1.0    0.0    0.0    2.5    2.5    1.0    0.0    0.0    0.0    0.0    0.0    0.0    0.0    0.0    0.0    2.5   28.0
47140    0.0    0.5    0.0    0.0    0.0    0.0    0.0    0.0    0.0    0.0    0.0    0.0    0.0    0.0    0.0    0.0    0.0    0.0    0.0    0.0    0.0    4.5    4.0
47143    0.0    0.0    0.0    0.0    0.0    0.0    0.5    0.0    0.0    2.5    1.5    1.0    0.0    0.0    0.0    0.0    0.0    0.0    0.0    0.0    0.0    1.5   25.5
47146    0.0    0.0    0.0    0.0    1.0    0.0    0.0    0.0    0.0    0.0    1.5    0.0    0.0    0.0    0.0    0.0    0.0    0.0    0.0    0.0    0.0    2.5    4.5
47152    0.0    0.0    0.0    0.0    0.0    0.0    0.0    0.0    0.0    3.5    1.0    1.0    0.0    0.0    0.0    0.0    0.0    0.0    0.0    0.0    0.0    6.0   36.0
47155    0.0    0.0    0.0    0.0    0.0    0.0    0.0    0.0    0.0    3.5    1.5    0.0    0.0    0.0    0.0    0.0    0.0    0.0    0.0    0.0    0.0    3.5   23.5
47156    0.0    1.0    0.0    0.0    0.0    0.0    0.0    0.0    0.0    0.0    0.0    0.0    0.0    0.0    0.0    0.0    0.0    0.0    0.0    0.0    0.0   10.5   43.0
47159    0.0    0.0    0.0    0.0    0.0    0.0    0.0    0.0    0.0    3.5    1.5    0.0    0.0    0.0    0.0    0.0    0.0    0.0    0.0    0.0    0.0    3.5   23.5
47162    0.0    1.5    0.0    0.0    0.0    0.0    0.0    0.0    0.0    7.5    0.5    0.0    0.0    0.0    0.0    0.0    0.0    0.0    0.0    0.0    0.0    7.5   26.0
47165    0.0    4.0    0.0    0.0    0.0    0.0    0.0    0.0    0.0    1.0    0.0    0.0    0.5    0.0    0.0    0.0    0.0    0.0    0.0    0.0    0.0   14.5   69.5
47168    0.0    1.5    0.0    0.0    0.0    0.0    0.0    0.0    0.0    5.0    0.0    0.0    0.0    0.0    0.0    0.0    0.0    0.0    0.0    0.0    0.0   10.0   29.0
47169    2.0   16.5    0.0    0.0    0.0    0.0    0.0    0.0    0.0    4.0    0.0    0.0    0.0    0.0    0.0    0.0    0.0    1.5    0.0    2.0    2.0   25.5   29.5
47170    0.0    9.0    0.0    0.0    0.0    0.0    0.0    0.0    0.0    8.5    0.0    0.0    0.5    0.0    0.0    0.0    0.0    0.0    0.0    1.5    1.5   23.5   57.5
47172    0.0    1.5    0.0    0.0    0.0    0.0    0.0    0.0    0.0    0.0    0.0    0.0    0.0    0.0    0.0    0.0    0.0    0.0    0.0    0.0    0.5    9.0   46.0
47174    0.0    3.0    0.0    0.0    0.5    0.0    0.0    0.0    0.0    2.5    0.0    0.0    0.0    0.0    0.0    0.0    0.0    0.0    0.0    0.0    0.0    9.5   42.5
47184    5.0   27.5    3.0    0.0    0.0    0.0    0.0    0.0    1.0   38.0    2.5    0.0    0.0    0.0    0.0    0.0    0.0    5.0    2.5   23.0    4.5    4.0    1.5
47185    6.5   30.0    1.5    0.0    0.0    0.0    0.0    0.0    1.5   41.0    1.0    0.0    0.0    0.0    0.0    0.0    0.0    5.5    1.5   24.0    2.0   15.5   15.0
47188    3.5   25.0    4.5    0.0    0.0    0.0    0.0    0.0    0.0   38.0    4.0    0.0    0.0    0.0    0.0    0.0    0.0    5.0    4.5   21.0    4.0    8.5    1.5
47189    5.0   27.5    3.0    0.0    0.0    0.0    0.0    0.0    1.0   38.0    2.5    0.0    0.0    0.0    0.0    0.0    0.0    5.0    2.5   23.0    4.5    4.0    1.5
47192    0.0    1.0    0.0    0.0    0.0    0.0    1.0    0.0    0.0    1.5    1.0    0.0    0.0    0.0    0.0    0.0    0.0    0.0    0.0    0.0    0.0    5.5   28.0
47201    0.0    0.0    0.0    0.0    3.0    0.0    0.0    0.0    0.5    0.0    2.0    0.0    2.0    0.0    1.0    0.0    0.0    0.0    0.0    0.0    0.0    0.0    7.0
47202    0.0    0.0    1.5    0.0    2.0    0.0    0.0    0.0    3.5    1.0    3.0    0.0    0.0    0.0    0.0    0.0    0.0    0.0    0.0    0.0    0.0    0.0    0.0
47203    0.0    0.0    0.0    0.0    6.0    0.0    0.0    0.0    3.0    0.0    3.5    0.0    0.0    0.0    0.0    0.0    0.0    0.0    0.0    0.0    0.0    0.0    1.0
47211    0.0    1.0    0.0    0.0    0.0    1.5    1.5    0.0    3.0    5.0    8.0    0.0    0.0    0.0    0.0    0.0    0.0    0.0    0.0    0.0    0.0    0.0    1.5
47212    0.0    0.0    1.5    0.0    2.0    0.0    0.0    0.0    3.5    1.0    3.0    0.0    0.0    0.0    0.0    0.0    0.0    0.0    0.0    0.0    0.0    0.0    0.0
47216    0.0    0.0    0.0    0.0    0.0    1.5    1.0    0.0    0.0    0.0    4.0    0.0    0.0    0.0    1.0    0.0    0.0    0.0    0.0    0.0    0.0    0.0    3.0
47221    0.0    0.0    0.0    0.0    1.0    1.5    0.0    0.0    0.5    1.0    3.5    0.0    0.0    0.0    0.0    0.0    0.0    0.0    0.0    0.0    0.0    0.0    1.0
47226    0.0    0.0    0.0    0.0    2.0    0.0    0.0    0.0    3.0    0.0    0.0    0.0    0.0    0.0    0.0    0.0    0.0    0.0    0.0    0.0    0.0    0.0    5.5
47232    0.0    0.0    0.5    0.0    4.0    0.0    0.0    0.0    4.0    0.0    1.0    0.0    0.0    0.0    0.0    0.0    0.0    0.0    0.0    0.0    0.0    0.0    3.5
47235    0.0    0.0    0.0    0.0    0.0    0.0    0.0    0.0    0.0    0.0    0.0    0.0    1.0    0.0    0.0    0.0    0.0    0.0    0.0    0.0    0.0    2.5    3.5
47236    0.0    0.0    0.0    1.5    1.5    0.0    0.0    0.0    1.0    0.0    0.0    0.0    0.0    0.0    0.0    0.0    0.0    0.0    0.0    0.0    0.0    1.5    4.5
47238    0.0    0.0    0.0    0.0    1.0    0.0    0.0    0.0    0.0    0.0    1.0    0.0    0.0    0.0    0.0    0.0    0.0    0.0    0.0    0.0    0.0    2.0    8.0
47243    0.0    1.0    0.0    0.0    0.0    0.0    0.0    0.0    0.0    0.0    0.0    0.0    0.0    0.0    0.0    0.0    0.0    0.0    0.0    0.0    0.0    9.5   19.0
47244    0.0    0.5    0.0    0.0    0.0    0.0    0.0    0.0    0.0    0.0    1.5    0.0    0.0    0.0    0.0    0.0    0.0    0.0    0.0    0.0    0.0    7.0   23.0
47245    0.0    0.5    0.0    0.0    0.0    0.0    0.0    0.0    0.0    0.0    1.5    0.0    0.0    0.0    0.0    0.0    0.0    0.0    0.0    0.0    0.0    7.0   23.0
47247    0.0    1.0    0.0    0.0    0.0    0.0    0.0    0.0    0.0    0.0    0.0    0.0    0.0    0.0    0.0    0.0    0.0    0.0    0.0    0.0    0.0   10.5   43.0
47248    0.0    0.0    0.0    0.0    0.5    0.0    0.5    0.0    0.0    0.0    0.0    0.0    0.0    0.0    0.0    0.0    0.0    0.0    0.0    0.0    0.0    7.5   30.0
47251    0.0    1.5    0.0    0.0    0.0    0.0    0.0    0.0    0.0    0.0    0.0    0.0    0.0    0.0    0.0    0.0    0.0    0.0    0.0    0.0    0.5    9.0   46.0
47252    0.0    1.5    0.0    0.0    0.0    0.0    0.0    0.0    0.0    0.0    0.0    0.0    0.0    0.0    0.0    0.0    0.0    0.0    0.0    0.0    0.5    9.0   46.0
47253    0.0    0.0    0.0    0.0    0.0    0.0    0.0    0.0    0.0    3.5    1.5    0.0    0.0    0.0    0.0    0.0    0.0    0.0    0.0    0.0    0.0    3.5   23.5
47254    0.0    1.0    0.0    0.0    0.0    0.0    0.0    0.0    0.0    0.0    0.0    0.0    0.0    0.0    0.0    0.0    0.0    0.0    0.0    0.0    0.0   10.5   43.0
47255    0.0    0.0    0.0    0.0    0.0    0.0    0.0    0.0    0.0    3.5    1.5    0.0    0.0    0.0    0.0    0.0    0.0    0.0    0.0    0.0    0.0    3.5   23.5
47256    0.0    1.0    0.0    0.0    0.0    0.0    0.0    0.0    0.0    0.0    0.0    0.0    0.0    0.0    0.0    0.0    0.0    0.0    0.0    0.0    0.0   10.5   43.0
47257    0.0    0.0    0.0    0.0    0.0    0.0    0.0    0.0    0.0    3.5    1.5    0.0    0.0    0.0    0.0    0.0    0.0    0.0    0.0    0.0    0.0    3.5   23.5
47259    0.0    9.0    0.0    0.0    0.0    0.0    0.0    0.0    0.0    8.5    0.0    0.0    0.5    0.0    0.0    0.0    0.0    0.0    0.0    1.5    1.5   23.5   57.5
47260    0.0    3.0    0.0    0.0    0.5    0.0    0.0    0.0    0.0    2.5    0.0    0.0    0.0    0.0    0.0    0.0    0.0    0.0    0.0    0.0    0.0    9.5   42.5
47261    0.0    9.0    0.0    0.0    0.0    0.0    0.0    0.0    0.0    8.5    0.0    0.0    0.5    0.0    0.0    0.0    0.0    0.0    0.0    1.5    1.5   23.5   57.5
47262    0.0    7.0    0.0    0.0    0.0    0.0    0.0    0.0    0.0   12.0    0.0    0.0    0.0    0.0    0.0    0.0    0.0    0.0    0.0    1.5    0.5   19.0   25.0
47263    0.0    1.0    0.0    0.0    0.0    0.0    1.0    0.0    0.0    1.5    1.0    0.0    0.0    0.0    0.0    0.0    0.0    0.0    0.0    0.0    0.0    5.5   28.0
47264    0.0    0.0    0.0    0.0    0.5    0.0    0.5    0.0    0.0    0.0    0.0    0.0    0.0    0.0    0.0    0.0    0.0    0.0    0.0    0.0    0.0    7.5   30.0
47266    0.0    1.5    0.0    0.0    0.0    0.0    0.0    0.0    0.0    5.0    0.0    0.0    0.0    0.0    0.0    0.0    0.0    0.0    0.0    0.0    0.0   10.0   29.0
47268    0.5   12.5    0.0    0.0    0.0    0.0    0.0    0.0    0.0    7.0    0.0    0.0    0.0    0.0    0.0    0.0    0.0    1.0    0.0    2.0    1.5   21.5   54.0
47271    0.0    0.0    0.0    0.0    0.0    1.5    1.0    0.0    0.0    0.0    4.0    0.0    0.0    0.0    1.0    0.0    0.0    0.0    0.0    0.0    0.0    0.0    3.0
47272    0.0    0.0    0.0    0.0    3.0    0.0    0.0    0.0    0.0    1.0    1.0    0.0    0.0    0.0    0.0    0.0    0.0    0.0    0.0    0.0    0.0    0.0    2.5
47273    0.0    0.0    0.0    0.0    3.0    0.0    0.0    0.0    0.0    1.0    1.0    0.0    0.0    0.0    0.0    0.0    0.0    0.0    0.0    0.0    0.0    0.0    2.5
47276    0.0    0.0    0.0    0.0    0.0    0.0    0.0    0.0    0.0    1.5    1.0    0.0    0.0    0.0    0.0    0.0    0.0    0.0    0.0    0.0    0.0    0.5    5.5
47277    0.0    0.0    0.0    0.0    0.0    0.0    0.5    0.0    0.0    1.0    2.5    1.5    0.0    0.0    0.0    0.0    0.0    0.0    0.0    0.0    0.0    1.5    8.0
47278    0.0    0.0    0.0    0.0    0.0    0.0    0.0    0.0    0.0    1.5    1.0    0.0    0.0    0.0    0.0    0.0    0.0    0.0    0.0    0.0    0.0    0.5    5.5
47279    0.0    0.0    0.0    0.0    0.5    0.0    0.5    0.0    0.0    0.5    0.5    0.0    0.0    0.0    0.0    0.0    0.0    0.0    0.0    0.0    0.0    2.0   13.5
47281    0.0    0.0    0.0    0.0    0.0    0.0    0.5    0.0    0.0    2.5    1.5    1.0    0.0    0.0    0.0    0.0    0.0    0.0    0.0    0.0    0.0    1.5   25.5
47283    0.0    0.0    0.0    0.0    0.0    0.0    1.0    0.0    0.0    2.5    2.5    1.0    0.0    0.0    0.0    0.0    0.0    0.0    0.0    0.0    0.0    2.5   28.0
47284    0.0    0.0    0.0    0.0    0.5    0.0    0.5    0.0    0.0    0.0    0.0    0.0    0.0    0.0    0.0    0.0    0.0    0.0    0.0    0.0    0.0    7.5   30.0
47285    0.0    0.0    0.0    0.0    0.5    0.0    1.5    0.0    0.0    0.0    0.0    0.0    0.0    0.0    0.0    0.0    0.0    0.0    0.0    0.0    0.0    4.5   35.0
47288    0.0    0.0    0.0    0.0    0.0    0.0    0.0    0.0    0.0    1.5    0.5    0.5    0.0    0.0    0.0    0.0    0.0    0.0    0.0    0.0    0.0    5.0   37.5
47289    0.0    0.5    0.0    0.0    0.5    0.0    2.5    0.0    0.0    0.5    0.5    0.0    0.0    0.0    0.5    0.0    0.0    0.0    0.0    0.0    0.0    8.5   37.0
47294    0.0    1.0    0.0    0.0    0.0    0.0    0.0    0.0    0.0    8.5    3.0    0.5    0.0    0.0    0.0    0.0    0.0    0.0    0.0    0.0    0.0    6.5   22.0
47295    0.0    1.5    0.0    0.0    0.0    0.0    0.0    0.0    0.0    5.0    0.0    0.0    0.0    0.0    0.0    0.0    0.0    0.0    0.0    0.0    0.0   10.0   29.0
47299    0.0   38.0    2.0    0.0    0.0    0.0    0.0    0.0   10.5   94.0    0.5    0.0    0.0    0.0    0.0    0.0    1.0    0.0    5.0   11.5    1.5    3.5    0.0
  319    0.0    0.0    0.0    0.5    0.0    0.0    0.0    0.0    0.0    0.0    0.0    0.0    0.0    0.0    0.0    0.0    0.0    0.0    0.0    0.0    0.0    0.0    6.5
  328    5.0   27.5    3.0    0.0    0.0    0.0    0.0    0.0    1.0   38.0    2.5    0.0    0.0    0.0    0.0    0.0    0.0    5.0    2.5   23.0    4.5    4.0    1.5
  400    0.0    0.0    0.0    2.5    5.0    0.0    0.0    0.0    3.5    0.0    1.5    0.0    0.0    0.0    0.0    0.0    0.0    0.0    0.0    0.0    0.0    0.0    0.5
  433    0.0    0.0    0.0    0.0    0.0    0.0    0.0    0.0    0.0    0.5    0.5    0.0    1.0    0.0    0.0    0.0    0.0    0.0    0.0    0.0    0.0    0.0    2.0
  441    0.0    0.0    0.0    0.0    0.0    0.0    0.0    0.0    0.0    0.5    0.5    0.0    1.0    0.0    0.0    0.0    0.0    0.0    0.0    0.0    0.0    0.0    2.0
  504    0.0    0.0    2.0    0.0    4.0    0.0    0.0    0.0    1.5    0.0    2.5    0.0    0.0    0.0    0.5    0.0    0.0    0.0    0.0    0.0    0.0    0.0    3.5
  516    0.0    0.0    0.0    0.0    2.0    0.0    0.0    0.0    6.5    0.0    0.0    0.0    1.5    0.0    0.0    0.0    0.0    0.0    0.0    0.0    0.0    0.0    1.5
  517    0.0    0.0    0.0    0.0    0.0    0.0    0.0    0.0    2.0    5.0    4.0    1.0    0.0    0.0    0.0    0.0    2.5    0.0    0.0    0.0    0.0    0.0    4.5
  519    0.0    0.0    0.0    0.0    0.0    0.0    0.0    0.0    1.5    4.5    3.0    0.0    0.0    0.0    1.5    0.0    0.0    0.0    0.0    0.0    0.0    0.0    1.5
  523    0.0    0.0    0.0    0.0    0.0    0.0    0.0    0.0    1.5    1.0    7.5    1.0    0.0    0.0    0.0    0.0    0.0    0.0    0.0    0.0    0.0    0.0    4.5
  525    0.0    0.0    1.0    0.0    0.0    1.5    0.0    0.0    1.5    0.0    7.0    0.0    0.0    0.0    0.0    0.0    0.0    0.0    0.0    0.0    0.0    0.0    0.5
  526    0.0    0.0    1.0    0.0    0.0    1.5    0.0    0.0    1.5    0.0    7.0    0.0    0.0    0.0    0.0    0.0    0.0    0.0    0.0    0.0    0.0    0.0    0.5
  527    0.0    0.0    0.0    0.0    0.0    1.5    1.0    0.0    0.0    0.0    4.0    0.0    0.0    0.0    1.0    0.0    0.0    0.0    0.0    0.0    0.0    0.0    3.0
  528    1.0    0.5    0.0    0.0    0.0    0.5    0.5    0.0    0.0    0.0    0.0    0.0    0.0    0.0    0.0    0.0    0.0    1.0    0.5    0.0    0.0    0.5    8.5
  529    0.0    0.0    0.0    0.0    0.0    0.0    2.0    0.0    0.5    0.0    3.0    1.0    0.0    0.0    0.0    0.0    0.0    0.0    0.0    0.0    0.0    0.0    7.5
  530    0.0    0.0    0.0    0.5    0.0    0.0    0.0    0.0    0.0    0.0    0.0    0.0    0.0    0.0    0.0    0.0    0.0    0.0    0.0    0.0    0.0    0.0    6.5
  531    0.0    0.0    0.0    0.0    0.0    0.0    0.0    0.0    1.0    3.0    1.5    0.0    0.0    0.0    0.0    0.0    0.0    0.0    0.0    0.0    0.0    0.0    0.5
  532    0.0    0.0    2.0    0.0    4.0    0.0    0.0    0.0    1.5    0.0    2.5    0.0    0.0    0.0    0.5    0.0    0.0    0.0    0.0    0.0    0.0    0.0    3.5
  534    0.0    0.0    0.0    0.0    6.0    0.0    0.0    0.0    3.0    0.0    3.5    0.0    0.0    0.0    0.0    0.0    0.0    0.0    0.0    0.0    0.0    0.0    1.0
  536    0.0    0.0    1.0    0.0    0.0    1.5    0.0    0.0    1.5    0.0    7.0    0.0    0.0    0.0    0.0    0.0    0.0    0.0    0.0    0.0    0.0    0.0    0.5
  540    0.0    0.0    0.0    2.5    5.0    0.0    0.0    0.0    3.5    0.0    1.5    0.0    0.0    0.0    0.0    0.0    0.0    0.0    0.0    0.0    0.0    0.0    0.5
  541    0.0    0.0    0.0    2.5    5.0    0.0    0.0    0.0    3.5    0.0    1.5    0.0    0.0    0.0    0.0    0.0    0.0    0.0    0.0    0.0    0.0    0.0    0.5
  542    0.0    0.0    0.0    2.5    5.0    0.0    0.0    0.0    3.5    0.0    1.5    0.0    0.0    0.0    0.0    0.0    0.0    0.0    0.0    0.0    0.0    0.0    0.5
  546    0.0    0.0    0.0    2.5    5.0    0.0    0.0    0.0    3.5    0.0    1.5    0.0    0.0    0.0    0.0    0.0    0.0    0.0    0.0    0.0    0.0    0.0    0.5
  548    0.0    0.0    0.0    0.0    6.0    0.0    0.0    0.0    3.0    0.0    3.5    0.0    0.0    0.0    0.0    0.0    0.0    0.0    0.0    0.0    0.0    0.0    1.0
  549    0.0    0.0    0.0    0.0    2.0    0.0    0.0    0.0    6.5    0.0    0.0    0.0    1.5    0.0    0.0    0.0    0.0    0.0    0.0    0.0    0.0    0.0    1.5
  551    0.0    0.0    0.0    0.0    2.0    0.0    0.0    0.0    6.5    0.0    0.0    0.0    1.5    0.0    0.0    0.0    0.0    0.0    0.0    0.0    0.0    0.0    1.5
  552    0.0    0.0    0.0    0.0    0.0    0.0    0.0    0.0    1.5    4.5    3.0    0.0    0.0    0.0    1.5    0.0    0.0    0.0    0.0    0.0    0.0    0.0    1.5
  555    0.0    0.0    0.0    0.0    0.0    0.0    0.0    0.0    1.5    4.5    3.0    0.0    0.0    0.0    1.5    0.0    0.0    0.0    0.0    0.0    0.0    0.0    1.5
  556    0.0    0.0    0.0    0.0    0.0    0.0    0.0    0.0    2.0    5.0    4.0    1.0    0.0    0.0    0.0    0.0    2.5    0.0    0.0    0.0    0.0    0.0    4.5
  557    0.0    1.0    0.0    0.0    0.0    1.5    1.5    0.0    3.0    5.0    8.0    0.0    0.0    0.0    0.0    0.0    0.0    0.0    0.0    0.0    0.0    0.0    1.5
  559    0.0    1.0    0.0    0.0    0.0    1.5    1.5    0.0    3.0    5.0    8.0    0.0    0.0    0.0    0.0    0.0    0.0    0.0    0.0    0.0    0.0    0.0    1.5
  561    0.0    0.0    1.0    0.0    0.0    1.5    0.0    0.0    1.5    0.0    7.0    0.0    0.0    0.0    0.0    0.0    0.0    0.0    0.0    0.0    0.0    0.0    0.5
  562    0.0    0.0    0.0    0.0    1.0    1.5    0.0    0.0    0.5    1.0    3.5    0.0    0.0    0.0    0.0    0.0    0.0    0.0    0.0    0.0    0.0    0.0    1.0
  563    0.0    0.0    0.0    0.0    0.0    0.0    4.5    0.0    1.0    0.0    5.5    1.0    0.0    0.0    0.0    0.0    1.0    0.0    0.0    0.0    0.0    0.0    4.0
  565    0.0    0.0    0.0    0.0    0.0    0.0    0.0    0.0    0.0    0.5    0.5    0.0    1.0    0.0    0.0    0.0    0.0    0.0    0.0    0.0    0.0    0.0    2.0
  566    0.0    0.0    0.0    0.0    0.0    0.0    0.0    0.0    1.5    1.0    7.5    1.0    0.0    0.0    0.0    0.0    0.0    0.0    0.0    0.0    0.0    0.0    4.5
  571    0.0    0.0    0.5    0.0    0.0    0.0    0.0    0.0    0.0    0.0    0.0    0.0    0.0    0.0    0.5    0.0    0.0    0.0    0.0    0.0    0.0    0.0    2.5
  572    0.0    0.0    0.0    2.5    5.0    0.0    0.0    0.0    3.5    0.0    1.5    0.0    0.0    0.0    0.0    0.0    0.0    0.0    0.0    0.0    0.0    0.0    0.5
  579    0.0    0.0    0.0    0.0    0.0    0.0    4.5    0.0    1.0    0.0    5.5    1.0    0.0    0.0    0.0    0.0    1.0    0.0    0.0    0.0    0.0    0.0    4.0
  580    0.0    0.0    0.0    0.0    0.0    0.0    4.5    0.0    1.0    0.0    5.5    1.0    0.0    0.0    0.0    0.0    1.0    0.0    0.0    0.0    0.0    0.0    4.0
  581    0.0    0.0    0.0    0.0    0.0    1.5    1.0    0.0    0.0    0.0    4.0    0.0    0.0    0.0    1.0    0.0    0.0    0.0    0.0    0.0    0.0    0.0    3.0
  583    0.0    0.0    1.0    0.0    0.0    1.5    0.0    0.0    1.5    0.0    7.0    0.0    0.0    0.0    0.0    0.0    0.0    0.0    0.0    0.0    0.0    0.0    0.5
  586    0.0    0.0    0.0    0.0    0.0    0.0    0.0    0.0    1.0    3.0    1.5    0.0    0.0    0.0    0.0    0.0    0.0    0.0    0.0    0.0    0.0    0.0    0.5
  588    0.0    0.0    0.0    0.0    0.0    0.0    0.0    0.0    1.0    3.0    1.5    0.0    0.0    0.0    0.0    0.0    0.0    0.0    0.0    0.0    0.0    0.0    0.5
  590    0.0    0.0    0.0    2.5    5.0    0.0    0.0    0.0    3.5    0.0    1.5    0.0    0.0    0.0    0.0    0.0    0.0    0.0    0.0    0.0    0.0    0.0    0.5
  598    0.0    0.0    2.0    0.0    4.0    0.0    0.0    0.0    1.5    0.0    2.5    0.0    0.0    0.0    0.5    0.0    0.0    0.0    0.0    0.0    0.0    0.0    3.5
  601    0.0    0.0    0.0    0.0    1.0    1.5    0.0    0.0    0.5    1.0    3.5    0.0    0.0    0.0    0.0    0.0    0.0    0.0    0.0    0.0    0.0    0.0    1.0
  602    0.0    0.0    0.0    0.0    5.0    0.0    0.0    0.0    5.0    1.0    3.0    0.0    0.0    0.0    0.0    0.0    0.0    0.0    0.0    0.0    0.0    0.0    2.0
  603    0.0    0.0    0.0    0.0    5.0    0.0    0.0    0.0    5.0    1.0    3.0    0.0    0.0    0.0    0.0    0.0    0.0    0.0    0.0    0.0    0.0    0.0    2.0
  604    0.0    0.0    0.0    0.0    2.0    0.0    0.0    0.0    3.0    0.0    0.0    0.0    0.0    0.0    0.0    0.0    0.0    0.0    0.0    0.0    0.0    0.0    5.5
  605    0.0    0.0    0.0    0.0    1.0    0.0    0.0    0.0    0.0    0.0    1.0    0.0    0.0    0.0    0.0    0.0    0.0    0.0    0.0    0.0    0.0    2.0    8.0
  606    0.0    0.0    0.5    0.0    0.0    0.0    0.0    0.0    0.0    0.0    0.0    0.0    0.0    0.0    0.5    0.0    0.0    0.0    0.0    0.0    0.0    0.0    2.5
  610    0.0    0.0    0.0    0.0    0.0    0.0    0.0    0.0    0.0    0.0    2.0    0.0    0.0    0.0    0.0    0.0    0.0    0.0    0.0    0.0    0.0    1.0    4.0
  611    0.0    0.0    0.5    0.0    4.0    0.0    0.0    0.0    4.0    0.0    1.0    0.0    0.0    0.0    0.0    0.0    0.0    0.0    0.0    0.0    0.0    0.0    3.5
  612    0.0    0.0    0.0    1.5    1.5    0.0    0.0    0.0    1.0    0.0    0.0    0.0    0.0    0.0    0.0    0.0    0.0    0.0    0.0    0.0    0.0    1.5    4.5
  614    0.0    0.5    0.0    0.0    0.0    0.0    0.0    0.0    0.0    0.0    0.0    0.0    0.0    0.0    0.0    0.0    0.0    0.0    0.0    0.0    0.0    4.5    4.0
  615    0.0    0.0    0.0    1.5    1.5    0.0    0.0    0.0    1.0    0.0    0.0    0.0    0.0    0.0    0.0    0.0    0.0    0.0    0.0    0.0    0.0    1.5    4.5
  616    0.0    0.0    0.0    0.0    0.0    0.0    0.0    0.0    0.0    0.0    2.0    0.0    0.0    0.0    0.0    0.0    0.0    0.0    0.0    0.0    0.0    1.0    4.0
  617    0.0    0.0    0.5    0.0    4.0    0.0    0.0    0.0    4.0    0.0    1.0    0.0    0.0    0.0    0.0    0.0    0.0    0.0    0.0    0.0    0.0    0.0    3.5
  618    0.0    0.0    0.0    0.0    0.0    0.0    0.0    0.0    0.0    0.0    0.0    0.0    1.0    0.0    0.0    0.0    0.0    0.0    0.0    0.0    0.0    2.5    3.5
  619    0.0    0.0    0.0    0.0    6.0    0.0    0.0    0.0    3.0    0.0    3.5    0.0    0.0    0.0    0.0    0.0    0.0    0.0    0.0    0.0    0.0    0.0    1.0
  623    0.0    0.0    0.0    0.0    5.0    0.0    0.0    0.0    5.0    1.0    3.0    0.0    0.0    0.0    0.0    0.0    0.0    0.0    0.0    0.0    0.0    0.0    2.0
  624    0.0    0.0    0.0    0.0    5.0    0.0    0.0    0.0    5.0    1.0    3.0    0.0    0.0    0.0    0.0    0.0    0.0    0.0    0.0    0.0    0.0    0.0    2.0
  627    0.0    0.0    0.0    0.0    0.0    0.0    0.0    0.0    0.0    0.0    2.0    0.0    0.0    0.0    0.0    0.0    0.0    0.0    0.0    0.0    0.0    1.0    4.0
  628    0.0    0.0    0.0    0.0    0.0    0.0    0.0    0.0    0.0    0.0    2.0    0.0    0.0    0.0    0.0    0.0    0.0    0.0    0.0    0.0    0.0    1.0    4.0
  630    0.0    0.0    0.0    0.0    6.0    0.0    0.0    0.0    3.0    0.0    3.5    0.0    0.0    0.0    0.0    0.0    0.0    0.0    0.0    0.0    0.0    0.0    1.0
  634    0.0    0.0    0.5    0.0    4.0    0.0    0.0    0.0    4.0    0.0    1.0    0.0    0.0    0.0    0.0    0.0    0.0    0.0    0.0    0.0    0.0    0.0    3.5
  635    0.0    0.0    0.0    0.0    1.0    0.0    0.0    0.0    0.0    0.0    1.5    0.0    0.0    0.0    0.0    0.0    0.0    0.0    0.0    0.0    0.0    2.5    4.5
  636    0.0    0.0    0.0    1.5    1.5    0.0    0.0    0.0    1.0    0.0    0.0    0.0    0.0    0.0    0.0    0.0    0.0    0.0    0.0    0.0    0.0    1.5    4.5
  642    0.0    0.0    0.0    1.5    1.5    0.0    0.0    0.0    1.0    0.0    0.0    0.0    0.0    0.0    0.0    0.0    0.0    0.0    0.0    0.0    0.0    1.5    4.5
  652    0.0    0.0    2.0    0.0    4.0    0.0    0.0    0.0    1.5    0.0    2.5    0.0    0.0    0.0    0.5    0.0    0.0    0.0    0.0    0.0    0.0    0.0    3.5
   96    0.0    0.0    0.0    0.0    0.0    0.0    0.0    0.0    0.0    0.0    0.0    1.0    0.0    0.0    0.0    0.0    0.0    0.0    0.0    0.0    0.0    0.0    6.0
  661    0.0    0.0    0.0    0.0    0.0    0.0    0.0    0.0    2.0    5.0    4.5    1.5    0.0    0.0    0.0    0.0    0.0    0.0    0.0    0.0    0.0    0.0    5.5
  670    0.0    1.0    1.0    1.5    0.5    0.0    0.0    0.0    1.5    4.5    6.5    2.0    0.5    0.0    0.0    0.0    0.0    0.0    0.0    0.0    0.5    1.0    6.5
  671    0.0    1.0    1.0    1.5    0.5    0.0    0.0    0.0    1.5    4.5    6.5    2.0    0.5    0.0    0.0    0.0    0.0    0.0    0.0    0.0    0.5    1.0    6.5
  699    0.0    4.0    0.0    0.0    0.0    0.0    0.0    0.0    0.0    1.0    0.0    0.0    0.5    0.0    0.0    0.0    0.0    0.0    0.0    0.0    0.0   14.5   69.5
  701    0.0    0.0    0.0    0.0    1.0    0.0    0.0    0.0    0.0    0.0    1.0    0.0    0.0    0.0    0.0    0.0    0.0    0.0    0.0    0.0    0.0    2.0    8.0
  702    0.0    0.0    0.0    0.0    1.0    0.0    0.0    0.0    0.0    0.0    1.5    0.0    0.0    0.0    0.0    0.0    0.0    0.0    0.0    0.0    0.0    2.5    4.5
  703    0.0    0.0    0.0    0.0    0.5    0.0    0.5    0.0    0.0    0.0    0.0    0.0    0.0    0.0    0.0    0.0    0.0    0.0    0.0    0.0    0.0    7.5   30.0
  704    0.0    1.0    0.0    0.0    0.0    0.0    0.0    0.0    0.0    0.0    0.0    0.0    0.0    0.0    0.0    0.0    0.0    0.0    0.0    0.0    0.0    9.5   19.0
  706    0.0    1.0    0.0    0.0    0.0    0.0    0.0    0.0    0.0    0.0    0.0    0.0    0.0    0.0    0.0    0.0    0.0    0.0    0.0    0.0    0.0   10.5   43.0
  709    0.0    0.5    0.0    0.0    0.5    0.0    2.5    0.0    0.0    0.5    0.5    0.0    0.0    0.0    0.5    0.0    0.0    0.0    0.0    0.0    0.0    8.5   37.0
  710    0.0    4.0    0.0    0.0    0.0    0.0    0.0    0.0    0.0    1.0    0.0    0.0    0.5    0.0    0.0    0.0    0.0    0.0    0.0    0.0    0.0   14.5   69.5
  711    0.0    3.0    0.0    0.0    0.5    0.0    0.0    0.0    0.0    2.5    0.0    0.0    0.0    0.0    0.0    0.0    0.0    0.0    0.0    0.0    0.0    9.5   42.5
  712    0.0    1.5    0.0    0.0    0.0    0.0    0.0    0.0    0.0    5.0    0.0    0.0    0.0    0.0    0.0    0.0    0.0    0.0    0.0    0.0    0.0   10.0   29.0
  713    0.0    1.5    0.0    0.0    0.0    0.0    0.0    0.0    0.0    5.0    0.0    0.0    0.0    0.0    0.0    0.0    0.0    0.0    0.0    0.0    0.0   10.0   29.0
  727    5.0   27.5    3.0    0.0    0.0    0.0    0.0    0.0    1.0   38.0    2.5    0.0    0.0    0.0    0.0    0.0    0.0    5.0    2.5   23.0    4.5    4.0    1.5
  730    0.0    1.5    0.0    0.0    0.0    0.0    0.0    0.0    0.0    0.0    0.0    0.0    0.0    0.0    0.0    0.0    0.0    0.0    0.0    0.0    0.5    9.0   46.0
  731    0.0    4.0    0.0    0.0    0.0    0.0    0.0    0.0    0.0    1.0    0.0    0.0    0.5    0.0    0.0    0.0    0.0    0.0    0.0    0.0    0.0   14.5   69.5
  732    0.0    3.0    0.0    0.0    0.5    0.0    0.0    0.0    0.0    2.5    0.0    0.0    0.0    0.0    0.0    0.0    0.0    0.0    0.0    0.0    0.0    9.5   42.5
  733    0.0    0.0    0.0    0.0    1.0    0.0    0.0    0.0    0.0    0.0    1.5    0.0    0.0    0.0    0.0    0.0    0.0    0.0    0.0    0.0    0.0    2.5    4.5
  734    0.0    0.0    0.0    0.0    1.0    0.0    0.0    0.0    0.0    0.0    1.5    0.0    0.0    0.0    0.0    0.0    0.0    0.0    0.0    0.0    0.0    2.5    4.5
  736    0.0    0.5    0.0    0.0    0.0    0.0    0.0    0.0    0.0    0.0    0.0    0.0    0.0    0.0    0.0    0.0    0.0    0.0    0.0    0.0    0.0    4.5    4.0
  737    0.0    0.5    0.0    0.0    0.0    0.0    0.0    0.0    0.0    0.0    1.5    0.0    0.0    0.0    0.0    0.0    0.0    0.0    0.0    0.0    0.0    7.0   23.0
  738    0.0    1.0    0.0    0.0    0.0    0.0    0.0    0.0    0.0    0.0    0.0    0.0    0.0    0.0    0.0    0.0    0.0    0.0    0.0    0.0    0.0    9.5   19.0
  741    0.0    3.0    0.0    0.0    0.5    0.0    0.0    0.0    0.0    2.5    0.0    0.0    0.0    0.0    0.0    0.0    0.0    0.0    0.0    0.0    0.0    9.5   42.5
  745    0.0    4.0    0.0    0.0    0.0    0.0    0.0    0.0    0.0    1.0    0.0    0.0    0.5    0.0    0.0    0.0    0.0    0.0    0.0    0.0    0.0   14.5   69.5
  748    0.0    3.0    0.0    0.0    0.5    0.0    0.0    0.0    0.0    2.5    0.0    0.0    0.0    0.0    0.0    0.0    0.0    0.0    0.0    0.0    0.0    9.5   42.5
  751    5.0   27.5    3.0    0.0    0.0    0.0    0.0    0.0    1.0   38.0    2.5    0.0    0.0    0.0    0.0    0.0    0.0    5.0    2.5   23.0    4.5    4.0    1.5
  752    5.0   27.5    3.0    0.0    0.0    0.0    0.0    0.0    1.0   38.0    2.5    0.0    0.0    0.0    0.0    0.0    0.0    5.0    2.5   23.0    4.5    4.0    1.5
  754    0.0    4.0    0.0    0.0    0.0    0.0    0.0    0.0    0.0    1.0    0.0    0.0    0.5    0.0    0.0    0.0    0.0    0.0    0.0    0.0    0.0   14.5   69.5
  757    0.0    0.0    0.0    0.0    1.0    0.0    0.0    0.0    0.0    0.0    1.0    0.0    0.0    0.0    0.0    0.0    0.0    0.0    0.0    0.0    0.0    2.0    8.0
  762    0.0    0.5    0.0    0.0    0.0    0.0    0.0    0.0    0.0    0.0    1.5    0.0    0.0    0.0    0.0    0.0    0.0    0.0    0.0    0.0    0.0    7.0   23.0
  767    0.0    7.0    0.0    0.0    0.0    0.0    0.0    0.0    0.0   12.0    0.0    0.0    0.0    0.0    0.0    0.0    0.0    0.0    0.0    1.5    0.5   19.0   25.0
  768    0.0    1.0    0.0    0.0    0.0    0.0    0.0    0.0    0.0    0.0    0.0    0.0    0.0    0.0    0.0    0.0    0.0    0.0    0.0    0.0    0.0   10.5   43.0
  769    0.0    1.5    0.0    0.0    0.0    0.0    0.0    0.0    0.0    0.0    0.0    0.0    0.0    0.0    0.0    0.0    0.0    0.0    0.0    0.0    0.5    9.0   46.0
  771    0.5    5.0    0.0    0.0    0.0    0.0    0.0    0.0    0.0    0.5    0.0    0.0    0.0    0.0    0.0    0.0    0.0    0.5    0.0    0.0    0.0   14.5   59.5
  775    0.0    1.5    0.0    0.0    0.0    0.0    0.0    0.0    0.0    0.0    0.0    0.0    0.0    0.0    0.0    0.0    0.0    0.0    0.0    0.0    0.5    9.0   46.0
  779    6.5   30.0    1.5    0.0    0.0    0.0    0.0    0.0    1.5   41.0    1.0    0.0    0.0    0.0    0.0    0.0    0.0    5.5    1.5   24.0    2.0   15.5   15.0
  780    5.0   27.5    3.0    0.0    0.0    0.0    0.0    0.0    1.0   38.0    2.5    0.0    0.0    0.0    0.0    0.0    0.0    5.0    2.5   23.0    4.5    4.0    1.5
  789    0.0    4.0    0.0    0.0    0.0    0.0    0.0    0.0    0.0    1.0    0.0    0.0    0.5    0.0    0.0    0.0    0.0    0.0    0.0    0.0    0.0   14.5   69.5
  801    0.0    0.0    0.0    0.0    0.0    0.0    2.0    0.0    0.0    0.5    1.5    1.0    0.0    0.0    0.0    0.0    0.0    0.0    0.0    0.0    0.0    1.0    7.0
  803    0.0    0.0    0.0    0.0    0.0    0.0    0.0    0.0    0.0    1.5    1.0    0.0    0.0    0.0    0.0    0.0    0.0    0.0    0.0    0.0    0.0    0.5    5.5
  804    0.0    0.0    0.0    0.0    0.0    0.0    0.5    0.0    0.0    1.0    2.5    1.5    0.0    0.0    0.0    0.0    0.0    0.0    0.0    0.0    0.0    1.5    8.0
  810    0.0    0.0    0.0    0.0    0.5    0.0    0.5    0.0    0.0    0.5    0.5    0.0    0.0    0.0    0.0    0.0    0.0    0.0    0.0    0.0    0.0    2.0   13.5
  811    0.0    0.0    0.0    0.0    0.0    0.0    1.0    0.0    0.0    2.5    2.5    1.0    0.0    0.0    0.0    0.0    0.0    0.0    0.0    0.0    0.0    2.5   28.0
  812    0.0    0.0    0.0    0.0    0.5    0.0    1.5    0.0    0.0    0.0    0.0    0.0    0.0    0.0    0.0    0.0    0.0    0.0    0.0    0.0    0.0    4.5   35.0
  813    0.0    0.0    0.0    0.0    0.0    0.0    0.0    0.0    0.0    1.5    0.5    0.5    0.0    0.0    0.0    0.0    0.0    0.0    0.0    0.0    0.0    5.0   37.5
  815    0.0    0.0    0.0    0.0    3.0    0.0    0.0    0.0    0.0    1.0    1.0    0.0    0.0    0.0    0.0    0.0    0.0    0.0    0.0    0.0    0.0    0.0    2.5
  822    0.0    0.0    0.0    0.0    0.5    0.0    0.5    0.0    0.0    0.5    0.5    0.0    0.0    0.0    0.0    0.0    0.0    0.0    0.0    0.0    0.0    2.0   13.5
  823    0.0    0.0    0.0    0.0    0.0    0.0    0.0    0.0    0.0    1.5    1.0    0.0    0.0    0.0    0.0    0.0    0.0    0.0    0.0    0.0    0.0    0.5    5.5
  825    0.0    0.0    0.0    0.0    0.5    0.0    0.5    0.0    0.0    0.5    0.5    0.0    0.0    0.0    0.0    0.0    0.0    0.0    0.0    0.0    0.0    2.0   13.5
  827    0.0    0.0    0.0    0.0    0.0    0.0    0.5    0.0    0.0    2.5    1.5    1.0    0.0    0.0    0.0    0.0    0.0    0.0    0.0    0.0    0.0    1.5   25.5
  828    0.0    0.0    0.0    0.0    0.5    0.0    1.5    0.0    0.0    0.0    0.0    0.0    0.0    0.0    0.0    0.0    0.0    0.0    0.0    0.0    0.0    4.5   35.0
  832    0.0    0.0    0.0    0.0    1.5    0.0    0.0    0.0    0.0    0.0    0.0    0.0    0.0    0.0    0.0    0.0    0.0    0.0    0.0    0.0    0.0    0.0    6.0
  834    0.0    0.0    0.0    0.0    2.0    0.0    0.0    0.0    3.0    0.0    0.0    0.0    0.0    0.0    0.0    0.0    0.0    0.0    0.0    0.0    0.0    0.0    5.5
  836    0.0    0.0    0.0    0.0    0.0    0.0    0.0    0.0    0.0    1.5    1.0    0.0    0.0    0.0    0.0    0.0    0.0    0.0    0.0    0.0    0.0    0.5    5.5
  844    0.0    0.0    0.0    0.0    0.0    0.0    0.5    0.0    0.0    1.0    2.5    1.5    0.0    0.0    0.0    0.0    0.0    0.0    0.0    0.0    0.0    1.5    8.0
  850    0.0    0.0    0.0    0.0    0.0    0.0    0.0    0.0    0.0    3.5    1.0    1.0    0.0    0.0    0.0    0.0    0.0    0.0    0.0    0.0    0.0    6.0   36.0
  876    0.0    0.0    1.0    1.5    1.0    0.0    1.0    0.0    0.0    0.5    7.5    2.0    0.0    0.0    0.0    0.0    0.0    0.0    0.0    0.0    0.0    0.0    9.5
  877    0.0    0.0    1.5    0.0    2.0    0.0    0.0    0.0    3.5    1.0    3.0    0.0    0.0    0.0    0.0    0.0    0.0    0.0    0.0    0.0    0.0    0.0    0.0
  887    0.0    0.0    0.0    1.5    1.5    0.0    0.0    0.0    1.0    0.0    0.0    0.0    0.0    0.0    0.0    0.0    0.0    0.0    0.0    0.0    0.0    1.5    4.5
  900    0.0    0.0    0.0    0.0    0.0    0.0    0.0    0.0    0.0    3.5    1.0    1.0    0.0    0.0    0.0    0.0    0.0    0.0    0.0    0.0    0.0    6.0   36.0
  901    0.0    0.0    0.0    0.0    0.0    0.0    0.0    0.0    0.0    3.5    1.0    1.0    0.0    0.0    0.0    0.0    0.0    0.0    0.0    0.0    0.0    6.0   36.0
  907    0.0    1.5    0.0    0.0    0.0    0.0    0.0    0.0    0.0    7.5    0.5    0.0    0.0    0.0    0.0    0.0    0.0    0.0    0.0    0.0    0.0    7.5   26.0
  908    0.0    0.0    0.0    0.0    0.0    0.0    0.0    0.0    0.0    3.5    1.5    0.0    0.0    0.0    0.0    0.0    0.0    0.0    0.0    0.0    0.0    3.5   23.5
  909    0.0    1.0    0.0    0.0    0.0    0.0    0.0    0.0    0.0    8.5    3.0    0.5    0.0    0.0    0.0    0.0    0.0    0.0    0.0    0.0    0.0    6.5   22.0
  912    0.0    0.0    0.0    0.0    0.5    0.0    0.5    0.0    0.0    0.0    0.0    0.0    0.0    0.0    0.0    0.0    0.0    0.0    0.0    0.0    0.0    7.5   30.0
  915    0.0    1.0    0.0    0.0    0.0    0.0    1.0    0.0    0.0    1.5    1.0    0.0    0.0    0.0    0.0    0.0    0.0    0.0    0.0    0.0    0.0    5.5   28.0
  917    0.0    1.5    0.0    0.0    0.0    0.0    0.0    0.0    0.0    7.5    0.5    0.0    0.0    0.0    0.0    0.0    0.0    0.0    0.0    0.0    0.0    7.5   26.0
  918    0.0    1.5    0.0    0.0    0.0    0.0    0.0    0.0    0.0    7.5    0.5    0.0    0.0    0.0    0.0    0.0    0.0    0.0    0.0    0.0    0.0    7.5   26.0
  919    0.0    0.0    0.0    0.0    0.5    0.0    1.5    0.0    0.0    0.0    0.0    0.0    0.0    0.0    0.0    0.0    0.0    0.0    0.0    0.0    0.0    4.5   35.0
  920    0.0    1.0    0.0    0.0    0.0    0.0    1.0    0.0    0.0    1.5    1.0    0.0    0.0    0.0    0.0    0.0    0.0    0.0    0.0    0.0    0.0    5.5   28.0
  923    0.0    0.0    0.0    0.0    0.0    0.0    0.0    0.0    0.0    6.5    3.0    0.5    0.0    0.0    0.0    0.0    0.0    0.0    0.0    0.0    0.0    5.0   29.0
  932    0.0    0.5    0.0    0.0    0.5    0.0    2.5    0.0    0.0    0.5    0.5    0.0    0.0    0.0    0.5    0.0    0.0    0.0    0.0    0.0    0.0    8.5   37.0
  936    0.0    1.0    0.0    0.0    0.0    0.0    1.0    0.0    0.0    1.5    1.0    0.0    0.0    0.0    0.0    0.0    0.0    0.0    0.0    0.0    0.0    5.5   28.0
  940    0.0    0.0    0.0    0.0    0.0    0.0    0.0    0.0    0.0    3.5    1.5    0.0    0.0    0.0    0.0    0.0    0.0    0.0    0.0    0.0    0.0    3.5   23.5
  946    0.0    0.0    0.0    0.0    0.5    0.0    0.5    0.0    0.0    0.0    0.0    0.0    0.0    0.0    0.0    0.0    0.0    0.0    0.0    0.0    0.0    7.5   30.0
  790    0.0    5.0    0.0    0.0    0.0    0.0    0.0    0.0    0.0   16.5    0.5    0.0    0.0    0.0    0.0    0.0    0.0    0.0    0.0    1.0    1.0    9.0   23.0
10111    0.0    0.0    0.0    2.5    5.0    0.0    0.0    0.0    3.5    0.0    1.5    0.0    0.0    0.0    0.0    0.0    0.0    0.0    0.0    0.0    0.0    0.0    0.5
10112    0.0    0.0    0.0    2.5    5.0    0.0    0.0    0.0    3.5    0.0    1.5    0.0    0.0    0.0    0.0    0.0    0.0    0.0    0.0    0.0    0.0    0.0    0.5
10121    0.0    0.0    0.0    0.0    0.0    0.0    0.0    0.0    2.0    5.0    4.0    1.0    0.0    0.0    0.0    0.0    2.5    0.0    0.0    0.0    0.0    0.0    4.5
10122    0.0    0.0    0.0    0.0    0.0    0.0    0.0    0.0    2.0    5.0    4.0    1.0    0.0    0.0    0.0    0.0    2.5    0.0    0.0    0.0    0.0    0.0    4.5
10131    0.0    0.0    0.0    0.0    0.0    0.0    0.0    0.0    1.5    1.0    7.5    1.0    0.0    0.0    0.0    0.0    0.0    0.0    0.0    0.0    0.0    0.0    4.5
10132    0.0    0.0    0.0    0.0    0.0    0.0    0.0    0.0    1.5    1.0    7.5    1.0    0.0    0.0    0.0    0.0    0.0    0.0    0.0    0.0    0.0    0.0    4.5
10141    0.0    0.0    1.0    0.0    0.0    1.5    0.0    0.0    1.5    0.0    7.0    0.0    0.0    0.0    0.0    0.0    0.0    0.0    0.0    0.0    0.0    0.0    0.5
10142    0.0    0.0    1.0    0.0    0.0    1.5    0.0    0.0    1.5    0.0    7.0    0.0    0.0    0.0    0.0    0.0    0.0    0.0    0.0    0.0    0.0    0.0    0.5
10151    0.0    0.0    0.0    1.5    1.5    0.0    0.0    0.0    1.0    0.0    0.0    0.0    0.0    0.0    0.0    0.0    0.0    0.0    0.0    0.0    0.0    1.5    4.5
10152    0.0    0.0    0.0    1.5    1.5    0.0    0.0    0.0    1.0    0.0    0.0    0.0    0.0    0.0    0.0    0.0    0.0    0.0    0.0    0.0    0.0    1.5    4.5
10161    0.0    0.0    0.0    0.0    2.0    0.0    0.0    0.0    3.0    0.0    0.0    0.0    0.0    0.0    0.0    0.0    0.0    0.0    0.0    0.0    0.0    0.0    5.5
10162    0.0    0.0    0.0    0.0    2.0    0.0    0.0    0.0    3.0    0.0    0.0    0.0    0.0    0.0    0.0    0.0    0.0    0.0    0.0    0.0    0.0    0.0    5.5
10171    0.0    0.0    0.0    0.0    3.0    0.0    0.0    0.0    0.0    1.0    1.0    0.0    0.0    0.0    0.0    0.0    0.0    0.0    0.0    0.0    0.0    0.0    2.5
10172    0.0    0.0    0.0    0.0    3.0    0.0    0.0    0.0    0.0    1.0    1.0    0.0    0.0    0.0    0.0    0.0    0.0    0.0    0.0    0.0    0.0    0.0    2.5
10181    0.0    4.0    0.0    0.0    0.0    0.0    0.0    0.0    0.0    1.0    0.0    0.0    0.5    0.0    0.0    0.0    0.0    0.0    0.0    0.0    0.0   14.5   69.5
10182    0.0    4.0    0.0    0.0    0.0    0.0    0.0    0.0    0.0    1.0    0.0    0.0    0.5    0.0    0.0    0.0    0.0    0.0    0.0    0.0    0.0   14.5   69.5
10192    0.0    0.5    0.0    0.0    0.5    0.0    2.5    0.0    0.0    0.5    0.5    0.0    0.0    0.0    0.5    0.0    0.0    0.0    0.0    0.0    0.0    8.5   37.0
10201    0.0    0.5    0.0    0.0    0.0    0.0    0.0    0.0    0.0    0.0    1.5    0.0    0.0    0.0    0.0    0.0    0.0    0.0    0.0    0.0    0.0    7.0   23.0
10202    0.0    0.5    0.0    0.0    0.0    0.0    0.0    0.0    0.0    0.0    1.5    0.0    0.0    0.0    0.0    0.0    0.0    0.0    0.0    0.0    0.0    7.0   23.0
10211    0.0    0.0    0.0    0.0    1.0    0.0    0.0    0.0    0.0    0.0    1.0    0.0    0.0    0.0    0.0    0.0    0.0    0.0    0.0    0.0    0.0    2.0    8.0
10212    0.0    0.0    0.0    0.0    0.5    0.0    0.5    0.0    0.0    0.0    0.0    0.0    0.0    0.0    0.0    0.0    0.0    0.0    0.0    0.0    0.0    7.5   30.0
10221    0.0    0.0    0.0    0.0    0.0    0.0    0.5    0.0    0.0    1.0    2.5    1.5    0.0    0.0    0.0    0.0    0.0    0.0    0.0    0.0    0.0    1.5    8.0
10222    0.0    0.0    0.0    0.0    0.0    0.0    0.5    0.0    0.0    1.0    2.5    1.5    0.0    0.0    0.0    0.0    0.0    0.0    0.0    0.0    0.0    1.5    8.0
10231    0.0    0.5    0.0    0.0    0.5    0.0    2.5    0.0    0.0    0.5    0.5    0.0    0.0    0.0    0.5    0.0    0.0    0.0    0.0    0.0    0.0    8.5   37.0
10232    0.0    0.5    0.0    0.0    0.5    0.0    2.5    0.0    0.0    0.5    0.5    0.0    0.0    0.0    0.5    0.0    0.0    0.0    0.0    0.0    0.0    8.5   37.0
10241    0.0    0.0    0.0    0.0    3.0    0.0    0.0    0.0    0.0    1.0    1.0    0.0    0.0    0.0    0.0    0.0    0.0    0.0    0.0    0.0    0.0    0.0    2.5
10242    0.0    0.0    0.0    0.0    1.0    1.5    0.0    0.0    0.5    1.0    3.5    0.0    0.0    0.0    0.0    0.0    0.0    0.0    0.0    0.0    0.0    0.0    1.0
10251    0.0    0.0    0.0    0.0    0.5    0.0    0.5    0.0    0.0    0.5    0.5    0.0    0.0    0.0    0.0    0.0    0.0    0.0    0.0    0.0    0.0    2.0   13.5
10252    0.0    0.0    0.0    0.0    0.5    0.0    1.5    0.0    0.0    0.0    0.0    0.0    0.0    0.0    0.0    0.0    0.0    0.0    0.0    0.0    0.0    4.5   35.0
10261    5.0   27.5    3.0    0.0    0.0    0.0    0.0    0.0    1.0   38.0    2.5    0.0    0.0    0.0    0.0    0.0    0.0    5.0    2.5   23.0    4.5    4.0    1.5
10262    5.0   27.5    3.0    0.0    0.0    0.0    0.0    0.0    1.0   38.0    2.5    0.0    0.0    0.0    0.0    0.0    0.0    5.0    2.5   23.0    4.5    4.0    1.5
10272    5.0   27.5    3.0    0.0    0.0    0.0    0.0    0.0    1.0   38.0    2.5    0.0    0.0    0.0    0.0    0.0    0.0    5.0    2.5   23.0    4.5    4.0    1.5
10281    0.0    1.0    0.0    0.0    0.0    0.0    0.0    0.0    0.0    0.0    0.0    0.0    0.0    0.0    0.0    0.0    0.0    0.0    0.0    0.0    0.0   10.5   43.0
10282    0.0    1.0    0.0    0.0    0.0    0.0    0.0    0.0    0.0    0.0    0.0    0.0    0.0    0.0    0.0    0.0    0.0    0.0    0.0    0.0    0.0   10.5   43.0
20111    0.0    0.0    0.0    0.0    0.0    0.0    0.0    0.0    1.0    3.0    1.5    0.0    0.0    0.0    0.0    0.0    0.0    0.0    0.0    0.0    0.0    0.0    0.5
20121    0.0    0.0    0.0    2.5    5.0    0.0    0.0    0.0    3.5    0.0    1.5    0.0    0.0    0.0    0.0    0.0    0.0    0.0    0.0    0.0    0.0    0.0    0.5
20131    0.0    0.0    0.0    2.5    5.0    0.0    0.0    0.0    3.5    0.0    1.5    0.0    0.0    0.0    0.0    0.0    0.0    0.0    0.0    0.0    0.0    0.0    0.5
20141    0.0    0.0    0.0    0.0    0.0    1.5    1.0    0.0    0.0    0.0    4.0    0.0    0.0    0.0    1.0    0.0    0.0    0.0    0.0    0.0    0.0    0.0    3.0
20151    0.0    0.0    0.0    1.5    1.5    0.0    0.0    0.0    1.0    0.0    0.0    0.0    0.0    0.0    0.0    0.0    0.0    0.0    0.0    0.0    0.0    1.5    4.5
20161    0.0    0.0    0.0    0.0    1.0    0.0    0.0    0.0    0.0    0.0    1.5    0.0    0.0    0.0    0.0    0.0    0.0    0.0    0.0    0.0    0.0    2.5    4.5
20171    0.0    0.0    0.0    0.0    0.5    0.0    0.5    0.0    0.0    0.0    0.0    0.0    0.0    0.0    0.0    0.0    0.0    0.0    0.0    0.0    0.0    7.5   30.0
20181    0.0    0.5    0.0    0.0    0.0    0.0    0.0    0.0    0.0    0.0    1.5    0.0    0.0    0.0    0.0    0.0    0.0    0.0    0.0    0.0    0.0    7.0   23.0
20191    0.0    1.0    0.0    0.0    0.0    0.0    0.0    0.0    0.0    0.0    0.0    0.0    0.0    0.0    0.0    0.0    0.0    0.0    0.0    0.0    0.0    9.5   19.0
20201    0.0    1.0    0.0    0.0    0.0    0.0    0.0    0.0    0.0    0.0    0.0    0.0    0.0    0.0    0.0    0.0    0.0    0.0    0.0    0.0    0.0   10.5   43.0
20211    0.0    3.0    0.0    0.0    0.5    0.0    0.0    0.0    0.0    2.5    0.0    0.0    0.0    0.0    0.0    0.0    0.0    0.0    0.0    0.0    0.0    9.5   42.5
20221    0.0    5.0    0.0    0.0    0.0    0.0    0.0    0.0    0.0   16.5    0.5    0.0    0.0    0.0    0.0    0.0    0.0    0.0    0.0    1.0    1.0    9.0   23.0
20231    0.0    9.0    0.0    0.0    0.0    0.0    0.0    0.0    0.0    8.5    0.0    0.0    0.5    0.0    0.0    0.0    0.0    0.0    0.0    1.5    1.5   23.5   57.5
20241    0.0    9.0    0.0    0.0    0.0    0.0    0.0    0.0    0.0    8.5    0.0    0.0    0.5    0.0    0.0    0.0    0.0    0.0    0.0    1.5    1.5   23.5   57.5
20251    0.0    0.0    0.0    0.0    0.0    0.0    0.0    0.0    0.0    1.5    0.5    0.5    0.0    0.0    0.0    0.0    0.0    0.0    0.0    0.0    0.0    5.0   37.5
20261    0.0    0.0    0.0    0.0    0.0    0.0    0.5    0.0    0.0    1.0    1.0    0.0    0.0    0.0    0.5    0.0    0.0    0.0    0.0    0.0    0.0    0.0    3.0
20271    0.0    0.0    0.0    0.0    0.5    0.0    0.5    0.0    0.0    0.5    0.5    0.0    0.0    0.0    0.0    0.0    0.0    0.0    0.0    0.0    0.0    2.0   13.5
20281    0.0    0.0    0.0    0.0    0.5    0.0    0.5    0.0    0.0    0.5    0.5    0.0    0.0    0.0    0.0    0.0    0.0    0.0    0.0    0.0    0.0    2.0   13.5
20291    0.0    0.0    0.0    0.0    0.0    0.0    0.5    0.0    0.0    2.5    1.5    1.0    0.0    0.0    0.0    0.0    0.0    0.0    0.0    0.0    0.0    1.5   25.5
20301    0.0    1.0    0.0    0.0    0.0    0.0    1.0    0.0    0.0    1.5    1.0    0.0    0.0    0.0    0.0    0.0    0.0    0.0    0.0    0.0    0.0    5.5   28.0
30111    0.0    0.0    0.0    2.5    5.0    0.0    0.0    0.0    3.5    0.0    1.5    0.0    0.0    0.0    0.0    0.0    0.0    0.0    0.0    0.0    0.0    0.0    0.5
30121    0.0    0.0    0.0    0.0    0.0    0.0    0.0    0.0    1.0    3.0    1.5    0.0    0.0    0.0    0.0    0.0    0.0    0.0    0.0    0.0    0.0    0.0    0.5
30131    0.0    1.0    0.0    0.0    0.0    1.5    1.5    0.0    3.0    5.0    8.0    0.0    0.0    0.0    0.0    0.0    0.0    0.0    0.0    0.0    0.0    0.0    1.5
30141    0.0    0.0    0.0    0.0    0.5    0.0    0.5    0.0    0.0    0.0    0.0    0.0    0.0    0.0    0.0    0.0    0.0    0.0    0.0    0.0    0.0    7.5   30.0
30151    0.0    1.0    0.0    0.0    0.0    0.0    0.0    0.0    0.0    0.0    0.0    0.0    0.0    0.0    0.0    0.0    0.0    0.0    0.0    0.0    0.0   10.5   43.0
30161    0.0    0.0    0.0    0.0    0.5    0.0    1.5    0.0    0.0    0.0    0.0    0.0    0.0    0.0    0.0    0.0    0.0    0.0    0.0    0.0    0.0    4.5   35.0
30171    0.0    0.0    0.0    0.0    0.0    0.0    0.0    0.0    0.0    1.5    0.5    0.5    0.0    0.0    0.0    0.0    0.0    0.0    0.0    0.0    0.0    5.0   37.5
30181    0.0    0.0    0.0    0.0    0.0    0.0    0.0    0.0    0.0    1.5    0.5    0.5    0.0    0.0    0.0    0.0    0.0    0.0    0.0    0.0    0.0    5.0   37.5
30191    0.0    0.0    0.0    0.0    0.0    0.0    0.0    0.0    0.0    1.5    0.5    0.5    0.0    0.0    0.0    0.0    0.0    0.0    0.0    0.0    0.0    5.0   37.5
30201    0.0    0.0    0.0    0.0    0.5    0.0    0.5    0.0    0.0    0.0    0.0    0.0    0.0    0.0    0.0    0.0    0.0    0.0    0.0    0.0    0.0    7.5   30.0
30211    0.0    0.0    0.0    0.0    0.5    0.0    1.5    0.0    0.0    0.0    0.0    0.0    0.0    0.0    0.0    0.0    0.0    0.0    0.0    0.0    0.0    4.5   35.0
30221    0.0    0.5    0.0    0.0    0.5    0.0    2.5    0.0    0.0    0.5    0.5    0.0    0.0    0.0    0.5    0.0    0.0    0.0    0.0    0.0    0.0    8.5   37.0
30231    0.0    1.0    0.0    0.0    0.0    0.0    1.0    0.0    0.0    1.5    1.0    0.0    0.0    0.0    0.0    0.0    0.0    0.0    0.0    0.0    0.0    5.5   28.0
30241    0.0    0.5    0.0    0.0    0.5    0.0    2.5    0.0    0.0    0.5    0.5    0.0    0.0    0.0    0.5    0.0    0.0    0.0    0.0    0.0    0.0    8.5   37.0
30251    0.0    1.5    0.0    0.0    0.0    0.0    0.0    0.0    0.0    5.0    0.0    0.0    0.0    0.0    0.0    0.0    0.0    0.0    0.0    0.0    0.0   10.0   29.0
40111    0.0    0.0    2.0    0.0    4.0    0.0    0.0    0.0    1.5    0.0    2.5    0.0    0.0    0.0    0.5    0.0    0.0    0.0    0.0    0.0    0.0    0.0    3.5
40121    0.0    0.0    2.0    0.0    4.0    0.0    0.0    0.0    1.5    0.0    2.5    0.0    0.0    0.0    0.5    0.0    0.0    0.0    0.0    0.0    0.0    0.0    3.5
40131    0.0    0.0    2.0    0.0    4.0    0.0    0.0    0.0    1.5    0.0    2.5    0.0    0.0    0.0    0.5    0.0    0.0    0.0    0.0    0.0    0.0    0.0    3.5
40141    0.0    0.0    1.5    0.0    2.0    0.0    0.0    0.0    3.5    1.0    3.0    0.0    0.0    0.0    0.0    0.0    0.0    0.0    0.0    0.0    0.0    0.0    0.0
40151    0.0    0.0    0.0    2.5    5.0    0.0    0.0    0.0    3.5    0.0    1.5    0.0    0.0    0.0    0.0    0.0    0.0    0.0    0.0    0.0    0.0    0.0    0.5
40161    0.0    0.0    0.0    0.0    0.0    0.0    0.0    0.0    0.0    0.5    0.5    0.0    1.0    0.0    0.0    0.0    0.0    0.0    0.0    0.0    0.0    0.0    2.0
40171    0.0    0.0    0.0    0.0    0.0    0.0    0.0    0.0    1.5    4.5    3.0    0.0    0.0    0.0    1.5    0.0    0.0    0.0    0.0    0.0    0.0    0.0    1.5
40181    0.0    0.0    0.0    0.0    0.0    0.0    0.0    0.0    1.0    3.0    1.5    0.0    0.0    0.0    0.0    0.0    0.0    0.0    0.0    0.0    0.0    0.0    0.5
40191    0.0    0.0    0.0    0.0    0.0    0.0    0.0    0.0    1.0    3.0    1.5    0.0    0.0    0.0    0.0    0.0    0.0    0.0    0.0    0.0    0.0    0.0    0.5
40201    0.0    0.0    1.0    0.0    0.0    1.5    0.0    0.0    1.5    0.0    7.0    0.0    0.0    0.0    0.0    0.0    0.0    0.0    0.0    0.0    0.0    0.0    0.5
40211    0.0    0.0    0.0    0.0    0.0    0.0    4.5    0.0    1.0    0.0    5.5    1.0    0.0    0.0    0.0    0.0    1.0    0.0    0.0    0.0    0.0    0.0    4.0
40221    0.0    0.0    0.0    0.0    0.0    0.0    4.5    0.0    1.0    0.0    5.5    1.0    0.0    0.0    0.0    0.0    1.0    0.0    0.0    0.0    0.0    0.0    4.0
40231    0.0    0.0    0.0    0.0    0.0    0.0    4.5    0.0    1.0    0.0    5.5    1.0    0.0    0.0    0.0    0.0    1.0    0.0    0.0    0.0    0.0    0.0    4.0
40241    0.0    0.0    0.5    0.0    4.0    0.0    0.0    0.0    4.0    0.0    1.0    0.0    0.0    0.0    0.0    0.0    0.0    0.0    0.0    0.0    0.0    0.0    3.5
40251    0.0    0.0    0.0    0.0    1.0    0.0    0.0    0.0    0.0    0.0    1.0    0.0    0.0    0.0    0.0    0.0    0.0    0.0    0.0    0.0    0.0    2.0    8.0
40262    0.0    0.5    0.0    0.0    0.5    0.0    2.5    0.0    0.0    0.5    0.5    0.0    0.0    0.0    0.5    0.0    0.0    0.0    0.0    0.0    0.0    8.5   37.0
40271    0.0    0.5    0.0    0.0    0.5    0.0    2.5    0.0    0.0    0.5    0.5    0.0    0.0    0.0    0.5    0.0    0.0    0.0    0.0    0.0    0.0    8.5   37.0
40281    0.0    9.0    0.0    0.0    0.0    0.0    0.0    0.0    0.0    8.5    0.0    0.0    0.5    0.0    0.0    0.0    0.0    0.0    0.0    1.5    1.5   23.5   57.5
40291    0.0    0.0    0.0    0.5    0.0    0.0    0.0    0.0    0.0    0.0    0.0    0.0    0.0    0.0    0.0    0.0    0.0    0.0    0.0    0.0    0.0    0.0    6.5
40301    0.0    0.0    0.0    0.0    0.0    0.0    2.0    0.0    0.0    0.5    1.5    1.0    0.0    0.0    0.0    0.0    0.0    0.0    0.0    0.0    0.0    1.0    7.0
40311    0.0    0.0    0.0    0.0    0.0    0.0    0.0    0.0    0.0    3.5    1.0    1.0    0.0    0.0    0.0    0.0    0.0    0.0    0.0    0.0    0.0    6.0   36.0
40321    0.0    0.0    0.0    0.0    0.0    0.0    0.0    0.0    0.0    3.5    1.5    0.0    0.0    0.0    0.0    0.0    0.0    0.0    0.0    0.0    0.0    3.5   23.5
40331    0.0    0.5    0.0    0.0    0.5    0.0    2.5    0.0    0.0    0.5    0.5    0.0    0.0    0.0    0.5    0.0    0.0    0.0    0.0    0.0    0.0    8.5   37.0
40341    0.0    0.0    0.0    0.0    0.0    0.0    0.0    0.0    0.0    3.5    1.5    0.0    0.0    0.0    0.0    0.0    0.0    0.0    0.0    0.0    0.0    3.5   23.5
40351    0.0    0.0    0.0    0.0    0.0    0.0    0.0    0.0    0.0    6.5    3.0    0.5    0.0    0.0    0.0    0.0    0.0    0.0    0.0    0.0    0.0    5.0   29.0
40361    0.0    0.0    0.0    0.0    0.0    0.0    0.0    0.0    0.0    3.5    1.5    0.0    0.0    0.0    0.0    0.0    0.0    0.0    0.0    0.0    0.0    3.5   23.5
