2014061600+000HOUR     2014061609LST
STNID    21H    45H    69H    93H   117H   141H   165H   189H   213H   237H   261H   285H
STNID 061706 061806 061906 062006 062106 062206 062306 062406 062506 062606 062706 062806LST
47008   12.9   11.9   11.7   12.8   15.1   16.6   16.1   19.6   18.4   13.0   12.7   13.8
47014   16.4   17.6   13.9   13.8   15.3   15.0   14.9   14.2   15.1   14.5   16.0   17.0
47041   15.3   14.7   14.9   14.1   16.8   14.7   16.5   18.6   17.1   17.3   17.1   18.0
47058   18.7   19.9   18.0   18.6   21.3   18.9   19.2   19.0   19.8   19.3   19.2   19.6
47069   19.7   21.1   18.5   19.9   23.1   19.9   20.9   21.7   21.0   17.6   21.5   20.4
47070   18.6   18.4   18.4   17.9   19.2   17.1   17.5   20.5   19.0   19.6   20.9   20.7
47090   16.4   17.0   16.6   15.2   17.3   17.6   16.5   21.0   21.9   17.9   17.5   19.4
47095   17.6   18.3   17.7   17.0   18.0   15.5   16.4   16.9   19.1   18.2   19.6   20.5
47098   17.6   18.3   18.5   17.5   18.6   15.9   16.3   18.8   18.8   18.0   20.3   20.3
47099   17.8   17.3   18.1   17.7   19.3   17.3   16.9   18.8   19.1   18.9   20.4   20.2
47100   13.8   11.6   14.1   11.1   11.7   12.1   10.1   11.6   15.6   13.8   14.4   16.8
47101   19.3   18.3   18.8   17.0   18.3   16.5   17.0   19.6   19.6   19.4   20.7   21.0
47102   17.4   16.4   16.8   16.2   16.7   17.0   14.9   20.0   18.5   16.8   17.9   16.6
47104   18.0   16.4   16.5   14.0   16.4   16.9   16.8   20.5   22.0   20.3   18.3   19.2
47105   18.7   16.8   17.5   14.7   17.7   18.2   16.7   22.7   22.8   20.6   19.9   19.4
47106   17.5   16.6   16.8   15.5   16.5   17.0   16.4   20.3   21.7   19.2   19.0   19.6
47108   20.4   20.2   19.5   18.3   21.2   19.4   18.3   22.3   21.9   19.7   20.6   21.7
47112   18.5   17.3   17.6   17.7   22.8   18.9   19.1   20.7   21.1   19.9   21.5   22.8
47114   19.3   19.5   18.8   19.1   18.5   17.7   18.0   21.0   18.3   19.1   17.9   20.4
47115   18.4   16.7   17.2   14.3   15.0   15.4   16.0   17.9   20.0   19.9   19.5   17.5
47119   19.3   17.4   17.7   18.2   21.7   19.8   16.5   20.6   21.1   20.7   21.2   20.2
47121   18.2   17.4   17.5   17.3   15.8   17.8   13.1   16.6   17.8   19.1   18.3   19.8
47127   19.0   19.1   17.9   19.0   18.0   18.9   17.1   18.3   20.5   16.9   18.1   20.8
47129   16.8   16.4   17.3   17.4   20.0   16.8   15.9   20.0   21.1   19.3   19.8   19.3
47130   18.4   16.2   17.3   15.7   16.2   16.7   17.3   17.9   21.4   18.2   16.6   17.5
47131   20.1   19.9   18.9   20.0   20.9   18.0   18.1   20.6   21.6   20.8   21.5   21.9
47133   20.0   19.3   19.0   19.7   20.7   18.1   19.2   20.4   21.4   20.6   20.9   21.6
47135   18.2   17.8   17.1   17.9   17.0   16.4   16.0   16.9   18.8   18.2   17.8   19.6
47136   19.4   18.6   19.1   19.0   17.3   17.9   15.8   19.0   19.8   19.4   19.1   19.9
47137   20.0   18.8   19.6   19.0   16.8   16.4   15.6   18.8   20.0   20.1   19.0   20.3
47138   21.4   20.1   21.9   18.6   19.2   17.8   18.7   20.1   22.9   22.5   20.9   21.0
47140   18.4   17.8   17.8   17.9   19.9   17.0   16.0   18.6   19.8   19.1   19.0   21.3
47143   21.6   20.5   22.3   21.2   19.2   17.2   16.1   20.8   22.0   21.9   21.1   20.7
47146   19.2   18.4   18.0   19.6   21.4   18.0   16.6   18.6   19.0   19.0   21.5   21.2
47152   19.9   17.9   19.9   19.1   18.8   17.2   16.6   17.9   21.9   20.4   19.2   19.6
47155   19.4   19.0   20.6   20.1   17.1   18.7   18.8   20.2   21.1   20.8   21.6   18.8
47156   19.5   19.2   19.0   20.8   20.6   18.6   16.2   20.4   20.2   20.2   21.4   21.2
47159   19.6   19.7   20.1   19.9   20.4   19.0   18.4   20.6   22.6   20.9   20.0   19.0
47162   19.5   18.3   18.5   18.4   16.9   19.1   17.6   19.3   20.0   19.3   20.2   18.2
47165   18.7   18.4   17.2   19.0   19.3   18.8   15.7   20.1   19.3   20.1   21.4   21.7
47168   20.4   19.2   19.3   20.3   20.2   19.2   18.3   20.9   20.8   20.5   21.3   20.1
47169   19.1   17.5   17.1   18.6   17.4   17.4   17.3   20.5   19.2   19.1   19.3   20.5
47170   19.3   18.0   18.6   18.6   18.9   19.4   16.4   19.4   19.7   20.8   22.0   21.6
47172   18.2   16.3   17.2   18.3   20.2   17.5   16.3   18.1   19.4   19.3   21.3   22.1
47174   17.6   16.5   16.1   18.7   16.4   15.9   13.5   14.4   16.8   17.5   17.3   19.0
47175   16.9   14.8   15.9   16.7   16.4   15.0   15.3   18.9   17.5   18.1   19.3   19.5
47184   18.5   18.7   19.8   18.9   19.5   22.1   19.0   22.2   21.2   21.0   21.6   22.8
47185   18.0   18.5   19.5   19.5   19.4   20.6   18.2   21.3   20.3   19.6   21.4   22.2
47188   18.0   18.4   19.1   18.4   18.6   19.5   20.4   20.3   18.2   19.0   19.0   21.2
47189   19.1   19.8   20.2   19.8   19.7   21.2   20.3   21.3   20.0   20.0   20.8   22.1
47192   19.3   17.1   18.0   19.1   16.9   15.9   16.6   17.6   16.9   18.6   19.2   17.8
   96   19.6   19.3   17.8   17.3   18.9   18.0   17.5   18.4   21.4   20.9   21.1   20.2
