2014061600+000HOUR     2014061609LST
STNID    15H    27H    39H    51H    63H    75H    87H    99H   111H   123H   135H   147H   159H   171H   183H   195H   207H   219H   231H   243H   255H   267H   279H
STNID 061700 061712 061800 061812 061900 061912 062000 062012 062100 062112 062200 062212 062300 062312 062400 062412 062500 062512 062600 062612 062700 062712 062800LST
47003   10.0   55.0   40.0   65.0   40.0   45.0   15.0   25.0   25.0   35.0   25.0   20.0    5.0    5.0   10.0   15.0   15.0   20.0   10.0   20.0   20.0   25.0   20.0
47005   10.0   45.0   50.0   70.0   70.0   60.0   45.0   45.0   45.0   35.0   35.0   25.0   30.0   25.0   35.0   20.0   35.0   35.0   40.0   30.0   40.0   30.0   25.0
47008   35.0   55.0   40.0   65.0   45.0   50.0   35.0   45.0   45.0   40.0   30.0   25.0   10.0   10.0    5.0    5.0   15.0   15.0   20.0   20.0   30.0   25.0   35.0
47014   35.0   55.0   75.0   75.0   75.0   60.0   60.0   55.0   50.0   40.0   45.0   35.0   25.0   25.0   45.0   25.0   45.0   30.0   45.0   30.0   35.0   15.0   25.0
47016   15.0   35.0   55.0   45.0   55.0   50.0   45.0   45.0   50.0   40.0   45.0   40.0   30.0   15.0   30.0   15.0   45.0   35.0   45.0   20.0   35.0   15.0   25.0
47020   40.0   60.0   75.0   65.0   85.0   65.0   55.0   45.0   45.0   40.0   55.0   40.0   50.0   25.0   45.0   15.0   40.0   20.0   40.0   35.0   35.0   10.0   20.0
47022   35.0   55.0   75.0   65.0   70.0   50.0   50.0   45.0   55.0   45.0   50.0   20.0   30.0   10.0   35.0   15.0   45.0   20.0   45.0   15.0   35.0   15.0   25.0
47025    5.0   20.0   10.0   30.0   25.0   45.0   30.0   40.0   45.0   50.0   45.0   25.0    5.0    5.0    5.0   10.0   10.0   10.0   15.0    5.0   15.0   20.0   15.0
47028   20.0   40.0   45.0   25.0   50.0   40.0   45.0   40.0   45.0   40.0   45.0   40.0   40.0   15.0   20.0    5.0   25.0   30.0   25.0   20.0   10.0   15.0   20.0
47031   40.0   65.0   75.0   45.0   75.0   40.0   50.0   35.0   50.0   40.0   35.0   30.0   45.0   10.0   35.0   15.0   35.0   15.0   45.0   15.0   25.0   10.0   20.0
47035    5.0   30.0    5.0   15.0   25.0   40.0   35.0   30.0   40.0   40.0   40.0   30.0   25.0   10.0   10.0   15.0   15.0   20.0   25.0   20.0   15.0   15.0   15.0
47037   20.0   30.0   60.0   15.0   45.0   50.0   35.0   35.0   40.0   35.0   35.0   40.0   50.0   15.0   20.0    5.0   25.0   20.0   25.0   20.0   20.0   20.0   15.0
47039   20.0   35.0   75.0   30.0   60.0   45.0   40.0   35.0   35.0   45.0   35.0   35.0   50.0   15.0   35.0   10.0   35.0   20.0   30.0   25.0   20.0   20.0   20.0
47041   20.0   20.0   15.0   30.0   15.0   25.0   35.0   45.0   50.0   55.0   50.0   30.0   15.0    5.0    5.0    5.0   10.0   15.0   10.0   10.0   20.0   20.0   20.0
47046    5.0   10.0   10.0   35.0   25.0   40.0   45.0   45.0   40.0   50.0   45.0   30.0   15.0    5.0    5.0    5.0    5.0   20.0   15.0   10.0   15.0   15.0   20.0
47050   20.0   20.0   45.0   15.0   35.0   35.0   25.0   25.0   35.0   35.0   35.0   25.0   25.0   15.0   10.0    5.0   15.0   20.0   20.0   20.0   15.0   20.0   25.0
47052   30.0    5.0   25.0   15.0   45.0   25.0   30.0   15.0   25.0   45.0   45.0   35.0   25.0   10.0   25.0    5.0   15.0    5.0   20.0   15.0   20.0   15.0   15.0
47055    5.0   20.0   10.0   15.0   15.0   15.0   20.0   35.0   55.0   60.0   55.0   40.0   20.0    5.0    5.0    5.0   20.0   15.0   10.0    5.0   15.0   20.0   20.0
47058   20.0    5.0   65.0   25.0   40.0   20.0   10.0   20.0   35.0   40.0   40.0   20.0   15.0    5.0   15.0   15.0   15.0    5.0   15.0   10.0   15.0   20.0   20.0
47060    5.0    5.0   35.0   15.0   15.0   15.0   15.0   15.0   30.0   40.0   30.0   15.0   20.0    5.0    5.0   15.0    5.0   15.0   15.0   15.0    5.0   15.0   25.0
47061    5.0   10.0   15.0   20.0    5.0   10.0   20.0   20.0   45.0   50.0   50.0   35.0   25.0    5.0   15.0    5.0   20.0   15.0   15.0    5.0   15.0   20.0   25.0
47065    5.0    5.0   75.0   25.0   40.0   10.0   15.0   15.0   35.0   40.0   40.0   15.0   10.0    5.0   10.0   15.0   10.0   10.0   15.0   15.0   15.0   15.0   20.0
47067    5.0    5.0   75.0   20.0   55.0   10.0   20.0   10.0   35.0   45.0   35.0   20.0   20.0   10.0   20.0   15.0   20.0    5.0   15.0   15.0   20.0   10.0   15.0
47068    5.0    5.0   15.0    5.0    5.0    5.0    5.0   20.0   35.0   50.0   35.0   15.0   20.0    5.0    5.0   15.0    5.0    5.0   15.0   15.0    5.0   15.0   20.0
47069    5.0    5.0    5.0   10.0   10.0    5.0   15.0   15.0   45.0   35.0   30.0   15.0    5.0    5.0    5.0   15.0    5.0   10.0   10.0   10.0    5.0   20.0   20.0
47070    5.0    5.0   15.0   15.0   35.0    5.0    5.0   15.0   40.0   45.0   40.0   15.0   10.0    5.0   10.0   15.0   10.0    5.0    5.0   10.0    5.0   15.0   20.0
47075   10.0   10.0   65.0   20.0   75.0   10.0   10.0    5.0   40.0   50.0   35.0   20.0   20.0   10.0   20.0   15.0   20.0   15.0   15.0   15.0   15.0    5.0   15.0
47090   10.0   45.0   45.0   50.0   10.0    5.0   20.0   35.0   45.0   55.0   60.0   55.0   25.0   10.0    5.0    5.0    5.0   15.0   15.0   20.0   20.0   25.0   30.0
47095   10.0   10.0   65.0   20.0   75.0   10.0   10.0    5.0   40.0   50.0   35.0   20.0   20.0   10.0   20.0   15.0   20.0   15.0   15.0   15.0   15.0    5.0   15.0
47098    5.0    5.0   40.0   25.0   55.0    5.0   10.0    5.0   45.0   45.0   35.0   15.0   10.0    5.0   15.0   15.0   10.0   15.0   10.0    5.0   15.0   15.0   15.0
47099    5.0    5.0   15.0   15.0   35.0    5.0    5.0   15.0   40.0   45.0   40.0   15.0   10.0    5.0   10.0   15.0   10.0    5.0    5.0   10.0    5.0   15.0   20.0
47100    5.0    5.0   10.0   15.0   25.0   10.0   45.0   15.0   30.0   50.0   50.0   40.0   10.0    5.0   20.0   15.0   20.0   20.0   15.0   10.0   30.0   15.0   30.0
47101    5.0   20.0   50.0   15.0   50.0   15.0   15.0    5.0   45.0   50.0   40.0   15.0   15.0    5.0   15.0   20.0   15.0   15.0   10.0    5.0   10.0    5.0   20.0
47104    5.0    5.0   15.0   15.0    5.0    5.0   15.0   15.0   40.0   50.0   50.0   45.0   15.0   10.0   15.0    5.0   15.0   20.0   15.0    5.0   10.0   20.0   25.0
47105    5.0    5.0   15.0   15.0    5.0    5.0   15.0   15.0   40.0   50.0   50.0   45.0   15.0   10.0   15.0    5.0   15.0   20.0   15.0    5.0   10.0   20.0   25.0
47106    5.0   30.0   45.0   65.0   20.0    5.0   15.0   20.0   35.0   55.0   65.0   60.0   20.0   15.0    5.0    5.0   15.0   25.0   25.0   10.0   15.0   20.0   25.0
47108    5.0    5.0   15.0   15.0   45.0    5.0    5.0    5.0   40.0   45.0   40.0   15.0   10.0    5.0   10.0   15.0   10.0   15.0    5.0    5.0   10.0    5.0   15.0
47112    5.0    5.0    5.0    5.0   10.0    5.0    5.0    5.0   45.0   45.0   40.0   15.0   15.0    5.0    5.0    5.0    5.0   15.0    5.0    5.0    5.0   15.0   15.0
47114    5.0    5.0   45.0   10.0   50.0    5.0   10.0    5.0   35.0   45.0   35.0   10.0   10.0    5.0   20.0   15.0   15.0   15.0   10.0    5.0   10.0    5.0   20.0
47115    5.0    5.0    5.0    5.0    5.0    5.0    5.0   15.0   20.0   45.0   45.0   25.0    5.0    5.0    5.0    5.0    5.0   25.0   15.0    5.0    5.0   20.0   25.0
47119    5.0    5.0    5.0   10.0   15.0    5.0    5.0    5.0   40.0   50.0   45.0   15.0   15.0    5.0   10.0    5.0   15.0   20.0    5.0    5.0    5.0    5.0   20.0
47121    5.0    5.0   20.0   15.0   50.0   15.0    5.0    5.0   30.0   50.0   45.0   10.0   10.0    5.0   10.0   10.0   25.0   20.0   15.0   15.0   20.0    5.0   20.0
47127    5.0    5.0   10.0   10.0   35.0    5.0    5.0    5.0   30.0   50.0   45.0   15.0   15.0    5.0    5.0    5.0   15.0   20.0    5.0    5.0    5.0    5.0   20.0
47129    5.0    5.0    5.0    5.0    5.0    5.0    5.0    5.0   40.0   50.0   40.0   10.0    5.0    5.0    5.0   15.0    5.0   20.0    5.0    5.0    5.0    5.0   15.0
47130    5.0    5.0    5.0    5.0   15.0   10.0   20.0    5.0   30.0   50.0   55.0   40.0   10.0   10.0   10.0    5.0   20.0   25.0   20.0    5.0   20.0   15.0   30.0
47131    5.0    5.0    5.0    5.0   35.0    5.0    5.0    5.0   35.0   50.0   45.0   15.0   15.0   15.0    5.0   15.0   15.0   20.0    5.0    5.0   10.0    5.0   15.0
47133    5.0    5.0   10.0    5.0   25.0    5.0    5.0    5.0   40.0   50.0   45.0   15.0    5.0    5.0    5.0   15.0   15.0   20.0    5.0    5.0    5.0   10.0   15.0
47135    5.0    5.0    5.0    5.0   25.0   15.0   10.0    5.0   35.0   50.0   45.0   20.0   15.0    5.0    5.0   15.0   15.0   25.0    5.0    5.0   10.0    5.0   20.0
47136    5.0    5.0    5.0    5.0   15.0    5.0   20.0    5.0   30.0   50.0   40.0   15.0    5.0    5.0   15.0    5.0   15.0   20.0   15.0    5.0   15.0   10.0   15.0
47137    5.0    5.0    5.0    5.0   25.0   15.0   10.0    5.0   35.0   50.0   45.0   20.0   15.0    5.0    5.0   15.0   15.0   25.0    5.0    5.0   10.0    5.0   20.0
47138    5.0    5.0   15.0   15.0    5.0    5.0   15.0    5.0   35.0   55.0   45.0   20.0   10.0    5.0    5.0    5.0   15.0   30.0   15.0    5.0   15.0   25.0   25.0
47140    5.0   20.0    5.0    5.0    5.0    5.0    5.0    5.0   50.0   50.0   25.0   10.0    5.0    5.0    5.0   15.0   20.0   20.0    5.0   15.0   15.0   15.0   15.0
47143    5.0    5.0   15.0    5.0    5.0    5.0   15.0    5.0   35.0   50.0   45.0   20.0    5.0    5.0    5.0    5.0   15.0   25.0   15.0    5.0   15.0   25.0   25.0
47146    5.0   20.0   10.0    5.0   15.0    5.0    5.0    5.0   45.0   50.0   40.0   20.0    5.0    5.0   15.0   15.0   15.0   20.0    5.0    5.0   15.0   15.0   15.0
47152    5.0    5.0   25.0   15.0    5.0    5.0   10.0    5.0   35.0   55.0   45.0   25.0   15.0    5.0    5.0    5.0   25.0   30.0   15.0    5.0   25.0   30.0   25.0
47155    5.0    5.0   25.0    5.0    5.0    5.0    5.0    5.0   45.0   55.0   45.0   20.0    5.0    5.0    5.0   15.0   20.0   25.0   15.0   10.0   25.0   20.0   25.0
47156    5.0   30.0   15.0    5.0   10.0    5.0    5.0    5.0   50.0   60.0   45.0   20.0   10.0    5.0   15.0   20.0   20.0   20.0   10.0   15.0   25.0   20.0   30.0
47159    5.0    5.0   25.0    5.0    5.0    5.0    5.0    5.0   45.0   55.0   45.0   20.0    5.0    5.0    5.0   15.0   20.0   25.0   15.0   10.0   25.0   20.0   25.0
47162    5.0   20.0   35.0   10.0    5.0    5.0    5.0    5.0   45.0   60.0   45.0   20.0    5.0    5.0    5.0   20.0   25.0   25.0   15.0   15.0   20.0   30.0   30.0
47165    5.0   50.0   20.0    5.0    5.0    5.0    5.0   15.0   50.0   65.0   40.0   20.0    5.0    5.0   15.0   15.0   25.0   20.0   10.0   15.0   20.0   30.0   30.0
47168    5.0   40.0   25.0    5.0    5.0    5.0    5.0    5.0   45.0   60.0   45.0   15.0    5.0    5.0    5.0   15.0   25.0   25.0   15.0   15.0   20.0   25.0   30.0
47169   15.0   75.0   35.0    5.0    5.0    5.0    5.0   20.0   50.0   60.0   30.0   20.0    5.0    5.0   15.0   15.0   15.0   15.0   10.0   25.0   20.0   30.0   30.0
47170    5.0   75.0   40.0    5.0    5.0    5.0    5.0   15.0   50.0   65.0   40.0   15.0   10.0    5.0   15.0   15.0   25.0   20.0   15.0   25.0   30.0   30.0   30.0
47172    5.0   35.0    5.0    5.0    5.0    5.0    5.0   15.0   50.0   55.0   40.0   20.0    5.0    5.0   20.0   15.0   20.0   20.0    5.0   15.0   20.0   20.0   30.0
47174    5.0   50.0   15.0    5.0    5.0    5.0    5.0    5.0   50.0   65.0   45.0   15.0   10.0    5.0   15.0   15.0   20.0   20.0   15.0   20.0   20.0   25.0   30.0
47184   65.0   90.0   65.0   10.0    5.0    5.0    5.0   20.0   55.0   70.0   50.0   15.0   15.0   15.0   15.0   20.0   30.0   35.0   30.0   40.0   35.0   35.0   30.0
47185   75.0   90.0   60.0    5.0    5.0    5.0    5.0   20.0   55.0   70.0   45.0   15.0   15.0    5.0   15.0   20.0   25.0   40.0   30.0   40.0   35.0   40.0   30.0
47188   35.0   90.0   65.0   20.0    5.0    5.0    5.0   20.0   50.0   70.0   50.0   25.0   15.0   15.0   15.0   20.0   35.0   40.0   35.0   40.0   35.0   40.0   35.0
47189   65.0   90.0   65.0   10.0    5.0    5.0    5.0   20.0   55.0   70.0   50.0   15.0   15.0   15.0   15.0   20.0   30.0   35.0   30.0   40.0   35.0   35.0   30.0
47192    5.0   20.0   15.0    5.0    5.0    5.0    5.0    5.0   45.0   60.0   45.0   20.0   10.0    5.0   10.0   15.0   25.0   25.0   15.0   10.0   20.0   25.0   30.0
47201    5.0    5.0   15.0   15.0   35.0    5.0    5.0   15.0   40.0   45.0   40.0   15.0   10.0    5.0   10.0   15.0   10.0    5.0    5.0   10.0    5.0   15.0   20.0
47202    5.0    5.0   45.0   10.0   50.0    5.0   10.0    5.0   35.0   45.0   35.0   10.0   10.0    5.0   20.0   15.0   15.0   15.0   10.0    5.0   10.0    5.0   20.0
47203    5.0    5.0   10.0   10.0   35.0    5.0    5.0    5.0   30.0   50.0   45.0   15.0   15.0    5.0    5.0    5.0   15.0   20.0    5.0    5.0    5.0    5.0   20.0
47211   25.0   25.0   35.0   15.0   45.0   15.0   40.0   15.0   45.0   50.0   45.0   20.0   20.0   10.0   20.0    5.0   25.0   20.0   20.0   10.0   25.0    5.0   35.0
47212    5.0    5.0   45.0   10.0   50.0    5.0   10.0    5.0   35.0   45.0   35.0   10.0   10.0    5.0   20.0   15.0   15.0   15.0   10.0    5.0   10.0    5.0   20.0
47216    5.0    5.0    5.0    5.0   20.0   10.0   30.0    5.0   30.0   50.0   45.0   15.0   10.0   10.0   20.0    5.0   20.0   20.0   20.0    5.0   20.0    5.0   20.0
47221    5.0    5.0   20.0   15.0   50.0   15.0    5.0    5.0   30.0   50.0   45.0   10.0   10.0    5.0   10.0   10.0   25.0   20.0   15.0   15.0   20.0    5.0   20.0
47226    5.0    5.0   15.0    5.0   20.0    5.0    5.0    5.0   35.0   50.0   45.0   20.0   15.0   15.0   10.0   15.0   15.0   20.0    5.0    5.0    5.0    5.0   20.0
47232    5.0    5.0   10.0    5.0   30.0    5.0    5.0    5.0   35.0   50.0   45.0   15.0   15.0    5.0    5.0   15.0   15.0   20.0    5.0    5.0   10.0   15.0   20.0
47235    5.0    5.0    5.0    5.0    5.0    5.0    5.0    5.0   45.0   50.0   35.0   15.0    5.0    5.0   15.0   15.0   15.0   20.0    5.0    5.0    5.0   15.0   15.0
47236    5.0    5.0   10.0    5.0   25.0    5.0    5.0    5.0   40.0   50.0   45.0   15.0    5.0    5.0    5.0   15.0   15.0   20.0    5.0    5.0    5.0   10.0   15.0
47238    5.0    5.0   10.0    5.0   10.0    5.0    5.0    5.0   40.0   50.0   40.0   25.0   15.0   15.0   10.0   15.0   15.0   20.0    5.0    5.0   15.0   15.0   20.0
47243    5.0   20.0    5.0    5.0    5.0    5.0    5.0    5.0   50.0   50.0   35.0   20.0    5.0    5.0    5.0   15.0   20.0   20.0    5.0   15.0   20.0   20.0   20.0
47244    5.0   20.0   10.0    5.0    5.0    5.0    5.0    5.0   50.0   55.0   50.0   25.0    5.0    5.0   10.0   15.0   20.0   20.0    5.0   15.0   15.0   20.0   20.0
47245    5.0   20.0   10.0    5.0    5.0    5.0    5.0    5.0   50.0   55.0   50.0   25.0    5.0    5.0   10.0   15.0   20.0   20.0    5.0   15.0   15.0   20.0   20.0
47247    5.0   30.0   15.0    5.0   10.0    5.0    5.0    5.0   50.0   60.0   45.0   20.0   10.0    5.0   15.0   20.0   20.0   20.0   10.0   15.0   25.0   20.0   30.0
47248    5.0   10.0    5.0    5.0   10.0   10.0   15.0    5.0   45.0   50.0   45.0   25.0   15.0    5.0   15.0   15.0   25.0   25.0   10.0    5.0   15.0   20.0   20.0
47251    5.0   35.0    5.0    5.0    5.0    5.0    5.0   15.0   50.0   55.0   40.0   20.0    5.0    5.0   20.0   15.0   20.0   20.0    5.0   15.0   20.0   20.0   30.0
47252    5.0   35.0    5.0    5.0    5.0    5.0    5.0   15.0   50.0   55.0   40.0   20.0    5.0    5.0   20.0   15.0   20.0   20.0    5.0   15.0   20.0   20.0   30.0
47253    5.0    5.0   25.0    5.0    5.0    5.0    5.0    5.0   45.0   55.0   45.0   20.0    5.0    5.0    5.0   15.0   20.0   25.0   15.0   10.0   25.0   20.0   25.0
47254    5.0   30.0   15.0    5.0   10.0    5.0    5.0    5.0   50.0   60.0   45.0   20.0   10.0    5.0   15.0   20.0   20.0   20.0   10.0   15.0   25.0   20.0   30.0
47255    5.0    5.0   25.0    5.0    5.0    5.0    5.0    5.0   45.0   55.0   45.0   20.0    5.0    5.0    5.0   15.0   20.0   25.0   15.0   10.0   25.0   20.0   25.0
47256    5.0   30.0   15.0    5.0   10.0    5.0    5.0    5.0   50.0   60.0   45.0   20.0   10.0    5.0   15.0   20.0   20.0   20.0   10.0   15.0   25.0   20.0   30.0
47257    5.0    5.0   25.0    5.0    5.0    5.0    5.0    5.0   45.0   55.0   45.0   20.0    5.0    5.0    5.0   15.0   20.0   25.0   15.0   10.0   25.0   20.0   25.0
47259    5.0   75.0   40.0    5.0    5.0    5.0    5.0   15.0   50.0   65.0   40.0   15.0   10.0    5.0   15.0   15.0   25.0   20.0   15.0   25.0   30.0   30.0   30.0
47260    5.0   50.0   15.0    5.0    5.0    5.0    5.0    5.0   50.0   65.0   45.0   15.0   10.0    5.0   15.0   15.0   20.0   20.0   15.0   20.0   20.0   25.0   30.0
47261    5.0   75.0   40.0    5.0    5.0    5.0    5.0   15.0   50.0   65.0   40.0   15.0   10.0    5.0   15.0   15.0   25.0   20.0   15.0   25.0   30.0   30.0   30.0
47262    5.0   50.0   40.0    5.0    5.0    5.0    5.0   10.0   50.0   65.0   40.0   15.0    5.0    5.0   15.0   15.0   25.0   25.0   20.0   30.0   30.0   35.0   30.0
47263    5.0   20.0   15.0    5.0    5.0    5.0    5.0    5.0   45.0   60.0   45.0   20.0   10.0    5.0   10.0   15.0   25.0   25.0   15.0   10.0   20.0   25.0   30.0
47264    5.0   10.0    5.0    5.0   10.0   10.0   15.0    5.0   45.0   50.0   45.0   25.0   15.0    5.0   15.0   15.0   25.0   25.0   10.0    5.0   15.0   20.0   20.0
47266    5.0   40.0   25.0    5.0    5.0    5.0    5.0    5.0   45.0   60.0   45.0   15.0    5.0    5.0    5.0   15.0   25.0   25.0   15.0   15.0   20.0   25.0   30.0
47268   10.0   75.0   35.0    5.0    5.0    5.0    5.0   20.0   50.0   65.0   35.0   15.0    5.0    5.0   15.0   15.0   15.0   15.0   10.0   25.0   30.0   30.0   30.0
47271    5.0    5.0    5.0    5.0   20.0   10.0   30.0    5.0   30.0   50.0   45.0   15.0   10.0   10.0   20.0    5.0   20.0   20.0   20.0    5.0   20.0    5.0   20.0
47272    5.0    5.0   10.0   15.0   45.0   25.0   10.0    5.0   30.0   50.0   45.0   20.0   15.0    5.0   10.0    5.0   20.0   20.0    5.0    5.0   20.0    5.0   15.0
47273    5.0    5.0   10.0   15.0   45.0   25.0   10.0    5.0   30.0   50.0   45.0   20.0   15.0    5.0   10.0    5.0   20.0   20.0    5.0    5.0   20.0    5.0   15.0
47276    5.0    5.0    5.0    5.0   10.0    5.0   15.0    5.0   35.0   50.0   45.0   15.0    5.0    5.0    5.0    5.0   15.0   25.0   10.0    5.0   15.0   15.0   20.0
47277    5.0    5.0    5.0    5.0    5.0    5.0   15.0    5.0   35.0   50.0   45.0   20.0   10.0    5.0   10.0    5.0   15.0   25.0   15.0    5.0   15.0   15.0   25.0
47278    5.0    5.0    5.0    5.0   10.0    5.0   15.0    5.0   35.0   50.0   45.0   15.0    5.0    5.0    5.0    5.0   15.0   25.0   10.0    5.0   15.0   15.0   20.0
47279    5.0    5.0   10.0    5.0   15.0   10.0   15.0    5.0   35.0   50.0   40.0   15.0   15.0    5.0   10.0   15.0   15.0   25.0   15.0    5.0   15.0   15.0   20.0
47281    5.0    5.0   15.0    5.0    5.0    5.0   15.0    5.0   35.0   50.0   45.0   20.0    5.0    5.0    5.0    5.0   15.0   25.0   15.0    5.0   15.0   25.0   25.0
47283    5.0    5.0   15.0   15.0    5.0    5.0   15.0    5.0   35.0   55.0   45.0   20.0   10.0    5.0    5.0    5.0   15.0   30.0   15.0    5.0   15.0   25.0   25.0
47284    5.0   10.0    5.0    5.0   10.0   10.0   15.0    5.0   45.0   50.0   45.0   25.0   15.0    5.0   15.0   15.0   25.0   25.0   10.0    5.0   15.0   20.0   20.0
47285    5.0   10.0   15.0    5.0    5.0    5.0   15.0    5.0   40.0   50.0   45.0   20.0   15.0    5.0   10.0   15.0   20.0   20.0   10.0    5.0   25.0   15.0   25.0
47288    5.0    5.0   15.0    5.0    5.0    5.0   10.0    5.0   40.0   50.0   45.0   25.0   10.0    5.0    5.0   15.0   25.0   30.0   15.0    5.0   25.0   25.0   25.0
47289    5.0   30.0   15.0    5.0    5.0    5.0    5.0    5.0   45.0   60.0   45.0   20.0    5.0    5.0   15.0   15.0   20.0   20.0   15.0   15.0   25.0   20.0   25.0
47294    5.0   10.0   35.0   15.0    5.0    5.0    5.0    5.0   45.0   60.0   40.0   20.0    5.0    5.0    5.0   20.0   25.0   25.0   20.0   10.0   30.0   30.0   30.0
47295    5.0   40.0   25.0    5.0    5.0    5.0    5.0    5.0   45.0   60.0   45.0   15.0    5.0    5.0    5.0   15.0   25.0   25.0   15.0   15.0   20.0   25.0   30.0
47299   45.0   85.0   65.0   10.0    5.0    5.0    5.0   45.0   70.0   65.0   50.0   40.0   20.0   20.0   25.0   40.0   45.0   45.0   45.0   45.0   40.0   45.0   35.0
  319    5.0    5.0    5.0    5.0    5.0    5.0    5.0   15.0   20.0   45.0   45.0   25.0    5.0    5.0    5.0    5.0    5.0   25.0   15.0    5.0    5.0   20.0   25.0
  328   65.0   90.0   65.0   10.0    5.0    5.0    5.0   20.0   55.0   70.0   50.0   15.0   15.0   15.0   15.0   20.0   30.0   35.0   30.0   40.0   35.0   35.0   30.0
  400    5.0    5.0   15.0   15.0   45.0    5.0    5.0    5.0   40.0   45.0   40.0   15.0   10.0    5.0   10.0   15.0   10.0   15.0    5.0    5.0   10.0    5.0   15.0
  433    5.0    5.0    5.0    5.0   10.0    5.0    5.0    5.0   45.0   45.0   40.0   15.0   15.0    5.0    5.0    5.0    5.0   15.0    5.0    5.0    5.0   15.0   15.0
  441    5.0    5.0    5.0    5.0   10.0    5.0    5.0    5.0   45.0   45.0   40.0   15.0   15.0    5.0    5.0    5.0    5.0   15.0    5.0    5.0    5.0   15.0   15.0
  504    5.0    5.0   40.0   25.0   55.0    5.0   10.0    5.0   45.0   45.0   35.0   15.0   10.0    5.0   15.0   15.0   10.0   15.0   10.0    5.0   15.0   15.0   15.0
  516    5.0    5.0    5.0   10.0   15.0    5.0    5.0    5.0   40.0   50.0   45.0   15.0   15.0    5.0   10.0    5.0   15.0   20.0    5.0    5.0    5.0    5.0   20.0
  517   20.0   10.0    5.0    5.0   35.0   15.0   40.0   20.0   50.0   50.0   50.0   30.0   20.0   10.0   20.0    5.0   25.0   15.0   15.0    5.0   25.0   20.0   20.0
  519   35.0   10.0   50.0   15.0   50.0   15.0   30.0   15.0   40.0   50.0   45.0   20.0   25.0   10.0   25.0   15.0   20.0   15.0   20.0   10.0   15.0    5.0   25.0
  523    5.0    5.0   15.0   15.0    5.0    5.0   15.0   15.0   40.0   50.0   50.0   45.0   15.0   10.0   15.0    5.0   15.0   20.0   15.0    5.0   10.0   20.0   25.0
  525   15.0   10.0   30.0   25.0   50.0   20.0   25.0   10.0   30.0   50.0   40.0   15.0   10.0    5.0   20.0   15.0   15.0   20.0   15.0   15.0   20.0    5.0   20.0
  526   15.0   10.0   30.0   25.0   50.0   20.0   25.0   10.0   30.0   50.0   40.0   15.0   10.0    5.0   20.0   15.0   15.0   20.0   15.0   15.0   20.0    5.0   20.0
  527    5.0    5.0    5.0    5.0   20.0   10.0   30.0    5.0   30.0   50.0   45.0   15.0   10.0   10.0   20.0    5.0   20.0   20.0   20.0    5.0   20.0    5.0   20.0
  528   55.0   10.0   15.0    5.0    5.0   15.0   20.0   15.0   45.0   35.0   15.0   15.0    5.0    5.0    5.0   15.0   15.0   15.0   10.0   10.0   10.0   15.0   25.0
  529    5.0    5.0    5.0    5.0   15.0   10.0   20.0    5.0   30.0   50.0   55.0   40.0   10.0   10.0   10.0    5.0   20.0   25.0   20.0    5.0   20.0   15.0   30.0
  530    5.0    5.0    5.0    5.0    5.0    5.0    5.0   15.0   20.0   45.0   45.0   25.0    5.0    5.0    5.0    5.0    5.0   25.0   15.0    5.0    5.0   20.0   25.0
  531    5.0   20.0   50.0   15.0   50.0   15.0   15.0    5.0   45.0   50.0   40.0   15.0   15.0    5.0   15.0   20.0   15.0   15.0   10.0    5.0   10.0    5.0   20.0
  532    5.0    5.0   40.0   25.0   55.0    5.0   10.0    5.0   45.0   45.0   35.0   15.0   10.0    5.0   15.0   15.0   10.0   15.0   10.0    5.0   15.0   15.0   15.0
  534    5.0    5.0   10.0   10.0   35.0    5.0    5.0    5.0   30.0   50.0   45.0   15.0   15.0    5.0    5.0    5.0   15.0   20.0    5.0    5.0    5.0    5.0   20.0
  536   15.0   10.0   30.0   25.0   50.0   20.0   25.0   10.0   30.0   50.0   40.0   15.0   10.0    5.0   20.0   15.0   15.0   20.0   15.0   15.0   20.0    5.0   20.0
  540    5.0    5.0   15.0   15.0   45.0    5.0    5.0    5.0   40.0   45.0   40.0   15.0   10.0    5.0   10.0   15.0   10.0   15.0    5.0    5.0   10.0    5.0   15.0
  541    5.0    5.0   15.0   15.0   45.0    5.0    5.0    5.0   40.0   45.0   40.0   15.0   10.0    5.0   10.0   15.0   10.0   15.0    5.0    5.0   10.0    5.0   15.0
  542    5.0    5.0   15.0   15.0   45.0    5.0    5.0    5.0   40.0   45.0   40.0   15.0   10.0    5.0   10.0   15.0   10.0   15.0    5.0    5.0   10.0    5.0   15.0
  546    5.0    5.0   15.0   15.0   45.0    5.0    5.0    5.0   40.0   45.0   40.0   15.0   10.0    5.0   10.0   15.0   10.0   15.0    5.0    5.0   10.0    5.0   15.0
  548    5.0    5.0   10.0   10.0   35.0    5.0    5.0    5.0   30.0   50.0   45.0   15.0   15.0    5.0    5.0    5.0   15.0   20.0    5.0    5.0    5.0    5.0   20.0
  549    5.0    5.0    5.0   10.0   15.0    5.0    5.0    5.0   40.0   50.0   45.0   15.0   15.0    5.0   10.0    5.0   15.0   20.0    5.0    5.0    5.0    5.0   20.0
  551    5.0    5.0    5.0   10.0   15.0    5.0    5.0    5.0   40.0   50.0   45.0   15.0   15.0    5.0   10.0    5.0   15.0   20.0    5.0    5.0    5.0    5.0   20.0
  552   35.0   10.0   50.0   15.0   50.0   15.0   30.0   15.0   40.0   50.0   45.0   20.0   25.0   10.0   25.0   15.0   20.0   15.0   20.0   10.0   15.0    5.0   25.0
  555   35.0   10.0   50.0   15.0   50.0   15.0   30.0   15.0   40.0   50.0   45.0   20.0   25.0   10.0   25.0   15.0   20.0   15.0   20.0   10.0   15.0    5.0   25.0
  556   20.0   10.0    5.0    5.0   35.0   15.0   40.0   20.0   50.0   50.0   50.0   30.0   20.0   10.0   20.0    5.0   25.0   15.0   15.0    5.0   25.0   20.0   20.0
  557   25.0   25.0   35.0   15.0   45.0   15.0   40.0   15.0   45.0   50.0   45.0   20.0   20.0   10.0   20.0    5.0   25.0   20.0   20.0   10.0   25.0    5.0   35.0
  559   25.0   25.0   35.0   15.0   45.0   15.0   40.0   15.0   45.0   50.0   45.0   20.0   20.0   10.0   20.0    5.0   25.0   20.0   20.0   10.0   25.0    5.0   35.0
  561   15.0   10.0   30.0   25.0   50.0   20.0   25.0   10.0   30.0   50.0   40.0   15.0   10.0    5.0   20.0   15.0   15.0   20.0   15.0   15.0   20.0    5.0   20.0
  562    5.0    5.0   20.0   15.0   50.0   15.0    5.0    5.0   30.0   50.0   45.0   10.0   10.0    5.0   10.0   10.0   25.0   20.0   15.0   15.0   20.0    5.0   20.0
  563    5.0    5.0   10.0   15.0   25.0   10.0   45.0   15.0   30.0   50.0   50.0   40.0   10.0    5.0   20.0   15.0   20.0   20.0   15.0   10.0   30.0   15.0   30.0
  565    5.0    5.0    5.0    5.0   10.0    5.0    5.0    5.0   45.0   45.0   40.0   15.0   15.0    5.0    5.0    5.0    5.0   15.0    5.0    5.0    5.0   15.0   15.0
  566    5.0    5.0   15.0   15.0    5.0    5.0   15.0   15.0   40.0   50.0   50.0   45.0   15.0   10.0   15.0    5.0   15.0   20.0   15.0    5.0   10.0   20.0   25.0
  571    5.0    5.0    5.0    5.0    5.0    5.0    5.0    5.0   35.0   50.0   30.0   10.0    5.0    5.0    5.0   15.0    5.0   15.0    5.0    5.0    5.0    5.0   15.0
  572    5.0    5.0   15.0   15.0   45.0    5.0    5.0    5.0   40.0   45.0   40.0   15.0   10.0    5.0   10.0   15.0   10.0   15.0    5.0    5.0   10.0    5.0   15.0
  579    5.0    5.0   10.0   15.0   25.0   10.0   45.0   15.0   30.0   50.0   50.0   40.0   10.0    5.0   20.0   15.0   20.0   20.0   15.0   10.0   30.0   15.0   30.0
  580    5.0    5.0   10.0   15.0   25.0   10.0   45.0   15.0   30.0   50.0   50.0   40.0   10.0    5.0   20.0   15.0   20.0   20.0   15.0   10.0   30.0   15.0   30.0
  581    5.0    5.0    5.0    5.0   20.0   10.0   30.0    5.0   30.0   50.0   45.0   15.0   10.0   10.0   20.0    5.0   20.0   20.0   20.0    5.0   20.0    5.0   20.0
  583   15.0   10.0   30.0   25.0   50.0   20.0   25.0   10.0   30.0   50.0   40.0   15.0   10.0    5.0   20.0   15.0   15.0   20.0   15.0   15.0   20.0    5.0   20.0
  586    5.0   20.0   50.0   15.0   50.0   15.0   15.0    5.0   45.0   50.0   40.0   15.0   15.0    5.0   15.0   20.0   15.0   15.0   10.0    5.0   10.0    5.0   20.0
  588    5.0   20.0   50.0   15.0   50.0   15.0   15.0    5.0   45.0   50.0   40.0   15.0   15.0    5.0   15.0   20.0   15.0   15.0   10.0    5.0   10.0    5.0   20.0
  590    5.0    5.0   15.0   15.0   45.0    5.0    5.0    5.0   40.0   45.0   40.0   15.0   10.0    5.0   10.0   15.0   10.0   15.0    5.0    5.0   10.0    5.0   15.0
  598    5.0    5.0   40.0   25.0   55.0    5.0   10.0    5.0   45.0   45.0   35.0   15.0   10.0    5.0   15.0   15.0   10.0   15.0   10.0    5.0   15.0   15.0   15.0
  601    5.0    5.0   20.0   15.0   50.0   15.0    5.0    5.0   30.0   50.0   45.0   10.0   10.0    5.0   10.0   10.0   25.0   20.0   15.0   15.0   20.0    5.0   20.0
  602    5.0    5.0    5.0    5.0   35.0    5.0    5.0    5.0   35.0   50.0   45.0   15.0   15.0   15.0    5.0   15.0   15.0   20.0    5.0    5.0   10.0    5.0   15.0
  603    5.0    5.0    5.0    5.0   35.0    5.0    5.0    5.0   35.0   50.0   45.0   15.0   15.0   15.0    5.0   15.0   15.0   20.0    5.0    5.0   10.0    5.0   15.0
  604    5.0    5.0   15.0    5.0   20.0    5.0    5.0    5.0   35.0   50.0   45.0   20.0   15.0   15.0   10.0   15.0   15.0   20.0    5.0    5.0    5.0    5.0   20.0
  605    5.0    5.0   10.0    5.0   10.0    5.0    5.0    5.0   40.0   50.0   40.0   25.0   15.0   15.0   10.0   15.0   15.0   20.0    5.0    5.0   15.0   15.0   20.0
  606    5.0    5.0    5.0    5.0    5.0    5.0    5.0    5.0   35.0   50.0   30.0   10.0    5.0    5.0    5.0   15.0    5.0   15.0    5.0    5.0    5.0    5.0   15.0
  610    5.0    5.0    5.0    5.0    5.0    5.0    5.0    5.0   40.0   50.0   40.0   10.0    5.0    5.0    5.0   15.0    5.0   20.0    5.0    5.0    5.0    5.0   15.0
  611    5.0    5.0   10.0    5.0   30.0    5.0    5.0    5.0   35.0   50.0   45.0   15.0   15.0    5.0    5.0   15.0   15.0   20.0    5.0    5.0   10.0   15.0   20.0
  612    5.0    5.0   10.0    5.0   25.0    5.0    5.0    5.0   40.0   50.0   45.0   15.0    5.0    5.0    5.0   15.0   15.0   20.0    5.0    5.0    5.0   10.0   15.0
  614    5.0   20.0    5.0    5.0    5.0    5.0    5.0    5.0   50.0   50.0   25.0   10.0    5.0    5.0    5.0   15.0   20.0   20.0    5.0   15.0   15.0   15.0   15.0
  615    5.0    5.0   10.0    5.0   25.0    5.0    5.0    5.0   40.0   50.0   45.0   15.0    5.0    5.0    5.0   15.0   15.0   20.0    5.0    5.0    5.0   10.0   15.0
  616    5.0    5.0    5.0    5.0    5.0    5.0    5.0    5.0   40.0   50.0   40.0   10.0    5.0    5.0    5.0   15.0    5.0   20.0    5.0    5.0    5.0    5.0   15.0
  617    5.0    5.0   10.0    5.0   30.0    5.0    5.0    5.0   35.0   50.0   45.0   15.0   15.0    5.0    5.0   15.0   15.0   20.0    5.0    5.0   10.0   15.0   20.0
  618    5.0    5.0    5.0    5.0    5.0    5.0    5.0    5.0   45.0   50.0   35.0   15.0    5.0    5.0   15.0   15.0   15.0   20.0    5.0    5.0    5.0   15.0   15.0
  619    5.0    5.0   10.0   10.0   35.0    5.0    5.0    5.0   30.0   50.0   45.0   15.0   15.0    5.0    5.0    5.0   15.0   20.0    5.0    5.0    5.0    5.0   20.0
  623    5.0    5.0    5.0    5.0   35.0    5.0    5.0    5.0   35.0   50.0   45.0   15.0   15.0   15.0    5.0   15.0   15.0   20.0    5.0    5.0   10.0    5.0   15.0
  624    5.0    5.0    5.0    5.0   35.0    5.0    5.0    5.0   35.0   50.0   45.0   15.0   15.0   15.0    5.0   15.0   15.0   20.0    5.0    5.0   10.0    5.0   15.0
  627    5.0    5.0    5.0    5.0    5.0    5.0    5.0    5.0   40.0   50.0   40.0   10.0    5.0    5.0    5.0   15.0    5.0   20.0    5.0    5.0    5.0    5.0   15.0
  628    5.0    5.0    5.0    5.0    5.0    5.0    5.0    5.0   40.0   50.0   40.0   10.0    5.0    5.0    5.0   15.0    5.0   20.0    5.0    5.0    5.0    5.0   15.0
  630    5.0    5.0   10.0   10.0   35.0    5.0    5.0    5.0   30.0   50.0   45.0   15.0   15.0    5.0    5.0    5.0   15.0   20.0    5.0    5.0    5.0    5.0   20.0
  634    5.0    5.0   10.0    5.0   30.0    5.0    5.0    5.0   35.0   50.0   45.0   15.0   15.0    5.0    5.0   15.0   15.0   20.0    5.0    5.0   10.0   15.0   20.0
  635    5.0   20.0   10.0    5.0   15.0    5.0    5.0    5.0   45.0   50.0   40.0   20.0    5.0    5.0   15.0   15.0   15.0   20.0    5.0    5.0   15.0   15.0   15.0
  636    5.0    5.0   10.0    5.0   25.0    5.0    5.0    5.0   40.0   50.0   45.0   15.0    5.0    5.0    5.0   15.0   15.0   20.0    5.0    5.0    5.0   10.0   15.0
  642    5.0    5.0   10.0    5.0   25.0    5.0    5.0    5.0   40.0   50.0   45.0   15.0    5.0    5.0    5.0   15.0   15.0   20.0    5.0    5.0    5.0   10.0   15.0
  652    5.0    5.0   40.0   25.0   55.0    5.0   10.0    5.0   45.0   45.0   35.0   15.0   10.0    5.0   15.0   15.0   10.0   15.0   10.0    5.0   15.0   15.0   15.0
   96    5.0    5.0    5.0    5.0    5.0    5.0    5.0   15.0   20.0   50.0   45.0   35.0    5.0    5.0    5.0    5.0    5.0   25.0   15.0    5.0    5.0   20.0   30.0
  661    5.0   10.0   15.0   20.0    5.0   10.0   20.0   20.0   45.0   50.0   50.0   35.0   25.0    5.0   15.0    5.0   20.0   15.0   15.0    5.0   15.0   20.0   25.0
  670   10.0   45.0   45.0   50.0   10.0    5.0   20.0   35.0   45.0   55.0   60.0   55.0   25.0   10.0    5.0    5.0    5.0   15.0   15.0   20.0   20.0   25.0   30.0
  671   10.0   45.0   45.0   50.0   10.0    5.0   20.0   35.0   45.0   55.0   60.0   55.0   25.0   10.0    5.0    5.0    5.0   15.0   15.0   20.0   20.0   25.0   30.0
  699    5.0   50.0   20.0    5.0    5.0    5.0    5.0   15.0   50.0   65.0   40.0   20.0    5.0    5.0   15.0   15.0   25.0   20.0   10.0   15.0   20.0   30.0   30.0
  701    5.0    5.0   10.0    5.0   10.0    5.0    5.0    5.0   40.0   50.0   40.0   25.0   15.0   15.0   10.0   15.0   15.0   20.0    5.0    5.0   15.0   15.0   20.0
  702    5.0   20.0   10.0    5.0   15.0    5.0    5.0    5.0   45.0   50.0   40.0   20.0    5.0    5.0   15.0   15.0   15.0   20.0    5.0    5.0   15.0   15.0   15.0
  703    5.0   10.0    5.0    5.0   10.0   10.0   15.0    5.0   45.0   50.0   45.0   25.0   15.0    5.0   15.0   15.0   25.0   25.0   10.0    5.0   15.0   20.0   20.0
  704    5.0   20.0    5.0    5.0    5.0    5.0    5.0    5.0   50.0   50.0   35.0   20.0    5.0    5.0    5.0   15.0   20.0   20.0    5.0   15.0   20.0   20.0   20.0
  706    5.0   30.0   15.0    5.0   10.0    5.0    5.0    5.0   50.0   60.0   45.0   20.0   10.0    5.0   15.0   20.0   20.0   20.0   10.0   15.0   25.0   20.0   30.0
  709    5.0   30.0   15.0    5.0    5.0    5.0    5.0    5.0   45.0   60.0   45.0   20.0    5.0    5.0   15.0   15.0   20.0   20.0   15.0   15.0   25.0   20.0   25.0
  710    5.0   50.0   20.0    5.0    5.0    5.0    5.0   15.0   50.0   65.0   40.0   20.0    5.0    5.0   15.0   15.0   25.0   20.0   10.0   15.0   20.0   30.0   30.0
  711    5.0   50.0   15.0    5.0    5.0    5.0    5.0    5.0   50.0   65.0   45.0   15.0   10.0    5.0   15.0   15.0   20.0   20.0   15.0   20.0   20.0   25.0   30.0
  712    5.0   40.0   25.0    5.0    5.0    5.0    5.0    5.0   45.0   60.0   45.0   15.0    5.0    5.0    5.0   15.0   25.0   25.0   15.0   15.0   20.0   25.0   30.0
  713    5.0   40.0   25.0    5.0    5.0    5.0    5.0    5.0   45.0   60.0   45.0   15.0    5.0    5.0    5.0   15.0   25.0   25.0   15.0   15.0   20.0   25.0   30.0
  727   65.0   90.0   65.0   10.0    5.0    5.0    5.0   20.0   55.0   70.0   50.0   15.0   15.0   15.0   15.0   20.0   30.0   35.0   30.0   40.0   35.0   35.0   30.0
  730    5.0   35.0    5.0    5.0    5.0    5.0    5.0   15.0   50.0   55.0   40.0   20.0    5.0    5.0   20.0   15.0   20.0   20.0    5.0   15.0   20.0   20.0   30.0
  731    5.0   50.0   20.0    5.0    5.0    5.0    5.0   15.0   50.0   65.0   40.0   20.0    5.0    5.0   15.0   15.0   25.0   20.0   10.0   15.0   20.0   30.0   30.0
  732    5.0   50.0   15.0    5.0    5.0    5.0    5.0    5.0   50.0   65.0   45.0   15.0   10.0    5.0   15.0   15.0   20.0   20.0   15.0   20.0   20.0   25.0   30.0
  733    5.0   20.0   10.0    5.0   15.0    5.0    5.0    5.0   45.0   50.0   40.0   20.0    5.0    5.0   15.0   15.0   15.0   20.0    5.0    5.0   15.0   15.0   15.0
  734    5.0   20.0   10.0    5.0   15.0    5.0    5.0    5.0   45.0   50.0   40.0   20.0    5.0    5.0   15.0   15.0   15.0   20.0    5.0    5.0   15.0   15.0   15.0
  736    5.0   20.0    5.0    5.0    5.0    5.0    5.0    5.0   50.0   50.0   25.0   10.0    5.0    5.0    5.0   15.0   20.0   20.0    5.0   15.0   15.0   15.0   15.0
  737    5.0   20.0   10.0    5.0    5.0    5.0    5.0    5.0   50.0   55.0   50.0   25.0    5.0    5.0   10.0   15.0   20.0   20.0    5.0   15.0   15.0   20.0   20.0
  738    5.0   20.0    5.0    5.0    5.0    5.0    5.0    5.0   50.0   50.0   35.0   20.0    5.0    5.0    5.0   15.0   20.0   20.0    5.0   15.0   20.0   20.0   20.0
  741    5.0   50.0   15.0    5.0    5.0    5.0    5.0    5.0   50.0   65.0   45.0   15.0   10.0    5.0   15.0   15.0   20.0   20.0   15.0   20.0   20.0   25.0   30.0
  745    5.0   50.0   20.0    5.0    5.0    5.0    5.0   15.0   50.0   65.0   40.0   20.0    5.0    5.0   15.0   15.0   25.0   20.0   10.0   15.0   20.0   30.0   30.0
  748    5.0   50.0   15.0    5.0    5.0    5.0    5.0    5.0   50.0   65.0   45.0   15.0   10.0    5.0   15.0   15.0   20.0   20.0   15.0   20.0   20.0   25.0   30.0
  751   65.0   90.0   65.0   10.0    5.0    5.0    5.0   20.0   55.0   70.0   50.0   15.0   15.0   15.0   15.0   20.0   30.0   35.0   30.0   40.0   35.0   35.0   30.0
  752   65.0   90.0   65.0   10.0    5.0    5.0    5.0   20.0   55.0   70.0   50.0   15.0   15.0   15.0   15.0   20.0   30.0   35.0   30.0   40.0   35.0   35.0   30.0
  754    5.0   50.0   20.0    5.0    5.0    5.0    5.0   15.0   50.0   65.0   40.0   20.0    5.0    5.0   15.0   15.0   25.0   20.0   10.0   15.0   20.0   30.0   30.0
  757    5.0    5.0   10.0    5.0   10.0    5.0    5.0    5.0   40.0   50.0   40.0   25.0   15.0   15.0   10.0   15.0   15.0   20.0    5.0    5.0   15.0   15.0   20.0
  762    5.0   20.0   10.0    5.0    5.0    5.0    5.0    5.0   50.0   55.0   50.0   25.0    5.0    5.0   10.0   15.0   20.0   20.0    5.0   15.0   15.0   20.0   20.0
  767    5.0   50.0   40.0    5.0    5.0    5.0    5.0   10.0   50.0   65.0   40.0   15.0    5.0    5.0   15.0   15.0   25.0   25.0   20.0   30.0   30.0   35.0   30.0
  768    5.0   30.0   15.0    5.0   10.0    5.0    5.0    5.0   50.0   60.0   45.0   20.0   10.0    5.0   15.0   20.0   20.0   20.0   10.0   15.0   25.0   20.0   30.0
  769    5.0   35.0    5.0    5.0    5.0    5.0    5.0   15.0   50.0   55.0   40.0   20.0    5.0    5.0   20.0   15.0   20.0   20.0    5.0   15.0   20.0   20.0   30.0
  771   10.0   60.0   15.0    5.0   10.0    5.0    5.0   15.0   50.0   60.0   45.0   20.0    5.0    5.0   15.0   15.0   20.0   15.0   10.0   15.0   20.0   30.0   30.0
  775    5.0   35.0    5.0    5.0    5.0    5.0    5.0   15.0   50.0   55.0   40.0   20.0    5.0    5.0   20.0   15.0   20.0   20.0    5.0   15.0   20.0   20.0   30.0
  779   75.0   90.0   60.0    5.0    5.0    5.0    5.0   20.0   55.0   70.0   45.0   15.0   15.0    5.0   15.0   20.0   25.0   40.0   30.0   40.0   35.0   40.0   30.0
  780   65.0   90.0   65.0   10.0    5.0    5.0    5.0   20.0   55.0   70.0   50.0   15.0   15.0   15.0   15.0   20.0   30.0   35.0   30.0   40.0   35.0   35.0   30.0
  789    5.0   50.0   20.0    5.0    5.0    5.0    5.0   15.0   50.0   65.0   40.0   20.0    5.0    5.0   15.0   15.0   25.0   20.0   10.0   15.0   20.0   30.0   30.0
  801    5.0    5.0    5.0    5.0    5.0    5.0   20.0    5.0   30.0   50.0   50.0   25.0   15.0    5.0   10.0    5.0   15.0   25.0   15.0    5.0   10.0   15.0   20.0
  803    5.0    5.0    5.0    5.0   10.0    5.0   15.0    5.0   35.0   50.0   45.0   15.0    5.0    5.0    5.0    5.0   15.0   25.0   10.0    5.0   15.0   15.0   20.0
  804    5.0    5.0    5.0    5.0    5.0    5.0   15.0    5.0   35.0   50.0   45.0   20.0   10.0    5.0   10.0    5.0   15.0   25.0   15.0    5.0   15.0   15.0   25.0
  810    5.0    5.0   10.0    5.0   15.0   10.0   15.0    5.0   35.0   50.0   40.0   15.0   15.0    5.0   10.0   15.0   15.0   25.0   15.0    5.0   15.0   15.0   20.0
  811    5.0    5.0   15.0   15.0    5.0    5.0   15.0    5.0   35.0   55.0   45.0   20.0   10.0    5.0    5.0    5.0   15.0   30.0   15.0    5.0   15.0   25.0   25.0
  812    5.0   10.0   15.0    5.0    5.0    5.0   15.0    5.0   40.0   50.0   45.0   20.0   15.0    5.0   10.0   15.0   20.0   20.0   10.0    5.0   25.0   15.0   25.0
  813    5.0    5.0   15.0    5.0    5.0    5.0   10.0    5.0   40.0   50.0   45.0   25.0   10.0    5.0    5.0   15.0   25.0   30.0   15.0    5.0   25.0   25.0   25.0
  815    5.0    5.0   10.0   15.0   45.0   25.0   10.0    5.0   30.0   50.0   45.0   20.0   15.0    5.0   10.0    5.0   20.0   20.0    5.0    5.0   20.0    5.0   15.0
  822    5.0    5.0   10.0    5.0   15.0   10.0   15.0    5.0   35.0   50.0   40.0   15.0   15.0    5.0   10.0   15.0   15.0   25.0   15.0    5.0   15.0   15.0   20.0
  823    5.0    5.0    5.0    5.0   10.0    5.0   15.0    5.0   35.0   50.0   45.0   15.0    5.0    5.0    5.0    5.0   15.0   25.0   10.0    5.0   15.0   15.0   20.0
  825    5.0    5.0   10.0    5.0   15.0   10.0   15.0    5.0   35.0   50.0   40.0   15.0   15.0    5.0   10.0   15.0   15.0   25.0   15.0    5.0   15.0   15.0   20.0
  827    5.0    5.0   15.0    5.0    5.0    5.0   15.0    5.0   35.0   50.0   45.0   20.0    5.0    5.0    5.0    5.0   15.0   25.0   15.0    5.0   15.0   25.0   25.0
  828    5.0   10.0   15.0    5.0    5.0    5.0   15.0    5.0   40.0   50.0   45.0   20.0   15.0    5.0   10.0   15.0   20.0   20.0   10.0    5.0   25.0   15.0   25.0
  832    5.0    5.0    5.0    5.0   25.0   15.0   10.0    5.0   35.0   50.0   45.0   20.0   15.0    5.0    5.0   15.0   15.0   25.0    5.0    5.0   10.0    5.0   20.0
  834    5.0    5.0   15.0    5.0   20.0    5.0    5.0    5.0   35.0   50.0   45.0   20.0   15.0   15.0   10.0   15.0   15.0   20.0    5.0    5.0    5.0    5.0   20.0
  836    5.0    5.0    5.0    5.0   10.0    5.0   15.0    5.0   35.0   50.0   45.0   15.0    5.0    5.0    5.0    5.0   15.0   25.0   10.0    5.0   15.0   15.0   20.0
  844    5.0    5.0    5.0    5.0    5.0    5.0   15.0    5.0   35.0   50.0   45.0   20.0   10.0    5.0   10.0    5.0   15.0   25.0   15.0    5.0   15.0   15.0   25.0
  850    5.0    5.0   25.0   15.0    5.0    5.0   10.0    5.0   35.0   55.0   45.0   25.0   15.0    5.0    5.0    5.0   25.0   30.0   15.0    5.0   25.0   30.0   25.0
  876    5.0   30.0   45.0   65.0   20.0    5.0   15.0   20.0   35.0   55.0   65.0   60.0   20.0   15.0    5.0    5.0   15.0   25.0   25.0   10.0   15.0   20.0   25.0
  877    5.0    5.0   45.0   10.0   50.0    5.0   10.0    5.0   35.0   45.0   35.0   10.0   10.0    5.0   20.0   15.0   15.0   15.0   10.0    5.0   10.0    5.0   20.0
  887    5.0    5.0   10.0    5.0   25.0    5.0    5.0    5.0   40.0   50.0   45.0   15.0    5.0    5.0    5.0   15.0   15.0   20.0    5.0    5.0    5.0   10.0   15.0
  900    5.0    5.0   25.0   15.0    5.0    5.0   10.0    5.0   35.0   55.0   45.0   25.0   15.0    5.0    5.0    5.0   25.0   30.0   15.0    5.0   25.0   30.0   25.0
  901    5.0    5.0   25.0   15.0    5.0    5.0   10.0    5.0   35.0   55.0   45.0   25.0   15.0    5.0    5.0    5.0   25.0   30.0   15.0    5.0   25.0   30.0   25.0
  907    5.0   20.0   35.0   10.0    5.0    5.0    5.0    5.0   45.0   60.0   45.0   20.0    5.0    5.0    5.0   20.0   25.0   25.0   15.0   15.0   20.0   30.0   30.0
  908    5.0    5.0   25.0    5.0    5.0    5.0    5.0    5.0   45.0   55.0   45.0   20.0    5.0    5.0    5.0   15.0   20.0   25.0   15.0   10.0   25.0   20.0   25.0
  909    5.0   10.0   35.0   15.0    5.0    5.0    5.0    5.0   45.0   60.0   40.0   20.0    5.0    5.0    5.0   20.0   25.0   25.0   20.0   10.0   30.0   30.0   30.0
  912    5.0   10.0    5.0    5.0   10.0   10.0   15.0    5.0   45.0   50.0   45.0   25.0   15.0    5.0   15.0   15.0   25.0   25.0   10.0    5.0   15.0   20.0   20.0
  915    5.0   20.0   15.0    5.0    5.0    5.0    5.0    5.0   45.0   60.0   45.0   20.0   10.0    5.0   10.0   15.0   25.0   25.0   15.0   10.0   20.0   25.0   30.0
  917    5.0   20.0   35.0   10.0    5.0    5.0    5.0    5.0   45.0   60.0   45.0   20.0    5.0    5.0    5.0   20.0   25.0   25.0   15.0   15.0   20.0   30.0   30.0
  918    5.0   20.0   35.0   10.0    5.0    5.0    5.0    5.0   45.0   60.0   45.0   20.0    5.0    5.0    5.0   20.0   25.0   25.0   15.0   15.0   20.0   30.0   30.0
  919    5.0   10.0   15.0    5.0    5.0    5.0   15.0    5.0   40.0   50.0   45.0   20.0   15.0    5.0   10.0   15.0   20.0   20.0   10.0    5.0   25.0   15.0   25.0
  920    5.0   20.0   15.0    5.0    5.0    5.0    5.0    5.0   45.0   60.0   45.0   20.0   10.0    5.0   10.0   15.0   25.0   25.0   15.0   10.0   20.0   25.0   30.0
  923    5.0    5.0   25.0   15.0    5.0    5.0    5.0    5.0   45.0   65.0   55.0   25.0   20.0   15.0    5.0   15.0   20.0   30.0   20.0    5.0   25.0   25.0   25.0
  932    5.0   30.0   15.0    5.0    5.0    5.0    5.0    5.0   45.0   60.0   45.0   20.0    5.0    5.0   15.0   15.0   20.0   20.0   15.0   15.0   25.0   20.0   25.0
  936    5.0   20.0   15.0    5.0    5.0    5.0    5.0    5.0   45.0   60.0   45.0   20.0   10.0    5.0   10.0   15.0   25.0   25.0   15.0   10.0   20.0   25.0   30.0
  940    5.0    5.0   25.0    5.0    5.0    5.0    5.0    5.0   45.0   55.0   45.0   20.0    5.0    5.0    5.0   15.0   20.0   25.0   15.0   10.0   25.0   20.0   25.0
  946    5.0   10.0    5.0    5.0   10.0   10.0   15.0    5.0   45.0   50.0   45.0   25.0   15.0    5.0   15.0   15.0   25.0   25.0   10.0    5.0   15.0   20.0   20.0
  790    5.0   45.0   45.0    5.0    5.0    5.0    5.0    5.0   50.0   60.0   45.0   15.0    5.0    5.0   15.0   20.0   25.0   25.0   20.0   30.0   30.0   35.0   35.0
10111    5.0    5.0   15.0   15.0   45.0    5.0    5.0    5.0   40.0   45.0   40.0   15.0   10.0    5.0   10.0   15.0   10.0   15.0    5.0    5.0   10.0    5.0   15.0
10112    5.0    5.0   15.0   15.0   45.0    5.0    5.0    5.0   40.0   45.0   40.0   15.0   10.0    5.0   10.0   15.0   10.0   15.0    5.0    5.0   10.0    5.0   15.0
10121   20.0   10.0    5.0    5.0   35.0   15.0   40.0   20.0   50.0   50.0   50.0   30.0   20.0   10.0   20.0    5.0   25.0   15.0   15.0    5.0   25.0   20.0   20.0
10122   20.0   10.0    5.0    5.0   35.0   15.0   40.0   20.0   50.0   50.0   50.0   30.0   20.0   10.0   20.0    5.0   25.0   15.0   15.0    5.0   25.0   20.0   20.0
10131    5.0    5.0   15.0   15.0    5.0    5.0   15.0   15.0   40.0   50.0   50.0   45.0   15.0   10.0   15.0    5.0   15.0   20.0   15.0    5.0   10.0   20.0   25.0
10132    5.0    5.0   15.0   15.0    5.0    5.0   15.0   15.0   40.0   50.0   50.0   45.0   15.0   10.0   15.0    5.0   15.0   20.0   15.0    5.0   10.0   20.0   25.0
10141   15.0   10.0   30.0   25.0   50.0   20.0   25.0   10.0   30.0   50.0   40.0   15.0   10.0    5.0   20.0   15.0   15.0   20.0   15.0   15.0   20.0    5.0   20.0
10142   15.0   10.0   30.0   25.0   50.0   20.0   25.0   10.0   30.0   50.0   40.0   15.0   10.0    5.0   20.0   15.0   15.0   20.0   15.0   15.0   20.0    5.0   20.0
10151    5.0    5.0   10.0    5.0   25.0    5.0    5.0    5.0   40.0   50.0   45.0   15.0    5.0    5.0    5.0   15.0   15.0   20.0    5.0    5.0    5.0   10.0   15.0
10152    5.0    5.0   10.0    5.0   25.0    5.0    5.0    5.0   40.0   50.0   45.0   15.0    5.0    5.0    5.0   15.0   15.0   20.0    5.0    5.0    5.0   10.0   15.0
10161    5.0    5.0   15.0    5.0   20.0    5.0    5.0    5.0   35.0   50.0   45.0   20.0   15.0   15.0   10.0   15.0   15.0   20.0    5.0    5.0    5.0    5.0   20.0
10162    5.0    5.0   15.0    5.0   20.0    5.0    5.0    5.0   35.0   50.0   45.0   20.0   15.0   15.0   10.0   15.0   15.0   20.0    5.0    5.0    5.0    5.0   20.0
10171    5.0    5.0   10.0   15.0   45.0   25.0   10.0    5.0   30.0   50.0   45.0   20.0   15.0    5.0   10.0    5.0   20.0   20.0    5.0    5.0   20.0    5.0   15.0
10172    5.0    5.0   10.0   15.0   45.0   25.0   10.0    5.0   30.0   50.0   45.0   20.0   15.0    5.0   10.0    5.0   20.0   20.0    5.0    5.0   20.0    5.0   15.0
10181    5.0   50.0   20.0    5.0    5.0    5.0    5.0   15.0   50.0   65.0   40.0   20.0    5.0    5.0   15.0   15.0   25.0   20.0   10.0   15.0   20.0   30.0   30.0
10182    5.0   50.0   20.0    5.0    5.0    5.0    5.0   15.0   50.0   65.0   40.0   20.0    5.0    5.0   15.0   15.0   25.0   20.0   10.0   15.0   20.0   30.0   30.0
10192    5.0   30.0   15.0    5.0    5.0    5.0    5.0    5.0   45.0   60.0   45.0   20.0    5.0    5.0   15.0   15.0   20.0   20.0   15.0   15.0   25.0   20.0   25.0
10201    5.0   20.0   10.0    5.0    5.0    5.0    5.0    5.0   50.0   55.0   50.0   25.0    5.0    5.0   10.0   15.0   20.0   20.0    5.0   15.0   15.0   20.0   20.0
10202    5.0   20.0   10.0    5.0    5.0    5.0    5.0    5.0   50.0   55.0   50.0   25.0    5.0    5.0   10.0   15.0   20.0   20.0    5.0   15.0   15.0   20.0   20.0
10211    5.0    5.0   10.0    5.0   10.0    5.0    5.0    5.0   40.0   50.0   40.0   25.0   15.0   15.0   10.0   15.0   15.0   20.0    5.0    5.0   15.0   15.0   20.0
10212    5.0   10.0    5.0    5.0   10.0   10.0   15.0    5.0   45.0   50.0   45.0   25.0   15.0    5.0   15.0   15.0   25.0   25.0   10.0    5.0   15.0   20.0   20.0
10221    5.0    5.0    5.0    5.0    5.0    5.0   15.0    5.0   35.0   50.0   45.0   20.0   10.0    5.0   10.0    5.0   15.0   25.0   15.0    5.0   15.0   15.0   25.0
10222    5.0    5.0    5.0    5.0    5.0    5.0   15.0    5.0   35.0   50.0   45.0   20.0   10.0    5.0   10.0    5.0   15.0   25.0   15.0    5.0   15.0   15.0   25.0
10231    5.0   30.0   15.0    5.0    5.0    5.0    5.0    5.0   45.0   60.0   45.0   20.0    5.0    5.0   15.0   15.0   20.0   20.0   15.0   15.0   25.0   20.0   25.0
10232    5.0   30.0   15.0    5.0    5.0    5.0    5.0    5.0   45.0   60.0   45.0   20.0    5.0    5.0   15.0   15.0   20.0   20.0   15.0   15.0   25.0   20.0   25.0
10241    5.0    5.0   10.0   15.0   45.0   25.0   10.0    5.0   30.0   50.0   45.0   20.0   15.0    5.0   10.0    5.0   20.0   20.0    5.0    5.0   20.0    5.0   15.0
10242    5.0    5.0   20.0   15.0   50.0   15.0    5.0    5.0   30.0   50.0   45.0   10.0   10.0    5.0   10.0   10.0   25.0   20.0   15.0   15.0   20.0    5.0   20.0
10251    5.0    5.0   10.0    5.0   15.0   10.0   15.0    5.0   35.0   50.0   40.0   15.0   15.0    5.0   10.0   15.0   15.0   25.0   15.0    5.0   15.0   15.0   20.0
10252    5.0   10.0   15.0    5.0    5.0    5.0   15.0    5.0   40.0   50.0   45.0   20.0   15.0    5.0   10.0   15.0   20.0   20.0   10.0    5.0   25.0   15.0   25.0
10261   65.0   90.0   65.0   10.0    5.0    5.0    5.0   20.0   55.0   70.0   50.0   15.0   15.0   15.0   15.0   20.0   30.0   35.0   30.0   40.0   35.0   35.0   30.0
10262   65.0   90.0   65.0   10.0    5.0    5.0    5.0   20.0   55.0   70.0   50.0   15.0   15.0   15.0   15.0   20.0   30.0   35.0   30.0   40.0   35.0   35.0   30.0
10272   65.0   90.0   65.0   10.0    5.0    5.0    5.0   20.0   55.0   70.0   50.0   15.0   15.0   15.0   15.0   20.0   30.0   35.0   30.0   40.0   35.0   35.0   30.0
10281    5.0   30.0   15.0    5.0   10.0    5.0    5.0    5.0   50.0   60.0   45.0   20.0   10.0    5.0   15.0   20.0   20.0   20.0   10.0   15.0   25.0   20.0   30.0
10282    5.0   30.0   15.0    5.0   10.0    5.0    5.0    5.0   50.0   60.0   45.0   20.0   10.0    5.0   15.0   20.0   20.0   20.0   10.0   15.0   25.0   20.0   30.0
20111    5.0   20.0   50.0   15.0   50.0   15.0   15.0    5.0   45.0   50.0   40.0   15.0   15.0    5.0   15.0   20.0   15.0   15.0   10.0    5.0   10.0    5.0   20.0
20121    5.0    5.0   15.0   15.0   45.0    5.0    5.0    5.0   40.0   45.0   40.0   15.0   10.0    5.0   10.0   15.0   10.0   15.0    5.0    5.0   10.0    5.0   15.0
20131    5.0    5.0   15.0   15.0   45.0    5.0    5.0    5.0   40.0   45.0   40.0   15.0   10.0    5.0   10.0   15.0   10.0   15.0    5.0    5.0   10.0    5.0   15.0
20141    5.0    5.0    5.0    5.0   20.0   10.0   30.0    5.0   30.0   50.0   45.0   15.0   10.0   10.0   20.0    5.0   20.0   20.0   20.0    5.0   20.0    5.0   20.0
20151    5.0    5.0   10.0    5.0   25.0    5.0    5.0    5.0   40.0   50.0   45.0   15.0    5.0    5.0    5.0   15.0   15.0   20.0    5.0    5.0    5.0   10.0   15.0
20161    5.0   20.0   10.0    5.0   15.0    5.0    5.0    5.0   45.0   50.0   40.0   20.0    5.0    5.0   15.0   15.0   15.0   20.0    5.0    5.0   15.0   15.0   15.0
20171    5.0   10.0    5.0    5.0   10.0   10.0   15.0    5.0   45.0   50.0   45.0   25.0   15.0    5.0   15.0   15.0   25.0   25.0   10.0    5.0   15.0   20.0   20.0
20181    5.0   20.0   10.0    5.0    5.0    5.0    5.0    5.0   50.0   55.0   50.0   25.0    5.0    5.0   10.0   15.0   20.0   20.0    5.0   15.0   15.0   20.0   20.0
20191    5.0   20.0    5.0    5.0    5.0    5.0    5.0    5.0   50.0   50.0   35.0   20.0    5.0    5.0    5.0   15.0   20.0   20.0    5.0   15.0   20.0   20.0   20.0
20201    5.0   30.0   15.0    5.0   10.0    5.0    5.0    5.0   50.0   60.0   45.0   20.0   10.0    5.0   15.0   20.0   20.0   20.0   10.0   15.0   25.0   20.0   30.0
20211    5.0   50.0   15.0    5.0    5.0    5.0    5.0    5.0   50.0   65.0   45.0   15.0   10.0    5.0   15.0   15.0   20.0   20.0   15.0   20.0   20.0   25.0   30.0
20221    5.0   45.0   45.0    5.0    5.0    5.0    5.0    5.0   50.0   60.0   45.0   15.0    5.0    5.0   15.0   20.0   25.0   25.0   20.0   30.0   30.0   35.0   35.0
20231    5.0   75.0   40.0    5.0    5.0    5.0    5.0   15.0   50.0   65.0   40.0   15.0   10.0    5.0   15.0   15.0   25.0   20.0   15.0   25.0   30.0   30.0   30.0
20241    5.0   75.0   40.0    5.0    5.0    5.0    5.0   15.0   50.0   65.0   40.0   15.0   10.0    5.0   15.0   15.0   25.0   20.0   15.0   25.0   30.0   30.0   30.0
20251    5.0    5.0   15.0    5.0    5.0    5.0   10.0    5.0   40.0   50.0   45.0   25.0   10.0    5.0    5.0   15.0   25.0   30.0   15.0    5.0   25.0   25.0   25.0
20261    5.0    5.0    5.0    5.0   15.0    5.0   20.0    5.0   30.0   50.0   40.0   15.0    5.0    5.0   15.0    5.0   15.0   20.0   15.0    5.0   15.0   10.0   15.0
20271    5.0    5.0   10.0    5.0   15.0   10.0   15.0    5.0   35.0   50.0   40.0   15.0   15.0    5.0   10.0   15.0   15.0   25.0   15.0    5.0   15.0   15.0   20.0
20281    5.0    5.0   10.0    5.0   15.0   10.0   15.0    5.0   35.0   50.0   40.0   15.0   15.0    5.0   10.0   15.0   15.0   25.0   15.0    5.0   15.0   15.0   20.0
20291    5.0    5.0   15.0    5.0    5.0    5.0   15.0    5.0   35.0   50.0   45.0   20.0    5.0    5.0    5.0    5.0   15.0   25.0   15.0    5.0   15.0   25.0   25.0
20301    5.0   20.0   15.0    5.0    5.0    5.0    5.0    5.0   45.0   60.0   45.0   20.0   10.0    5.0   10.0   15.0   25.0   25.0   15.0   10.0   20.0   25.0   30.0
30111    5.0    5.0   15.0   15.0   45.0    5.0    5.0    5.0   40.0   45.0   40.0   15.0   10.0    5.0   10.0   15.0   10.0   15.0    5.0    5.0   10.0    5.0   15.0
30121    5.0   20.0   50.0   15.0   50.0   15.0   15.0    5.0   45.0   50.0   40.0   15.0   15.0    5.0   15.0   20.0   15.0   15.0   10.0    5.0   10.0    5.0   20.0
30131   25.0   25.0   35.0   15.0   45.0   15.0   40.0   15.0   45.0   50.0   45.0   20.0   20.0   10.0   20.0    5.0   25.0   20.0   20.0   10.0   25.0    5.0   35.0
30141    5.0   10.0    5.0    5.0   10.0   10.0   15.0    5.0   45.0   50.0   45.0   25.0   15.0    5.0   15.0   15.0   25.0   25.0   10.0    5.0   15.0   20.0   20.0
30151    5.0   30.0   15.0    5.0   10.0    5.0    5.0    5.0   50.0   60.0   45.0   20.0   10.0    5.0   15.0   20.0   20.0   20.0   10.0   15.0   25.0   20.0   30.0
30161    5.0   10.0   15.0    5.0    5.0    5.0   15.0    5.0   40.0   50.0   45.0   20.0   15.0    5.0   10.0   15.0   20.0   20.0   10.0    5.0   25.0   15.0   25.0
30171    5.0    5.0   15.0    5.0    5.0    5.0   10.0    5.0   40.0   50.0   45.0   25.0   10.0    5.0    5.0   15.0   25.0   30.0   15.0    5.0   25.0   25.0   25.0
30181    5.0    5.0   15.0    5.0    5.0    5.0   10.0    5.0   40.0   50.0   45.0   25.0   10.0    5.0    5.0   15.0   25.0   30.0   15.0    5.0   25.0   25.0   25.0
30191    5.0    5.0   15.0    5.0    5.0    5.0   10.0    5.0   40.0   50.0   45.0   25.0   10.0    5.0    5.0   15.0   25.0   30.0   15.0    5.0   25.0   25.0   25.0
30201    5.0   10.0    5.0    5.0   10.0   10.0   15.0    5.0   45.0   50.0   45.0   25.0   15.0    5.0   15.0   15.0   25.0   25.0   10.0    5.0   15.0   20.0   20.0
30211    5.0   10.0   15.0    5.0    5.0    5.0   15.0    5.0   40.0   50.0   45.0   20.0   15.0    5.0   10.0   15.0   20.0   20.0   10.0    5.0   25.0   15.0   25.0
30221    5.0   30.0   15.0    5.0    5.0    5.0    5.0    5.0   45.0   60.0   45.0   20.0    5.0    5.0   15.0   15.0   20.0   20.0   15.0   15.0   25.0   20.0   25.0
30231    5.0   20.0   15.0    5.0    5.0    5.0    5.0    5.0   45.0   60.0   45.0   20.0   10.0    5.0   10.0   15.0   25.0   25.0   15.0   10.0   20.0   25.0   30.0
30241    5.0   30.0   15.0    5.0    5.0    5.0    5.0    5.0   45.0   60.0   45.0   20.0    5.0    5.0   15.0   15.0   20.0   20.0   15.0   15.0   25.0   20.0   25.0
30251    5.0   40.0   25.0    5.0    5.0    5.0    5.0    5.0   45.0   60.0   45.0   15.0    5.0    5.0    5.0   15.0   25.0   25.0   15.0   15.0   20.0   25.0   30.0
40111    5.0    5.0   40.0   25.0   55.0    5.0   10.0    5.0   45.0   45.0   35.0   15.0   10.0    5.0   15.0   15.0   10.0   15.0   10.0    5.0   15.0   15.0   15.0
40121    5.0    5.0   40.0   25.0   55.0    5.0   10.0    5.0   45.0   45.0   35.0   15.0   10.0    5.0   15.0   15.0   10.0   15.0   10.0    5.0   15.0   15.0   15.0
40131    5.0    5.0   40.0   25.0   55.0    5.0   10.0    5.0   45.0   45.0   35.0   15.0   10.0    5.0   15.0   15.0   10.0   15.0   10.0    5.0   15.0   15.0   15.0
40141    5.0    5.0   45.0   10.0   50.0    5.0   10.0    5.0   35.0   45.0   35.0   10.0   10.0    5.0   20.0   15.0   15.0   15.0   10.0    5.0   10.0    5.0   20.0
40151    5.0    5.0   15.0   15.0   45.0    5.0    5.0    5.0   40.0   45.0   40.0   15.0   10.0    5.0   10.0   15.0   10.0   15.0    5.0    5.0   10.0    5.0   15.0
40161    5.0    5.0    5.0    5.0   10.0    5.0    5.0    5.0   45.0   45.0   40.0   15.0   15.0    5.0    5.0    5.0    5.0   15.0    5.0    5.0    5.0   15.0   15.0
40171   35.0   10.0   50.0   15.0   50.0   15.0   30.0   15.0   40.0   50.0   45.0   20.0   25.0   10.0   25.0   15.0   20.0   15.0   20.0   10.0   15.0    5.0   25.0
40181    5.0   20.0   50.0   15.0   50.0   15.0   15.0    5.0   45.0   50.0   40.0   15.0   15.0    5.0   15.0   20.0   15.0   15.0   10.0    5.0   10.0    5.0   20.0
40191    5.0   20.0   50.0   15.0   50.0   15.0   15.0    5.0   45.0   50.0   40.0   15.0   15.0    5.0   15.0   20.0   15.0   15.0   10.0    5.0   10.0    5.0   20.0
40201   15.0   10.0   30.0   25.0   50.0   20.0   25.0   10.0   30.0   50.0   40.0   15.0   10.0    5.0   20.0   15.0   15.0   20.0   15.0   15.0   20.0    5.0   20.0
40211    5.0    5.0   10.0   15.0   25.0   10.0   45.0   15.0   30.0   50.0   50.0   40.0   10.0    5.0   20.0   15.0   20.0   20.0   15.0   10.0   30.0   15.0   30.0
40221    5.0    5.0   10.0   15.0   25.0   10.0   45.0   15.0   30.0   50.0   50.0   40.0   10.0    5.0   20.0   15.0   20.0   20.0   15.0   10.0   30.0   15.0   30.0
40231    5.0    5.0   10.0   15.0   25.0   10.0   45.0   15.0   30.0   50.0   50.0   40.0   10.0    5.0   20.0   15.0   20.0   20.0   15.0   10.0   30.0   15.0   30.0
40241    5.0    5.0   10.0    5.0   30.0    5.0    5.0    5.0   35.0   50.0   45.0   15.0   15.0    5.0    5.0   15.0   15.0   20.0    5.0    5.0   10.0   15.0   20.0
40251    5.0    5.0   10.0    5.0   10.0    5.0    5.0    5.0   40.0   50.0   40.0   25.0   15.0   15.0   10.0   15.0   15.0   20.0    5.0    5.0   15.0   15.0   20.0
40262    5.0   30.0   15.0    5.0    5.0    5.0    5.0    5.0   45.0   60.0   45.0   20.0    5.0    5.0   15.0   15.0   20.0   20.0   15.0   15.0   25.0   20.0   25.0
40271    5.0   30.0   15.0    5.0    5.0    5.0    5.0    5.0   45.0   60.0   45.0   20.0    5.0    5.0   15.0   15.0   20.0   20.0   15.0   15.0   25.0   20.0   25.0
40281    5.0   75.0   40.0    5.0    5.0    5.0    5.0   15.0   50.0   65.0   40.0   15.0   10.0    5.0   15.0   15.0   25.0   20.0   15.0   25.0   30.0   30.0   30.0
40291    5.0    5.0    5.0    5.0    5.0    5.0    5.0   15.0   20.0   45.0   45.0   25.0    5.0    5.0    5.0    5.0    5.0   25.0   15.0    5.0    5.0   20.0   25.0
40301    5.0    5.0    5.0    5.0    5.0    5.0   20.0    5.0   30.0   50.0   50.0   25.0   15.0    5.0   10.0    5.0   15.0   25.0   15.0    5.0   10.0   15.0   20.0
40311    5.0    5.0   25.0   15.0    5.0    5.0   10.0    5.0   35.0   55.0   45.0   25.0   15.0    5.0    5.0    5.0   25.0   30.0   15.0    5.0   25.0   30.0   25.0
40321    5.0    5.0   25.0    5.0    5.0    5.0    5.0    5.0   45.0   55.0   45.0   20.0    5.0    5.0    5.0   15.0   20.0   25.0   15.0   10.0   25.0   20.0   25.0
40331    5.0   30.0   15.0    5.0    5.0    5.0    5.0    5.0   45.0   60.0   45.0   20.0    5.0    5.0   15.0   15.0   20.0   20.0   15.0   15.0   25.0   20.0   25.0
40341    5.0    5.0   25.0    5.0    5.0    5.0    5.0    5.0   45.0   55.0   45.0   20.0    5.0    5.0    5.0   15.0   20.0   25.0   15.0   10.0   25.0   20.0   25.0
40351    5.0    5.0   25.0   15.0    5.0    5.0    5.0    5.0   45.0   65.0   55.0   25.0   20.0   15.0    5.0   15.0   20.0   30.0   20.0    5.0   25.0   25.0   25.0
40361    5.0    5.0   25.0    5.0    5.0    5.0    5.0    5.0   45.0   55.0   45.0   20.0    5.0    5.0    5.0   15.0   20.0   25.0   15.0   10.0   25.0   20.0   25.0
