2014061600+000HOUR     2014061609LST
STNID    21H    45H    69H    93H   117H   141H   165H   189H   213H   237H   261H   285H
STNID 061706 061806 061906 062006 062106 062206 062306 062406 062506 062606 062706 062806LST
47008   12.3   10.9   12.4   12.5    9.9   12.6   13.5   14.4   12.5   14.9   14.3   13.4
47014   16.6   17.1   16.0   17.4   16.0   16.5   16.8   16.5   17.7   16.7   17.4   16.8
47041   14.8   13.7   14.1   14.9   15.9   16.2   17.0   18.0   17.7   17.9   18.7   19.3
47058   19.4   19.3   19.6   19.5   20.0   18.3   19.1   18.3   19.6   19.8   20.3   21.0
47069   21.0   20.8   20.7   17.1   21.2   19.5   19.9   18.9   18.2   16.9   20.0   22.1
47070   19.9   18.1   18.9   18.2   19.4   17.6   18.2   18.1   18.4   18.4   20.9   20.6
47090   15.4   16.1   14.7   16.3   17.7   16.2   17.0   17.8   18.5   16.6   19.0   19.5
47095   18.3   15.8   17.9   17.5   19.6   15.5   16.3   17.1   18.2   17.7   19.2   19.2
47098   18.4   17.0   18.4   18.1   19.1   15.3   17.6   16.7   18.4   18.3   20.4   20.4
47099   19.3   18.3   18.3   17.7   18.9   18.0   17.6   17.2   19.4   17.4   20.1   21.6
47100   12.8   11.6   12.4   14.8   13.4   10.2   12.2   14.5   15.2   12.7   13.4   13.4
47101   19.8   17.3   18.7   18.9   19.4   16.5   16.3   18.0   18.4   17.2   20.5   20.3
47102   16.2   15.4   15.1   15.7   14.0   13.3   13.7   15.1   15.2   16.9   17.8   15.9
47104   15.5   15.7   15.5   16.6   16.9   16.0   15.9   18.6   19.9   19.3   19.1   19.4
47105   16.3   16.2   16.4   17.4   17.6   16.0   17.2   19.5   20.2   21.0   20.0   19.0
47106   16.6   15.8   15.0   16.8   16.6   14.8   16.4   18.7   19.2   19.4   18.5   18.9
47108   20.7   20.1   18.8   19.9   20.5   18.4   19.1   18.6   20.1   19.7   23.8   21.9
47112   19.2   19.1   17.4   17.3   21.5   18.4   18.3   18.4   19.1   20.3   22.5   20.2
47114   19.0   18.7   18.6   19.2   19.8   17.2   18.4   18.7   16.7   18.1   20.1   18.4
47115   17.8   16.5   13.8   14.5   14.5   15.1   14.8   17.2   15.7   17.4   18.1   19.3
47119   18.8   18.7   17.5   18.2   19.7   18.9   18.7   19.5   18.1   20.1   22.4   20.9
47121   17.9   16.6   18.1   18.0   17.4   16.9   16.6   17.5   17.0   18.5   17.3   18.5
47127   18.6   19.8   17.6   19.7   18.9   17.5   17.8   17.7   18.4   16.8   18.5   18.6
47129   17.3   16.6   16.1   16.9   21.5   17.9   16.6   18.9   19.4   19.8   20.0   19.1
47130   17.4   15.0   15.8   15.4   15.9   16.1   16.9   17.5   18.0   19.0   17.3   16.1
47131   20.9   19.7   18.6   19.9   22.2   17.0   18.0   18.9   19.7   20.9   22.3   20.6
47133   20.3   19.2   19.1   20.0   21.6   17.6   19.0   18.8   19.6   21.2   21.4   20.3
47135   19.1   15.8   17.2   18.0   18.0   15.1   15.9   16.3   17.5   18.4   18.3   18.6
47136   19.9   18.1   17.8   19.1   17.6   16.7   18.3   17.5   18.5   18.9   18.5   19.0
47137   20.1   17.1   18.8   19.0   17.6   16.2   17.5   18.4   18.8   21.1   19.7   19.3
47138   19.1   18.3   17.4   19.2   19.4   15.6   19.6   19.5   20.7   22.1   21.4   19.5
47140   18.0   17.6   17.0   16.6   19.9   14.5   19.4   18.4   19.4   18.6   18.7   19.3
47143   23.1   18.7   19.7   20.6   19.7   17.1   18.1   20.0   21.1   22.0   22.1   20.3
47146   20.0   18.4   18.2   19.6   22.1   13.4   18.9   19.0   19.4   20.0   19.6   19.6
47152   21.0   16.2   17.2   18.8   18.6   15.8   17.6   19.2   19.3   21.0   19.4   19.1
47155   20.3   18.3   18.5   19.5   19.5   19.6   17.8   19.1   20.0   20.6   20.7   21.0
47156   20.0   18.3   18.8   20.9   20.5   18.0   20.5   19.4   20.3   21.6   21.7   20.8
47159   21.0   16.9   18.3   19.8   20.4   19.2   17.9   20.0   20.3   21.5   21.3   20.4
47162   19.7   18.4   17.1   18.2   17.7   18.6   16.7   18.4   19.3   19.8   20.0   20.1
47165   18.6   18.2   16.8   18.2   18.6   17.0   18.7   19.7   20.3   20.2   21.1   20.2
47168   20.4   18.9   19.1   20.0   20.6   19.5   18.5   19.3   21.2   20.5   21.4   20.9
47169   16.9   16.2   16.4   18.8   16.9   16.2   17.5   17.7   19.6   17.7   17.9   18.5
47170   18.5   16.6   18.5   18.3   18.6   19.7   18.9   19.8   20.3   19.8   20.0   19.9
47172   18.6   16.2   16.8   18.6   18.5   16.1   16.4   18.0   17.5   19.2   21.4   21.0
47174   18.6   15.9   17.0   16.9   18.2   15.1   16.7   16.3   16.4   17.8   19.7   18.7
47175   15.9   13.1   16.0   16.5   16.0   13.1   16.2   17.9   18.9   18.4   17.3   17.0
47184   17.9   17.9   18.5   19.2   20.8   19.2   18.3   21.4   21.7   21.2   20.7   20.6
47185   17.9   16.8   19.0   20.4   21.2   18.9   19.5   20.1   21.4   19.7   19.2   19.3
47188   17.2   18.4   17.5   17.9   19.5   19.6   21.3   19.9   21.2   19.9   20.1   19.5
47189   18.1   18.5   18.6   20.1   23.0   19.5   21.1   22.0   23.0   21.1   21.2   21.2
47192   20.1   17.3   17.6   17.3   18.1   14.3   17.3   17.9   18.3   18.4   18.8   19.9
   96   19.3   18.5   14.4   18.0   19.4   15.9   13.9   15.0   16.6   17.6   19.4   20.5
