2014061600+000HOUR     2014061609LST
STNID     6H    30H    54H    78H   102H   126H   150H   174H   198H   222H   246H   270H
STNID 061615 061715 061815 061915 062015 062115 062215 062315 062415 062515 062615 062715LST
47008   16.5   13.8   13.0   14.1   16.3   15.1   19.0   20.8   20.9   20.8   19.9   19.5
47014   26.6   26.8   22.8   20.2   23.8   23.4   25.4   22.5   23.8   26.4   23.3   27.2
47041   25.8   18.4   18.1   16.4   17.5   16.5   22.2   25.8   26.3   27.3   24.4   26.9
47058   30.8   28.8   26.8   21.7   22.5   24.6   24.0   24.7   24.5   22.8   27.8   28.6
47069   27.7   27.1   29.1   23.9   22.7   24.3   24.3   26.4   23.9   22.0   27.2   28.7
47070   26.8   27.3   27.4   25.6   24.1   23.0   26.5   26.8   23.5   22.8   28.5   30.3
47090   27.9   23.2   22.3   19.1   20.1   17.6   22.7   32.2   25.8   27.6   26.4   25.1
47095   30.5   29.1   27.8   25.3   23.2   20.1   26.2   28.1   25.5   24.3   28.4   29.4
47098   31.6   30.8   30.8   26.4   25.7   22.7   28.8   31.2   27.8   26.1   30.5   32.8
47099   30.0   30.2   29.3   27.0   26.2   24.3   27.7   30.0   26.7   25.2   31.5   32.3
47100   27.5   22.3   22.4   21.6   19.5   18.3   20.0   21.8   21.9   22.0   19.6   19.9
47101   31.8   29.7   29.5   27.1   24.0   27.3   27.7   30.4   27.4   25.8   27.1   30.5
47102   23.2   22.8   23.5   19.8   21.8   21.0   21.0   22.6   18.7   19.8   23.2   24.2
47104   29.5   23.2   21.6   21.8   19.6   19.9   25.3   27.2   28.9   25.6   24.3   24.0
47105   30.6   24.6   22.6   22.4   20.3   23.0   24.5   27.0   29.8   27.0   26.5   25.2
47106   26.9   23.6   23.6   22.5   19.7   16.8   23.3   34.4   25.5   25.9   24.4   23.6
47108   -999   -999   -999   27.2   25.0   24.3   29.0   29.0   25.9   24.5   30.0   32.1
47112   25.8   25.1   27.4   23.8   24.5   20.4   24.9   25.2   23.9   21.8   27.2   27.7
47114   30.7   28.4   30.7   29.4   25.0   27.3   28.8   28.4   26.5   26.7   29.3   30.1
47115   26.5   24.7   18.3   19.7   19.8   19.3   19.3   21.9   25.8   22.5   23.5   20.4
47119   28.2   27.9   28.6   27.0   25.9   25.8   26.7   26.4   25.6   25.4   29.6   30.3
47121   30.7   28.8   30.7   29.4   24.7   26.6   28.3   29.7   27.1   26.7   27.7   27.2
47127   30.0   26.8   29.8   29.3   26.3   25.1   28.7   29.0   26.5   27.3   29.1   29.7
47129   27.7   26.3   27.6   27.0   26.5   24.1   26.3   25.9   23.9   26.2   25.6   27.5
47130   25.6   21.4   23.2   22.8   18.6   25.7   23.1   25.4   25.4   25.3   24.1   23.8
47131   30.3   27.1   29.9   30.2   28.6   25.9   28.0   28.3   26.9   26.8   26.3   29.4
47133   29.8   25.7   29.6   29.5   28.5   25.5   27.6   27.4   26.5   26.9   28.1   30.5
47135   28.1   25.9   28.1   28.3   28.6   23.4   25.1   26.0   25.2   23.8   25.6   27.9
47136   30.2   27.8   30.2   29.8   26.4   25.5   28.2   27.7   27.3   27.0   28.4   28.3
47137   29.9   27.3   30.0   29.2   26.5   25.4   27.8   27.0   27.2   26.1   26.9   28.8
47138   29.4   27.2   27.5   29.3   23.8   18.2   26.8   29.0   26.8   24.7   27.5   27.4
47140   26.7   24.1   26.2   26.6   26.5   23.7   26.7   26.3   25.7   25.8   25.4   28.3
47143   30.8   28.4   30.6   31.9   27.5   25.1   27.7   28.3   29.3   27.8   30.0   29.1
47146   30.7   24.9   31.1   31.6   29.0   26.3   29.7   29.0   27.5   28.1   28.8   32.4
47152   30.6   26.6   28.2   30.2   25.1   20.7   24.3   28.1   27.7   26.2   28.7   27.8
47155   28.6   22.9   28.4   27.6   24.8   23.4   24.7   26.5   25.8   25.3   27.5   26.3
47156   30.3   24.0   31.7   31.8   29.2   26.3   28.2   28.5   28.7   26.5   30.9   31.3
47159   26.6   22.6   26.3   25.7   25.6   20.5   23.9   26.2   26.9   25.5   27.3   25.6
47162   25.8   22.3   26.0   25.2   25.4   21.8   23.6   25.2   23.5   24.5   26.3   25.0
47165   26.7   20.4   28.1   26.8   25.8   22.2   24.1   25.0   24.2   24.8   27.7   29.9
47168   25.9   21.0   25.8   24.1   25.5   22.5   23.3   24.4   23.2   23.4   25.8   25.6
47169   20.8   18.3   23.0   23.4   22.7   20.1   21.5   22.2   24.5   23.3   24.4   24.8
47170   27.9   19.9   28.7   25.7   26.1   23.6   25.7   25.7   25.9   25.4   27.6   27.4
47172   29.5   23.3   29.3   28.9   26.3   23.8   27.5   26.7   25.6   25.7   25.0   28.9
47174   28.6   21.0   29.3   28.1   26.2   24.5   26.0   26.0   25.1   23.4   27.4   26.6
47175   25.9   18.4   26.9   25.1   23.6   22.7   25.1   24.6   23.9   23.8   26.0   26.7
47184   25.8   20.7   24.7   26.7   24.3   20.5   23.1   27.2   25.9   25.5   27.2   28.9
47185   22.9   19.3   24.6   25.5   23.9   20.9   22.5   27.0   22.9   24.6   23.5   25.7
47188   25.7   21.5   23.9   24.8   23.1   23.8   23.6   23.8   25.0   24.2   25.0   25.7
47189   25.3   20.4   25.9   26.4   24.5   23.9   24.7   24.5   23.4   25.1   26.5   27.9
47192   29.6   22.8   29.5   28.2   26.3   25.1   27.2   26.8   25.9   25.2   27.8   28.1
   96   22.9   22.3   21.6   19.5   18.5   18.2   16.6   20.9   23.0   20.7   21.5   22.7
