2014061512+000HOUR     2014061521LST
STNID     9H    33H    57H    81H   105H   129H   153H   177H   201H   225H   249H   273H
STNID 061606 061706 061806 061906 062006 062106 062206 062306 062406 062506 062606 062706LST
47008   13.3   12.8   12.3   11.0   10.4   13.9   14.6   11.9   14.1   13.9   14.9   14.1
47014   15.6   15.7   15.8   14.5   13.8   14.3   14.6   14.7   15.0   15.7   14.9   14.3
47041   16.6   15.0   14.6   14.9   15.5   13.6   15.2   14.5   17.2   18.0   18.3   17.1
47058   18.2   18.8   18.7   18.4   16.7   19.1   18.3   18.4   19.0   19.8   19.4   18.9
47069   18.0   19.9   18.8   18.5   16.2   20.5   20.0   18.6   20.2   18.5   17.7   17.7
47070   17.0   17.9   18.0   19.2   16.9   19.9   18.7   17.1   18.0   17.5   16.8   16.6
47090   21.4   15.4   16.5   16.0   18.5   16.4   17.2   15.3   17.3   15.6   15.8   16.3
47095   15.7   17.5   16.0   18.2   17.4   17.2   17.3   16.2   18.7   17.4   16.4   17.9
47098   16.4   17.1   17.4   18.8   16.6   19.2   17.3   16.7   17.8   17.0   17.0   18.2
47099   15.6   17.2   18.2   19.0   17.9   18.9   18.3   17.0   19.3   17.2   15.7   17.0
47100   14.3   13.1   11.0   12.7   15.0   12.8    9.7   12.8   12.0   13.7   14.0   15.4
47101   17.0   18.3   17.5   18.8   17.8   17.7   17.7   17.0   20.0   17.9   17.7   18.1
47102   14.6   15.9   15.7   13.9   14.5   16.0   13.6   16.3   15.4   16.1   14.8   13.8
47104   21.6   16.2   15.4   15.7   17.7   15.2   17.1   16.3   17.0   16.1   16.7   19.2
47105   24.3   16.7   15.4   16.3   19.9   16.2   17.0   17.7   18.3   18.1   18.1   19.8
47106   22.0   16.6   15.7   15.4   17.7   15.6   16.5   16.5   16.6   16.0   18.3   19.2
47108   18.6   19.9   19.1   18.8   16.7   21.9   19.1   18.7   20.2   19.2   18.5   20.5
47112   16.6   18.3   20.0   18.5   16.5   20.5   18.6   19.9   20.0   19.7   20.2   19.5
47114   16.9   18.7   17.0   18.1   17.5   18.9   18.1   17.8   17.0   16.8   17.5   16.2
47115   20.6   17.7   14.5   13.9   16.6   17.3   17.3   17.4   15.9   15.4   15.9   17.2
47119   16.3   18.2   19.2   18.4   17.8   18.9   18.4   19.7   20.3   18.9   19.3   19.8
47121   15.6   16.8   15.7   17.0   16.6   18.1   16.9   16.7   16.8   15.3   17.1   16.9
47127   16.2   18.2   16.4   18.8   17.5   19.0   18.7   16.8   18.7   16.5   17.8   14.7
47129   16.1   17.7   15.5   17.5   16.0   17.8   17.4   17.3   20.6   18.7   19.0   18.9
47130   20.6   17.4   15.4   15.1   17.4   16.4   15.5   16.5   16.2   16.8   17.4   17.8
47131   19.3   20.6   16.6   19.4   18.2   20.4   18.9   19.0   19.3   20.3   20.5   20.9
47133   18.3   20.1   16.1   19.0   18.0   20.3   19.2   20.4   18.5   19.6   20.6   20.2
47135   16.5   18.0   15.1   15.6   16.4   17.5   16.4   16.2   17.2   16.2   17.4   16.8
47136   17.8   18.7   16.3   16.9   17.9   17.5   17.1   17.0   17.7   17.4   17.7   17.4
47137   18.3   18.7   15.3   16.1   17.5   18.5   16.9   17.3   16.9   17.4   18.8   18.4
47138   22.5   19.4   16.1   18.4   20.5   18.6   17.2   19.1   19.1   15.8   18.1   19.8
47140   17.1   18.0   17.1   18.0   18.1   19.1   18.2   19.7   18.6   19.2   17.8   18.4
47143   21.2   22.3   15.7   18.2   20.1   20.5   18.0   18.6   19.2   19.2   20.3   19.9
47146   17.8   19.0   16.3   19.7   16.6   19.6   18.7   18.8   19.2   19.2   20.6   20.4
47152   20.6   18.8   14.2   16.6   18.8   16.0   16.9   17.4   18.0   18.7   20.7   18.8
47155   17.8   20.5   17.5   17.8   19.3   20.0   19.6   18.7   18.3   18.5   19.7   20.1
47156   18.5   19.7   17.5   18.5   20.1   19.2   19.3   19.2   19.2   19.5   19.6   20.9
47159   20.0   20.9   17.2   18.6   19.5   19.2   19.0   18.8   19.1   19.3   20.4   20.1
47162   17.6   18.8   15.6   17.9   17.6   17.9   18.7   18.0   18.4   18.3   18.9   19.9
47165   18.1   18.6   16.2   17.3   17.3   19.9   18.4   19.5   18.1   19.3   19.9   19.6
47168   19.4   20.5   18.7   18.5   19.7   20.3   19.1   18.6   18.3   19.8   20.1   19.5
47169   18.3   17.9   15.9   16.6   16.5   19.3   17.0   18.7   18.1   17.9   18.0   18.2
47170   18.8   19.2   17.3   17.3   18.0   20.7   19.7   18.1   18.6   19.9   21.3   18.9
47172   17.1   17.7   16.5   18.3   17.5   19.5   16.5   17.7   18.9   18.0   19.9   19.5
47174   14.1   18.0   14.8   15.4   18.1   18.6   16.8   16.5   14.9   15.0   13.4   16.5
47175   17.7   16.7   12.9   14.7   15.5   16.5   15.6   16.1   16.1   17.4   19.2   16.8
47184   20.2   19.5   17.0   16.8   18.7   19.5   20.1   19.8   20.9   21.5   23.0   19.1
47185   20.2   18.9   16.3   17.7   19.4   19.4   19.3   19.1   19.7   19.2   20.3   20.0
47188   19.1   18.9   16.3   17.6   17.8   18.5   18.4   18.2   18.6   20.6   22.1   19.7
47189   21.2   19.8   17.1   17.6   21.1   19.8   20.5   19.5   20.9   21.2   22.4   20.7
47192   15.7   19.0   15.6   16.0   18.2   19.4   17.3   17.4   18.0   18.5   18.8   19.7
   96   19.6   18.9   15.4   18.2   19.9   17.3   16.8   16.4   17.0   17.8   17.5   17.3
