2014061600+000HOUR     2014061609LST
STNID     6H    30H    54H    78H   102H   126H   150H   174H   198H   222H   246H   270H
STNID 061615 061715 061815 061915 062015 062115 062215 062315 062415 062515 062615 062715LST
47008   18.9   13.6   14.7   11.8   14.3   19.3   21.1   21.7   18.9   17.8   18.8   19.8
47014   26.8   27.2   22.4   18.6   22.6   22.8   25.6   25.9   25.2   24.8   28.1   26.0
47041   22.8   16.7   19.2   18.3   18.1   20.3   23.3   24.9   28.4   23.5   24.2   26.5
47058   29.8   30.5   27.7   21.8   23.5   26.3   29.6   30.0   29.1   27.3   27.1   29.9
47069   28.7   26.9   27.1   22.7   24.3   27.9   28.6   28.4   23.9   27.7   27.5   28.0
47070   27.3   27.7   27.9   25.3   24.3   27.6   30.6   29.2   24.9   28.2   27.8   30.7
47090   25.4   20.5   20.8   22.0   20.4   22.2   21.9   22.9   22.6   23.1   23.8   24.5
47095   30.3   29.2   27.3   27.0   23.8   26.2   30.6   30.0   26.1   29.1   28.3   31.3
47098   31.4   31.2   29.1   27.9   26.1   30.9   32.5   31.1   25.9   29.5   27.2   29.4
47099   30.5   30.8   30.5   27.6   26.8   30.3   32.5   31.1   26.6   30.3   30.4   32.0
47100   25.7   20.0   21.2   23.1   19.5   22.3   22.4   21.4   20.8   19.7   21.4   21.5
47101   31.6   29.3   27.2   28.9   24.2   29.6   29.1   29.9   25.7   29.9   29.2   31.3
47102   23.7   23.8   22.6   20.5   21.9   24.0   24.1   26.4   20.3   22.9   23.1   26.9
47104   27.6   20.0   22.1   24.5   20.7   24.0   23.1   22.7   25.4   21.1   22.9   23.0
47105   27.9   21.0   23.2   25.3   21.4   25.1   22.1   24.3   24.5   24.4   24.9   24.5
47106   25.7   20.2   21.9   22.7   19.8   23.2   21.9   21.3   21.6   22.4   24.4   24.4
47108   -999   -999   -999   27.6   27.2   30.4   31.4   29.7   26.7   28.4   28.6   31.0
47112   26.0   26.4   26.0   24.3   26.9   27.6   29.7   26.4   24.7   27.3   26.9   28.8
47114   30.6   29.3   29.0   29.9   27.1   29.9   30.4   31.5   27.3   29.9   29.9   31.6
47115   24.6   18.9   19.5   20.7   19.8   21.5   22.4   22.4   21.2   21.1   21.8   22.1
47119   28.7   29.1   28.6   27.7   27.1   30.4   31.3   28.2   26.3   28.6   28.4   30.8
47121   30.7   29.6   29.1   30.3   29.0   30.3   28.6   29.9   28.5   29.9   28.9   30.8
47127   30.1   28.9   28.8   29.6   29.0   30.6   30.6   31.4   27.8   29.1   29.8   30.9
47129   27.8   26.4   27.3   27.4   26.6   28.3   29.3   27.9   24.3   25.4   27.1   28.9
47130   25.4   18.9   21.1   23.6   22.6   24.8   25.1   22.7   23.2   23.4   23.9   24.3
47131   30.7   28.0   29.5   30.1   29.7   30.7   30.9   31.0   26.6   28.2   28.3   29.9
47133   30.1   27.5   29.4   29.9   29.3   29.8   29.5   29.3   24.4   28.2   28.3   29.3
47135   28.9   25.3   26.9   28.1   25.6   28.7   28.2   26.3   22.6   25.6   25.6   27.2
47136   30.7   27.4   28.4   30.5   28.6   29.3   30.0   28.7   25.0   27.6   29.6   29.9
47137   30.5   26.7   28.0   29.8   28.4   28.8   29.3   28.9   24.0   26.7   27.3   28.9
47138   28.2   22.1   23.2   27.9   25.4   24.6   25.9   24.8   23.3   22.8   25.2   24.5
47140   27.2   26.2   26.6   26.0   28.6   28.2   28.4   27.2   26.5   26.1   25.9   27.8
47143   31.6   28.6   28.4   32.2   27.8   30.3   30.3   28.3   25.0   27.3   29.1   29.5
47146   30.8   28.2   31.0   31.2   30.4   31.1   30.6   28.4   26.2   30.0   29.2   30.8
47152   31.0   26.8   25.2   28.2   26.5   27.0   27.1   25.7   21.3   22.8   26.3   26.6
47155   30.3   26.2   26.4   26.1   25.2   26.2   25.8   23.9   21.4   25.3   26.2   25.6
47156   30.9   26.8   31.1   31.0   29.0   31.4   30.3   28.2   26.1   28.9   29.0   29.2
47159   27.7   24.8   24.1   24.4   25.2   26.0   25.5   23.9   23.7   24.1   26.0   24.8
47162   26.5   24.1   25.5   24.4   24.9   26.1   25.3   22.7   22.1   24.4   24.3   23.8
47165   27.3   23.5   26.9   27.9   26.8   28.4   27.9   25.8   24.3   25.8   26.1   31.1
47168   27.4   21.2   25.0   24.1   23.7   25.4   24.5   23.2   21.3   24.5   25.2   24.0
47169   22.3   21.8   22.9   23.8   23.1   25.0   24.0   21.9   21.8   23.1   24.5   23.8
47170   29.5   23.1   27.3   25.8   25.8   29.0   27.0   24.0   21.2   26.1   27.2   26.9
47172   30.4   25.9   29.0   29.0   28.0   30.1   28.2   25.7   25.2   27.3   26.4   28.3
47174   30.2   24.2   28.6   27.6   26.9   28.7   27.3   23.3   21.9   25.7   24.9   27.2
47175   25.2   22.3   26.2   24.8   22.9   26.6   25.7   22.2   20.7   24.7   25.2   25.7
47184   26.8   21.1   24.6   27.0   25.0   25.2   25.8   25.9   22.9   25.3   27.5   27.8
47185   23.7   21.7   24.6   26.1   24.6   26.7   26.7   26.2   23.9   24.4   21.0   27.0
47188   26.7   19.6   22.6   25.1   22.7   24.6   24.9   23.2   22.5   23.7   25.0   25.4
47189   26.5   21.9   24.8   26.0   24.2   26.6   26.6   24.6   23.3   24.9   26.6   27.4
47192   30.3   26.4   28.3   28.1   28.2   28.2   28.3   24.9   22.3   26.5   26.9   27.3
   96   21.4   20.6   20.8   17.9   19.7   19.9   19.6   18.6   21.2   19.4   18.6   18.5
