2014061512+000HOUR     2014061521LST
STNID     9H    33H    57H    81H   105H   129H   153H   177H   201H   225H   249H   273H
STNID 061606 061706 061806 061906 062006 062106 062206 062306 062406 062506 062606 062706LST
47008   14.5   12.0   11.8    9.3   11.7   11.9   11.0   14.0   16.5   15.6   15.3   16.1
47014   15.9   16.1   16.3   15.4   13.3   15.3   15.5   16.3   18.0   15.7   15.7   16.6
47041   17.3   14.8   14.2   14.0   15.2   13.7   15.0   17.5   17.4   17.3   19.5   19.0
47058   17.8   17.9   19.6   17.6   18.4   18.8   18.2   18.8   18.6   19.3   19.8   20.1
47069   17.9   19.5   19.4   18.2   17.6   18.9   19.3   19.7   17.7   18.3   19.5   20.3
47070   17.4   16.8   18.6   18.6   19.1   17.9   17.1   18.8   16.9   17.5   20.6   21.0
47090   21.3   15.6   15.4   15.6   15.2   15.9   16.4   15.6   19.7   19.7   19.6   19.3
47095   16.0   17.3   17.5   17.1   15.9   16.2   16.5   15.8   17.7   18.7   19.3   18.6
47098   16.2   16.7   18.9   18.2   16.7   16.1   17.7   16.5   17.6   18.0   19.0   18.2
47099   15.5   16.1   18.5   19.2   19.2   18.5   17.9   17.2   18.4   17.0   20.9   19.9
47100   14.3   13.2   11.9   13.0   12.9   11.6   11.5   11.7   15.9   16.7   16.5   15.0
47101   17.3   18.5   19.2   18.1   16.8   15.8   16.9   17.5   18.5   19.1   18.6   19.1
47102   14.0   15.2   14.8   15.5   12.4   14.3   15.3   14.7   14.2   14.3   15.6   16.7
47104   20.7   16.3   15.4   15.0   15.2   15.1   14.9   15.9   20.5   19.3   20.1   18.9
47105   23.8   16.8   15.6   15.7   15.3   15.9   16.1   19.2   21.1   20.8   21.2   19.5
47106   22.0   16.3   15.2   15.4   14.8   14.5   15.2   16.3   19.4   20.4   20.2   19.4
47108   17.9   19.5   19.2   18.0   17.0   18.5   19.5   18.9   19.5   17.6   19.1   20.9
47112   16.3   17.3   17.4   16.9   18.0   18.2   19.2   19.3   18.5   19.6   21.2   21.0
47114   17.1   17.9   18.7   18.4   18.1   17.9   18.4   18.7   16.2   18.9   20.3   19.3
47115   20.3   17.7   15.7   13.7   13.2   14.1   14.2   15.9   17.2   18.9   19.3   18.8
47119   15.4   17.2   18.8   16.6   18.6   17.9   18.9   19.2   18.5   19.4   21.8   21.1
47121   15.2   16.8   16.1   17.0   16.5   16.7   16.2   16.3   16.7   19.3   18.3   17.6
47127   16.3   17.0   18.4   18.8   16.2   18.6   17.6   18.2   18.4   18.1   19.1   18.3
47129   15.6   16.7   15.8   15.0   17.8   18.9   16.7   18.3   19.1   18.7   20.3   19.6
47130   20.9   16.2   15.3   15.5   15.0   15.8   15.9   15.4   18.8   18.7   19.4   17.4
47131   18.5   20.0   18.4   18.8   18.8   18.1   18.4   19.5   19.5   19.9   21.2   20.5
47133   18.2   19.6   18.4   19.1   19.1   18.5   19.0   19.7   19.3   19.4   20.4   20.6
47135   16.9   17.7   16.2   16.2   16.3   16.0   16.2   16.9   17.1   17.7   19.2   18.8
47136   17.6   18.5   17.3   15.9   16.9   16.9   15.9   18.0   18.6   19.9   20.2   18.1
47137   18.1   18.2   17.1   17.4   18.5   17.1   15.5   17.6   18.2   19.1   20.0   19.3
47138   22.6   20.1   17.9   18.2   18.0   18.2   18.7   18.9   21.5   21.6   22.0   21.0
47140   16.8   17.2   15.3   16.8   19.1   19.6   17.6   17.6   19.7   17.0   17.1   18.5
47143   21.2   21.9   17.7   17.8   20.1   19.0   17.1   18.5   19.9   21.2   21.2   20.3
47146   17.4   19.1   16.5   17.8   18.9   19.7   18.5   19.3   19.0   20.1   19.0   19.3
47152   20.3   19.2   17.0   17.1   18.7   17.9   17.7   16.9   19.8   20.4   21.0   18.9
47155   17.8   20.6   17.7   19.4   19.4   19.9   19.3   19.4   19.2   20.7   19.2   19.6
47156   18.5   20.2   17.9   17.8   19.7   19.7   19.8   19.0   19.7   20.1   19.9   20.0
47159   19.8   20.2   18.5   18.8   19.7   19.1   19.1   19.8   20.7   21.3   21.4   19.9
47162   17.6   19.2   17.3   17.8   17.8   18.0   17.8   18.3   19.3   19.4   18.9   19.2
47165   18.1   19.0   16.2   16.6   18.0   18.8   19.2   17.8   19.4   19.6   18.9   19.1
47168   19.7   20.6   18.2   19.3   20.2   18.1   19.8   19.5   20.7   21.3   20.6   20.7
47169   16.0   15.2   16.2   18.1   16.2   16.5   18.2   15.5   19.3   16.5   17.9   18.1
47170   17.7   18.8   16.6   16.2   19.5   19.6   19.7   19.5   20.6   19.9   18.6   18.8
47172   16.6   18.2   14.8   17.0   18.3   19.2   17.1   14.3   18.5   17.7   18.2   17.4
47174   14.2   18.2   15.3   14.2   18.6   17.7   15.9   16.2   16.7   15.2   18.3   18.8
47175   17.3   16.7   14.1   14.3   16.9   13.8   16.3   17.4   18.6   18.9   17.2   17.3
47184   18.7   19.1   16.1   16.9   18.6   18.5   19.2   20.0   21.3   22.6   19.7   20.2
47185   19.5   17.7   16.4   17.5   19.3   19.5   20.7   20.9   21.4   17.8   17.8   18.0
47188   18.2   18.7   15.1   17.2   16.7   20.6   20.6   21.2   19.0   20.8   19.4   20.3
47189   20.3   18.7   16.1   18.0   19.8   19.7   20.6   21.0   21.3   22.6   19.9   21.2
47192   15.9   19.2   15.1   15.2   18.7   19.5   17.8   17.1   17.8   18.4   19.6   18.5
   96   19.5   18.8   17.5   16.9   16.9   15.0   15.9   17.0   18.2   19.3   20.0   21.2
