2014061600+000HOUR     2014061609LST
STNID     6H    30H    54H    78H   102H   126H   150H   174H   198H   222H   246H   270H
STNID 061615 061715 061815 061915 062015 062115 062215 062315 062415 062515 062615 062715LST
47008   17.4   12.4   12.9   12.4   15.6   17.5   18.8   20.3   20.8   19.8   18.8   18.0
47014   27.5   23.0   21.6   24.9   23.2   24.8   24.2   24.7   24.7   25.3   23.4   22.5
47041   21.9   16.3   15.7   14.4   15.4   16.2   20.5   23.7   27.3   25.9   24.0   26.6
47058   28.3   30.2   27.4   24.2   25.4   20.9   20.2   25.1   27.2   26.2   25.0   26.4
47069   27.4   27.0   29.5   27.3   26.0   19.6   19.6   26.0   26.0   24.5   24.5   23.4
47070   26.2   27.6   29.7   28.7   25.6   21.6   18.6   24.7   28.7   27.3   23.7   23.6
47090   27.2   21.7   22.4   20.8   17.5   14.6   19.2   21.8   23.9   23.5   22.1   23.5
47095   29.0   29.6   29.6   28.3   24.9   20.1   18.9   25.4   29.8   28.1   25.5   26.1
47098   30.1   31.0   30.4   29.8   28.1   21.0   22.0   27.1   30.9   29.2   28.0   23.5
47099   28.8   30.6   32.0   30.8   28.3   22.9   22.0   26.4   31.2   28.9   27.8   27.1
47100   26.0   21.1   20.2   20.6   18.8   17.3   16.8   18.8   22.5   22.4   21.6   21.7
47101   30.2   30.1   28.4   29.9   24.4   24.7   21.3   27.8   30.5   28.3   26.6   27.3
47102   22.4   24.5   23.7   22.4   23.4   16.8   18.7   21.6   25.5   23.8   20.6   21.5
47104   29.4   22.5   21.6   22.4   19.1   16.2   22.7   23.7   25.7   23.9   23.7   24.9
47105   29.7   22.9   23.0   22.8   17.3   16.0   21.1   24.5   24.4   24.5   24.6   25.4
47106   26.7   21.0   21.2   17.1   18.6   13.7   22.6   23.7   23.1   23.3   22.4   23.7
47108   29.0   29.3   30.3   29.6   29.0   21.4   22.1   27.0   30.8   28.0   26.9   25.2
47112   24.8   26.1   27.5   26.8   27.6   18.2   19.0   24.2   26.8   26.7   24.1   23.8
47114   29.9   28.4   29.4   30.2   28.4   25.1   25.6   26.2   30.2   30.2   27.4   26.3
47115   25.3   21.4   18.5   18.8   19.7   15.1   24.1   21.3   22.2   19.6   20.7   21.1
47119   28.8   29.3   30.6   28.3   28.7   25.1   20.8   26.0   29.4   28.6   25.8   26.6
47121   29.8   26.8   29.7   29.5   26.5   23.6   24.4   27.6   30.2   30.0   24.0   27.2
47127   29.5   26.9   29.0   29.2   25.7   24.9   25.9   26.6   29.3   28.7   27.6   27.3
47129   27.4   27.1   28.2   27.0   29.0   23.5   22.2   24.3   27.1   25.7   25.8   25.5
47130   26.6   18.4   21.8   22.3   19.7   20.8   22.9   22.6   23.0   22.7   23.1   24.1
47131   30.3   27.3   28.7   30.1   28.4   24.7   23.7   25.9   28.6   28.0   26.4   27.0
47133   30.0   26.5   28.2   29.7   27.7   24.2   23.6   24.5   27.6   28.2   27.0   28.4
47135   29.0   24.0   26.6   28.2   23.8   20.9   22.6   22.3   24.7   26.6   25.2   27.3
47136   30.6   25.6   29.6   28.9   27.1   23.7   26.4   24.4   27.6   27.8   27.6   28.1
47137   30.4   25.1   28.4   29.2   25.2   21.1   24.7   24.4   27.5   28.5   26.8   28.3
47138   29.2   22.4   22.5   28.6   22.5   23.2   25.9   25.2   23.9   24.8   25.2   28.3
47140   28.1   25.1   26.4   26.8   27.3   25.4   21.7   23.7   26.1   27.2   25.5   26.2
47143   31.5   26.1   30.1   31.5   26.5   23.4   26.4   23.6   27.5   30.0   29.3   30.6
47146   31.4   25.0   29.7   30.9   27.6   25.9   23.9   25.6   29.3   29.2   28.0   30.2
47152   30.7   25.2   26.6   28.7   24.5   23.8   25.4   23.0   24.6   25.6   26.4   29.0
47155   30.0   22.9   28.4   26.6   22.4   22.7   26.8   25.1   24.7   25.5   26.3   27.6
47156   30.9   25.6   30.8   30.2   26.9   24.6   24.9   26.3   27.4   28.0   27.6   30.6
47159   27.8   23.4   25.8   24.7   24.4   22.1   25.0   22.8   24.8   24.6   25.3   27.6
47162   26.2   23.4   26.8   24.9   24.2   21.2   23.7   23.3   22.5   23.9   24.6   25.1
47165   26.8   22.7   27.5   27.1   25.6   19.9   20.7   22.7   34.8   47.6   25.1   28.3
47168   27.0   21.1   27.2   24.2   26.4   22.2   24.4   23.7   22.3   24.0   23.9   25.7
47169   23.8   20.6   23.8   24.3   20.1   21.8   21.8   21.8   25.1   24.4   24.8   24.7
47170   28.6   20.3   32.1   26.1   22.4   23.9   22.4   24.6   25.6   26.4   26.5   28.6
47172   30.5   23.6   29.2   28.5   26.6   21.7   20.3   22.3   24.5   26.1   25.2   28.0
47174   30.0   22.2   30.7   27.2   23.6   24.3   24.8   24.8   23.8   24.6   24.9   27.1
47175   24.4   19.2   27.7   24.9   19.5   19.2   21.5   21.3   23.2   24.7   24.1   25.7
47184   25.1   20.8   25.1   26.9   24.9   25.0   19.7   24.6   24.5   26.2   28.3   27.3
47185   24.2   19.4   25.2   26.3   24.9   19.4   20.2   25.1   22.6   24.0   24.8   27.4
47188   26.7   20.7   25.0   25.0   22.4   23.6   21.6   25.6   23.4   23.2   24.9   25.5
47189   26.4   20.2   27.9   25.5   25.4   23.4   22.0   25.2   22.6   25.1   26.1   27.0
47192   30.2   24.0   29.8   28.0   26.7   23.6   25.2   26.4   24.6   24.7   27.0   28.7
   96   21.5   21.6   20.5   18.4   19.5   16.4   18.2   17.1   18.3   23.5   18.1   20.3
