2014061512+000HOUR     2014061521LST
STNID    18H    42H    66H    90H   114H   138H   162H   186H   210H   234H   258H   282H
STNID 061615 061715 061815 061915 062015 062115 062215 062315 062415 062515 062615 062715LST
47008   16.7   13.5   10.2   16.6   17.1   16.8   18.7   22.0   18.7   18.8   19.8   18.6
47014   27.4   23.1   19.5   23.4   24.5   22.8   23.9   24.1   25.3   22.7   24.0   23.6
47041   22.8   16.4   16.7   12.9   15.1   18.2   27.2   24.5   27.7   25.9   24.7   22.7
47058   29.6   28.8   26.2   23.4   21.0   22.8   26.8   26.5   23.2   24.2   24.6   26.4
47069   27.4   23.4   24.9   21.3   22.4   24.0   25.8   25.2   22.1   21.3   21.5   25.7
47070   26.5   26.4   24.0   23.2   21.1   24.1   26.5   26.8   23.7   22.9   25.2   27.0
47090   26.2   20.4   18.9   17.9   16.0   18.6   20.9   24.4   24.9   27.4   23.5   23.6
47095   29.1   29.8   22.4   22.4   20.4   20.6   27.3   27.7   24.3   23.9   28.1   28.5
47098   29.9   30.2   24.9   23.9   22.8   26.1   28.7   30.5   28.0   23.9   30.0   31.0
47099   28.9   28.9   26.2   25.6   22.9   26.6   28.5   30.4   26.8   23.5   29.2   30.0
47100   25.3   21.2   18.4   16.7   16.7   17.5   20.4   23.3   21.5   23.3   22.8   21.9
47101   29.6   30.2   23.7   23.3   21.1   23.0   27.1   29.7   25.1   25.5   30.5   29.0
47102   22.6   22.7   21.2   18.5   19.7   19.6   21.4   21.3   18.0   20.0   18.6   22.2
47104   29.0   21.3   19.5   19.0   16.7   18.6   24.1   26.2   27.2   25.6   25.2   26.1
47105   29.2   22.1   20.8   19.4   17.4   21.9   24.6   26.7   27.8   27.0   25.0   25.3
47106   26.0   20.6   20.3   22.4   15.4   18.9   21.5   22.2   25.4   26.7   23.7   23.3
47108   27.8   27.9   24.2   24.5   24.6   26.6   27.6   29.2   25.3   23.6   28.0   30.0
47112   24.3   24.7   21.8   21.3   23.7   24.7   25.3   25.6   23.7   21.6   24.7   26.3
47114   28.6   29.2   26.0   26.8   24.4   26.9   28.7   28.0   26.0   26.3   29.1   30.3
47115   24.5   21.4   18.3   16.7   17.1   18.2   19.6   24.3   24.1   22.8   23.5   23.2
47119   27.1   28.2   24.7   24.6   25.1   26.5   27.6   26.4   24.6   25.0   26.9   28.0
47121   28.3   29.3   28.1   26.3   22.5   24.0   27.9   29.5   27.2   27.6   28.7   29.1
47127   28.1   28.8   25.7   26.4   24.1   26.7   28.8   30.3   27.6   27.0   28.4   30.4
47129   26.3   25.4   22.5   25.1   26.2   26.6   27.6   26.2   23.6   24.7   25.3   26.0
47130   26.6   19.8   19.8   22.5   18.2   20.6   20.8   25.2   26.2   24.2   25.3   24.6
47131   29.3   28.5   24.7   27.2   26.8   26.1   27.8   29.7   26.9   27.3   28.0   28.9
47133   29.4   27.4   25.0   27.3   27.1   26.6   28.1   28.6   26.3   27.0   26.4   28.7
47135   28.8   25.2   23.5   26.8   24.1   22.8   25.7   28.5   26.4   26.6   24.6   27.2
47136   29.9   28.1   25.4   28.1   22.8   21.8   28.6   30.4   27.8   28.1   28.7   29.5
47137   29.9   26.7   25.3   27.8   22.5   23.5   29.6   30.2   27.3   27.7   26.6   28.4
47138   29.8   24.5   24.9   30.4   21.2   22.3   23.6   28.4   28.9   27.2   24.0   25.1
47140   26.3   26.1   22.9   23.9   26.5   26.0   27.6   25.1   24.0   26.9   25.5   26.5
47143   31.7   26.6   24.7   30.0   23.5   28.1   27.3   31.4   30.4   29.2   27.8   29.3
47146   30.8   28.1   25.2   28.7   29.2   28.2   28.8   29.7   28.1   29.0   27.5   29.7
47152   31.5   24.1   24.0   28.7   21.9   23.0   23.6   27.6   29.1   27.0   23.9   26.8
47155   30.4   23.8   25.4   28.1   23.8   24.6   25.3   27.3   27.3   26.3   22.5   25.6
47156   30.5   26.6   23.9   28.6   27.8   28.2   29.4   29.4   29.3   30.1   27.1   27.9
47159   27.2   22.4   23.1   25.7   24.1   21.3   24.0   26.1   26.6   27.2   22.1   26.0
47162   26.1   23.2   23.1   24.9   23.4   21.3   24.7   25.3   25.2   23.6   22.1   25.0
47165   27.1   24.7   22.3   25.1   24.3   27.7   26.0   25.6   26.0   25.3   24.1   27.5
47168   26.7   23.1   21.4   25.7   23.8   22.9   24.8   24.1   24.7   24.6   22.1   23.9
47169   21.7   19.4   19.2   21.7   22.4   21.4   24.5   23.2   24.2   22.1   19.6   23.5
47170   28.2   24.6   23.0   28.0   24.3   25.0   25.7   26.4   26.9   25.5   23.4   26.3
47172   30.3   26.5   24.8   25.7   26.8   26.1   27.0   26.8   26.1   26.1   26.2   28.3
47174   30.0   24.5   23.8   27.9   25.0   24.2   28.0   27.5   27.8   27.8   23.7   26.5
47175   25.9   22.7   21.8   25.1   22.9   24.5   25.1   24.6   23.8   23.5   22.4   25.1
47184   25.5   21.1   16.7   23.9   25.0   20.3   21.8   26.5   27.1   28.0   19.8   26.9
47185   23.2   20.4   20.1   22.8   24.5   24.0   23.9   26.3   23.6   22.9   22.0   21.9
47188   24.9   21.5   19.5   24.0   23.4   21.2   22.3   24.3   26.4   23.4   17.8   23.5
47189   24.6   21.7   22.3   25.2   25.0   23.1   23.8   25.2   25.1   24.4   20.8   24.8
47192   30.6   25.6   25.8   28.5   24.8   25.6   27.9   28.4   28.6   28.0   22.0   26.9
   96   22.4   21.6   20.0   18.8   17.2   21.5   19.8   20.3   21.7   22.4   21.9   22.1
