2014061512+000HOUR     2014061521LST
STNID     9H    33H    57H    81H   105H   129H   153H   177H   201H   225H   249H   273H
STNID 061606 061706 061806 061906 062006 062106 062206 062306 062406 062506 062606 062706LST
47008   15.1   12.7   12.0    9.7   12.0   13.4   11.4   13.6   17.5   18.3   17.5   15.4
47014   14.3   17.7   15.6   15.8   17.5   16.4   15.1   16.2   15.5   17.1   17.4   16.0
47041   17.1   15.8   15.3   14.9   15.7   14.8   16.3   16.8   17.4   17.2   20.4   17.0
47058   17.9   18.3   19.3   18.3   20.1   18.9   17.5   17.9   19.5   19.8   20.8   19.6
47069   18.7   19.4   19.6   19.2   22.0   19.9   17.3   17.3   17.9   17.6   20.2   17.8
47070   17.5   18.4   18.5   18.4   18.3   17.7   15.7   16.4   18.3   18.1   20.2   16.1
47090   22.0   17.3   17.3   16.3   17.0   16.3   15.9   19.5   19.5   20.9   18.4   15.4
47095   16.3   17.9   16.5   18.3   17.9   16.1   15.0   15.3   16.9   16.9   17.8   16.7
47098   17.2   17.1   17.7   19.3   19.4   17.3   15.4   15.7   18.0   17.1   19.1   16.5
47099   16.6   17.3   18.2   18.5   19.2   18.4   15.6   17.0   18.3   16.7   19.4   16.0
47100   14.9   14.4   12.2   14.5   13.4    9.0   11.2   10.0   15.5   14.2   12.7   15.3
47101   17.6   18.9   17.2   19.4   18.1   16.0   16.2   17.2   19.2   18.2   20.2   18.7
47102   15.3   17.0   15.5   16.2   16.7   15.1   11.3   13.9   16.7   16.6   16.1   15.6
47104   21.6   17.9   16.2   16.6   16.8   14.8   17.1   19.5   20.0   20.5   18.7   16.6
47105   24.1   17.9   16.7   17.3   16.8   15.4   15.4   21.7   21.7   22.3   20.2   16.9
47106   21.9   17.2   16.1   17.2   16.1   13.8   15.8   19.6   19.5   20.0   19.2   18.8
47108   19.7   20.0   18.6   21.0   20.6   20.7   16.1   17.7   21.7   19.7   21.3   18.3
47112   18.4   18.0   17.8   20.9   19.7   19.4   16.1   18.9   19.1   19.4   20.2   19.2
47114   17.7   18.6   17.4   18.8   19.7   16.7   17.2   17.4   16.1   18.3   17.0   17.3
47115   21.0   17.2   15.6   14.6   13.2   15.6   14.5   17.6   18.1   20.1   19.8   18.8
47119   18.0   17.9   18.2   20.0   20.0   21.8   16.5   18.0   19.6   18.6   19.6   18.7
47121   15.6   17.8   15.7   17.9   18.2   18.0   15.1   15.3   16.9   16.7   17.5   18.6
47127   17.0   17.7   17.0   18.1   19.3   17.3   18.2   16.8   18.1   18.4   18.6   17.7
47129   16.8   16.5   16.0   16.9   19.3   19.2   15.7   16.6   21.2   18.7   19.1   17.7
47130   21.5   16.9   15.7   16.3   15.7   15.0   15.7   17.0   19.2   19.2   16.0   15.0
47131   19.7   20.4   18.4   19.8   20.4   18.6   18.2   18.0   20.8   20.2   20.8   19.9
47133   19.3   20.0   18.3   19.8   21.0   15.4   19.2   18.5   20.6   19.8   20.3   19.6
47135   17.5   18.1   16.7   17.5   17.9   16.7   15.5   15.6   18.4   18.7   18.4   18.0
47136   18.0   18.9   17.5   18.7   17.7   17.4   15.6   16.0   18.5   19.8   18.5   18.8
47137   19.0   18.0   16.8   18.7   17.3   16.1   16.7   17.5   19.1   19.4   19.0   19.3
47138   22.6   20.0   18.9   19.7   18.4   15.1   17.8   19.8   21.7   20.9   20.3   17.4
47140   18.0   18.1   18.3   17.4   19.0   18.0   17.7   18.4   21.3   19.5   19.6   18.3
47143   21.3   22.3   18.5   19.7   18.7   18.2   16.9   18.2   21.1   20.0   20.4   18.6
47146   18.7   19.5   19.2   19.1   20.5   14.2   17.8   18.4   20.7   20.2   21.0   19.6
47152   20.7   19.9   16.8   18.4   18.1   17.3   15.8   18.6   20.5   20.5   18.8   17.3
47155   17.9   21.1   18.2   19.0   19.4   20.9   18.2   18.9   21.0   18.6   20.2   18.8
47156   19.3   20.3   20.3   20.2   20.9   21.6   19.7   19.9   21.0   19.1   20.8   18.7
47159   20.3   21.2   19.1   19.5   19.8   18.8   18.5   18.6   21.1   21.6   19.7   19.8
47162   17.7   20.0   17.8   17.8   18.1   19.1   17.5   18.0   19.9   18.5   19.8   18.7
47165   19.1   18.7   18.2   18.9   19.5   20.2   17.3   19.0   20.2   20.5   19.8   19.2
47168   19.7   20.6   18.7   19.9   19.7   20.6   19.1   19.4   21.5   19.7   19.6   19.9
47169   18.5   17.7   18.6   19.3   17.9   18.7   16.9   15.6   18.8   17.3   17.9   19.1
47170   19.3   19.0   17.8   18.2   19.2   21.9   19.7   18.9   19.8   20.4   18.7   18.7
47172   18.0   17.7   17.8   17.6   19.5   20.1   15.5   14.6   18.7   17.2   20.4   19.3
47174   14.2   18.6   16.7   17.3   18.4   16.6   15.5   15.7   16.9   13.6   19.0   17.6
47175   18.3   17.1   17.8   16.8   16.7   17.6   15.7   16.9   17.8   17.3   16.5   16.3
47184   20.7   19.5   18.8   18.5   20.2   22.3   18.9   21.6   20.7   20.7   20.8   19.9
47185   20.2   18.6   18.7   18.8   20.2   21.8   18.8   20.6   20.4   18.9   20.1   20.9
47188   20.6   19.4   18.0   18.0   19.4   21.1   20.0   21.4   18.0   20.1   19.3   19.4
47189   21.3   19.4   19.1   19.6   21.3   20.1   20.8   21.8   20.3   20.2   20.4   20.4
47192   16.0   19.9   17.7   17.8   18.8   19.1   16.9   18.3   19.2   17.7   19.6   18.2
   96   20.1   19.0   15.9   17.1   17.2   15.3   13.7   15.9   18.9   19.8   21.3   22.3
