2014061512+000HOUR     2014061521LST
STNID    18H    42H    66H    90H   114H   138H   162H   186H   210H   234H   258H   282H
STNID 061615 061715 061815 061915 062015 062115 062215 062315 062415 062515 062615 062715LST
47008   18.3   12.5    8.8   15.9   18.4   18.8   20.9   23.6   22.6   21.1   20.7   17.0
47014   27.4   24.1   21.2   25.7   22.3   20.7   22.4   24.5   26.6   27.6   27.6   30.1
47041   24.1   16.5   17.1   12.4   15.8   19.7   22.8   27.6   29.3   29.7   24.9   21.5
47058   29.6   29.8   26.0   24.7   20.1   21.3   23.0   27.5   26.8   26.5   27.0   30.0
47069   27.8   27.2   26.8   21.4   17.8   20.5   21.3   25.1   25.7   24.2   29.0   31.1
47070   27.5   26.9   27.8   23.4   19.0   22.4   22.9   27.5   26.6   24.8   29.5   33.0
47090   26.8   21.3   22.2   16.0   16.4   16.2   19.6   24.1   27.0   28.3   26.1   25.1
47095   29.3   29.1   29.3   21.7   19.5   20.7   23.6   26.3   28.8   26.5   30.2   32.6
47098   30.4   30.1   30.0   23.6   19.5   25.5   25.1   30.0   29.9   28.6   32.2   33.6
47099   29.9   30.3   31.2   24.9   19.7   25.3   25.5   30.6   30.1   29.1   32.8   34.3
47100   25.7   19.3   23.1   16.8   13.7   15.8   19.2   21.2   24.9   27.6   27.6   23.5
47101   30.6   29.0   29.8   22.7   19.0   24.0   24.8   27.3   30.4   28.7   31.9   32.1
47102   22.3   24.2   21.5   21.7   17.7   18.6   16.9   22.1   22.7   20.6   23.2   27.5
47104   28.6   19.7   22.8   17.7   16.2   16.5   20.4   24.8   28.6   28.5   28.9   25.5
47105   29.2   20.6   24.2   18.3   16.7   14.7   20.5   27.3   29.5   30.8   30.1   25.9
47106   26.2   19.8   22.5   20.5   16.0   16.2   19.1   37.7   25.1   28.3   27.6   26.7
47108   28.8   28.9   29.3   24.3   20.1   24.9   25.0   28.7   28.2   27.5   31.9   33.8
47112   25.0   25.6   25.2   21.6   18.4   24.2   22.5   25.6   23.3   22.3   27.8   30.9
47114   29.6   28.7   30.5   26.6   19.8   24.6   27.8   26.9   29.1   27.4   32.3   33.5
47115   24.5   21.3   20.2   17.5   16.2   15.9   20.3   24.1   24.8   24.0   24.7   23.6
47119   27.9   28.6   28.9   25.4   19.9   25.7   24.7   25.9   26.4   26.5   30.1   32.0
47121   30.0   28.9   30.4   27.0   20.4   22.7   25.9   27.4   30.0   29.3   31.6   32.6
47127   29.1   29.3   29.5   27.0   20.9   26.3   27.7   28.3   28.6   27.8   31.3   32.3
47129   27.2   26.6   27.7   25.5   21.5   26.0   24.2   24.6   24.9   25.6   28.3   29.9
47130   25.3   20.3   21.1   20.5   16.8   18.7   20.9   24.7   26.9   26.6   25.4   23.8
47131   29.8   29.7   30.3   28.4   22.7   26.1   25.6   27.6   28.0   29.7   32.1   32.1
47133   29.0   29.3   29.7   27.6   23.0   25.8   25.1   26.1   26.5   29.1   31.5   31.8
47135   29.1   25.8   28.1   27.2   18.1   21.2   24.0   23.9   28.1   30.1   30.6   30.7
47136   31.0   28.9   28.9   28.6   18.2   22.7   25.0   26.9   27.9   29.2   31.4   31.1
47137   30.0   28.0   28.8   28.3   19.9   22.3   25.4   25.6   28.1   30.4   31.0   31.2
47138   30.8   21.9   23.6   21.0   19.5   23.0   21.9   28.4   26.9   31.6   27.4   28.6
47140   27.1   27.4   26.1   25.9   24.4   26.4   23.4   23.0   24.9   27.4   28.4   29.6
47143   31.9   27.4   30.0   30.7   19.3   24.2   23.5   27.0   29.9   31.6   31.7   31.8
47146   31.1   30.5   31.1   29.3   24.5   28.0   26.8   26.1   29.5   30.8   31.8   32.5
47152   31.8   23.7   26.4   28.3   19.2   23.2   21.8   25.9   29.0   30.1   26.2   28.7
47155   29.5   25.9   28.6   30.5   20.5   23.0   22.8   26.0   27.7   28.2   26.4   26.6
47156   30.8   28.8   32.2   30.4   23.7   28.4   28.2   26.3   30.8   30.6   29.1   29.3
47159   26.6   22.9   25.1   27.5   20.3   23.5   22.9   23.7   26.7   27.3   23.3   26.3
47162   25.8   24.2   26.8   26.4   20.3   21.9   22.5   23.8   24.4   25.5   25.5   24.1
47165   26.7   25.7   25.5   26.8   21.6   24.0   25.6   22.8   26.0   26.6   27.8   24.4
47168   25.7   23.3   27.2   27.4   18.5   22.5   21.8   23.9   25.8   25.7   25.9   25.5
47169   22.3   22.5   22.4   23.7   19.4   23.4   22.4   21.8   23.8   23.0   22.8   21.5
47170   26.6   26.5   30.1   28.7   21.1   26.7   25.7   25.6   26.4   27.3   26.9   25.5
47172   29.3   29.5   28.3   26.2   23.3   26.0   25.1   23.9   28.7   27.9   27.8   26.9
47174   29.4   26.2   31.3   29.9   20.5   25.0   24.4   25.7   28.7   28.2   28.2   27.1
47175   23.5   23.5   25.6   26.2   19.6   24.7   23.9   22.9   23.6   25.0   23.9   23.5
47184   25.3   20.5   24.9   24.5   25.4   23.4   23.0   26.3   25.3   21.8   24.1   21.5
47185   23.0   23.4   23.3   23.2   21.8   23.0   25.4   25.2   22.6   22.7   25.1   24.1
47188   24.8   23.4   24.5   25.5   22.0   22.1   23.5   25.6   24.1   18.4   23.1   20.4
47189   25.3   24.3   26.6   25.3   24.1   23.8   26.0   26.3   23.1   22.6   25.1   24.0
47192   30.4   27.1   29.9   30.3   23.0   24.2   25.1   26.4   27.9   28.7   27.3   27.7
   96   22.4   21.4   20.3   19.1   17.7   14.9   17.8   20.4   21.4   21.8   23.0   23.3
