2014061600+000HOUR     2014061609LST
STNID    21H    45H    69H    93H   117H   141H   165H   189H   213H   237H   261H   285H
STNID 061706 061806 061906 062006 062106 062206 062306 062406 062506 062606 062706 062806LST
47008   12.4   11.7   12.8   12.3   12.8   13.4   14.3   16.2   15.2   14.9   14.1   14.0
47014   16.8   17.2   15.5   16.3   16.2   15.7   15.0   16.3   16.5   16.3   16.6   17.2
47041   15.5   14.7   15.0   15.3   16.5   15.8   17.0   18.0   18.5   17.9   18.1   18.4
47058   19.1   18.7   18.0   19.3   19.7   18.4   18.6   18.9   19.5   19.5   19.8   20.0
47069   19.7   20.3   18.7   18.9   21.2   19.7   20.2   19.5   18.5   18.9   19.5   20.0
47070   18.8   18.4   18.5   18.6   18.8   18.0   18.2   18.5   17.3   19.0   19.8   19.8
47090   16.8   16.3   16.5   17.5   17.7   17.2   17.3   18.2   19.2   18.5   18.0   19.1
47095   18.3   17.2   17.5   18.6   17.9   16.3   16.7   16.7   18.3   18.2   18.8   18.7
47098   18.1   17.7   17.9   18.8   18.6   16.8   17.8   17.3   18.2   18.3   19.0   19.6
47099   17.8   17.5   18.0   18.2   18.4   17.4   18.2   18.1   18.6   18.3   18.9   19.0
47100   13.6   11.7   13.6   14.5   13.1   11.6   12.3   13.0   14.5   14.5   14.8   15.0
47101   19.2   18.1   18.6   18.9   18.5   16.8   17.5   18.4   18.9   19.1   19.7   19.9
47102   15.8   15.2   15.5   15.2   15.6   16.4   14.9   16.0   15.8   16.0   16.2   16.6
47104   17.4   15.8   15.9   17.1   16.5   16.1   16.9   18.6   19.7   19.2   18.3   18.5
47105   18.2   16.3   16.7   17.9   18.1   16.8   17.2   20.2   20.2   19.5   19.2   19.1
47106   18.0   16.1   16.8   17.3   16.8   16.9   16.5   18.8   19.9   19.2   18.7   18.9
47108   20.1   19.7   19.2   20.5   21.0   20.0   19.9   19.4   20.1   20.0   20.3   21.1
47112   18.5   17.6   18.0   17.8   21.0   20.2   18.9   19.1   18.6   20.0   21.0   21.2
47114   19.0   18.5   18.6   19.1   19.2   18.4   18.9   19.2   18.1   18.6   18.9   19.4
47115   18.0   16.4   16.2   15.8   15.0   16.9   17.0   18.3   17.9   18.2   17.9   17.7
47119   18.8   17.9   17.5   18.9   20.0   19.7   19.0   19.7   19.2   19.9   20.8   21.0
47121   17.4   16.3   17.5   17.7   17.4   17.4   16.9   17.3   17.7   18.1   18.3   18.5
47127   18.3   18.2   18.0   18.4   18.9   18.6   18.2   18.1   19.2   17.3   18.1   19.0
47129   16.9   16.1   16.1   17.2   19.7   17.8   17.4   18.5   19.3   18.9   19.3   19.5
47130   18.4   15.8   16.1   16.4   16.2   16.6   16.5   17.3   18.8   17.8   17.8   18.1
47131   20.2   18.8   19.1   20.3   20.3   19.1   19.5   20.0   20.2   20.7   21.1   21.3
47133   19.9   18.7   19.1   19.9   19.6   19.8   19.8   19.7   19.8   20.4   20.8   21.1
47135   18.1   15.7   17.2   17.6   17.9   16.7   16.6   16.9   18.0   18.3   18.1   18.6
47136   19.8   17.1   17.9   18.8   18.4   17.9   17.3   18.6   19.0   19.1   19.2   19.2
47137   19.7   16.9   18.6   19.0   17.6   17.6   17.0   18.6   19.2   19.4   19.5   19.9
47138   21.3   18.4   18.3   20.2   18.6   18.2   19.5   20.0   21.3   21.0   20.9   20.9
47140   18.0   17.3   17.1   17.8   19.6   18.1   19.4   19.4   20.0   18.6   18.9   18.8
47143   22.3   18.8   19.7   20.7   19.1   18.6   19.0   20.8   21.4   21.0   21.2   21.3
47146   19.2   17.5   18.7   19.6   19.2   17.9   19.6   19.4   19.8   19.9   20.4   20.8
47152   20.3   17.1   17.2   19.2   18.8   17.5   17.6   19.2   19.7   19.8   19.8   19.9
47155   19.4   18.6   19.0   19.7   18.9   19.9   19.3   20.0   20.2   20.1   20.0   20.6
47156   19.6   18.3   19.6   20.6   20.8   18.9   19.6   20.3   20.4   20.3   20.7   21.4
47159   20.0   19.0   18.7   19.9   19.8   19.6   19.4   20.3   20.7   20.6   20.4   20.8
47162   19.2   18.3   17.0   18.3   18.2   18.6   18.3   19.1   19.3   19.2   19.7   20.1
47165   18.5   18.0   17.2   18.6   19.3   18.4   18.9   19.7   19.8   19.9   20.5   20.8
47168   20.1   18.9   19.4   19.8   20.3   19.7   19.6   20.4   20.5   20.5   21.0   21.0
47169   16.9   16.2   16.4   18.4   17.3   16.4   18.4   17.4   19.0   18.1   18.1   18.1
47170   18.4   16.6   18.7   18.2   19.6   18.8   18.9   19.7   20.2   20.0   20.2   20.6
47172   18.3   16.4   17.8   18.3   19.2   17.7   18.3   18.0   18.5   19.0   19.7   19.9
47174   17.5   14.9   16.7   17.0   17.4   16.6   15.9   17.2   18.0   17.7   17.7   18.7
47175   15.9   14.3   16.0   16.7   16.4   14.7   16.9   18.4   18.1   18.1   18.6   18.4
47184   18.1   18.0   18.5   20.1   20.6   19.2   19.4   21.2   21.2   21.2   21.6   21.6
47185   17.9   16.9   19.0   20.2   19.5   19.4   20.0   20.8   20.6   19.3   19.4   19.3
47188   18.0   18.4   17.3   19.3   19.4   19.5   20.3   20.3   20.1   20.2   21.1   20.9
47189   18.2   18.5   18.8   20.1   20.0   19.6   20.9   21.5   21.1   21.5   22.0   22.1
47192   18.9   16.1   17.1   17.3   18.1   18.1   18.0   18.3   18.7   18.8   19.2   19.1
   96   19.5   18.8   15.6   18.5   19.6   16.8   16.0   17.2   19.3   18.8   18.8   18.8
