2014061600+000HOUR     2014061609LST
STNID    21H    45H    69H    93H   117H   141H   165H   189H   213H   237H   261H   285H
STNID 061706 061806 061906 062006 062106 062206 062306 062406 062506 062606 062706 062806LST
47008   11.8   11.4   12.3   11.4   11.8   12.8   13.5   13.7   14.9   15.5   12.8   14.7
47014   16.9   16.9   15.6   15.7   17.0   14.9   14.2   16.0   16.0   16.3   16.6   17.1
47041   14.8   14.0   14.4   14.5   15.0   13.9   16.5   16.9   20.2   20.4   17.8   19.5
47058   19.4   18.5   18.9   19.5   18.2   17.8   17.8   19.1   20.2   20.2   19.7   20.8
47069   19.4   20.3   20.0   19.5   19.3   16.7   18.0   18.7   18.5   18.5   17.3   18.7
47070   17.8   20.0   19.1   19.9   15.8   14.4   16.8   17.6   17.3   18.4   17.0   19.6
47090   15.6   15.3   16.5   17.1   14.9   15.5   16.9   14.8   17.3   15.5   16.5   19.1
47095   17.2   18.1   18.1   18.8   14.7   15.0   15.3   16.5   18.3   18.4   18.2   17.0
47098   17.3   18.2   19.4   19.2   15.6   14.3   15.9   17.2   18.2   18.1   17.9   17.8
47099   17.3   18.4   19.5   18.9   12.3   14.7   16.2   18.1   18.7   17.8   16.7   19.0
47100   13.2   11.7   11.7   15.0    9.0   10.9   11.4   11.3   11.9   14.0   16.0   12.6
47101   18.0   19.3   17.8   19.6   15.2   15.5   16.0   17.0   19.5   19.6   18.3   19.0
47102   17.2   16.6   16.9   15.7   10.8    6.9   14.4   15.5   15.8   15.3   16.1   17.9
47104   14.9   15.8   15.2   17.1   13.2   15.3   16.3   14.5   17.8   16.1   17.0   18.5
47105   15.3   16.0   16.2   17.7   16.8   14.9   16.4   17.9   18.7   18.5   18.7   20.1
47106   16.3   15.5   15.6   16.8   15.7   16.7   16.7   16.3   16.7   15.7   18.7   18.3
47108   19.9   20.4   21.7   20.4   16.1   16.3   16.6   18.7   19.5   20.8   19.6   20.9
47112   18.5   18.6   21.9   17.7   18.4   17.6   16.9   18.7   18.8   21.0   19.3   19.3
47114   18.1   18.5   19.4   19.3   17.6   16.5   17.7   18.5   18.8   18.6   17.5   19.1
47115   16.7   15.7   14.3   14.2   12.7   17.9   15.7   18.0   15.3   16.2   15.7   17.0
47119   19.3   18.7   20.0   19.1   18.9   17.0   16.4   19.0   19.2   20.4   19.2   19.5
47121   17.5   16.2   16.9   18.2   18.2   17.9   16.3   16.2   17.9   18.9   17.2   17.4
47127   18.1   17.0   18.9   17.8   18.6   17.4   17.9   17.3   19.1   17.1   17.0   18.9
47129   17.3   16.6   17.8   17.5   17.3   16.8   15.4   19.0   19.0   19.1   19.0   18.7
47130   17.9   15.0   15.8   15.8   12.9   15.8   15.7   16.3   17.1   17.8   18.4   18.9
47131   20.3   18.8   20.3   20.3   16.9   18.8   16.7   18.7   20.3   20.0   21.0   20.8
47133   20.0   18.3   20.7   20.0   15.7   19.3   18.0   19.2   20.3   20.1   20.6   20.7
47135   18.0   15.4   17.5   17.6   18.3   16.8   15.8   16.5   18.0   18.6   17.6   18.5
47136   19.7   16.4   17.1   18.9   15.9   16.8   16.0   17.5   19.3   18.3   19.5   19.5
47137   19.3   17.0   17.8   19.4   15.6   16.9   15.3   17.6   18.8   19.1   19.6   20.0
47138   19.9   17.5   16.9   19.9   14.1   18.7   20.2   19.1   20.1   20.6   19.8   21.4
47140   17.7   17.7   18.3   19.6   18.6   16.6   15.7   19.4   19.9   17.9   19.2   19.9
47143   22.5   18.8   19.3   20.3   16.0   19.7   17.0   19.9   20.4   20.2   21.2   22.5
47146   19.2   17.3   19.4   19.6   18.8   15.2   16.9   18.8   20.3   19.7   20.0   20.5
47152   20.3   17.4   16.4   19.1   18.7   16.4   16.7   18.2   18.6   19.3   19.9   20.0
47155   19.8   18.9   18.1   19.7   18.9   17.8   17.5   18.8   19.4   19.8   21.0   20.9
47156   19.7   18.3   20.2   20.5   22.2   17.7   17.1   19.4   20.2   20.1   19.8   21.7
47159   20.4   19.1   18.1   19.6   19.1   19.0   19.0   18.8   19.7   20.1   21.1   21.8
47162   19.7   18.5   16.4   18.2   19.2   18.1   17.6   18.0   17.4   19.4   19.7   20.2
47165   18.4   18.1   18.6   19.9   21.2   16.1   16.8   17.5   18.4   19.6   20.7   21.3
47168   20.4   19.0   19.4   19.7   20.8   18.6   18.1   19.2   18.9   20.7   21.1   21.6
47169   18.1   17.7   18.4   18.6   17.7   14.5   17.8   17.3   19.4   18.9   19.2   18.0
47170   18.4   17.5   19.7   19.6   20.1   17.7   18.6   18.7   19.0   19.9   21.5   20.4
47172   18.2   15.9   18.4   18.9   20.1   17.0   14.6   14.6   19.0   17.8   19.9   17.9
47174   18.2   15.4   16.2   16.8   18.4   15.7   12.7   17.7   18.2   16.6   14.6   19.4
47175   15.9   13.7   16.2   16.7   17.0   12.2   13.6   16.8   17.3   18.2   18.8   19.3
47184   18.9   18.0   19.1   21.0   22.4   19.0   19.3   21.3   21.2   22.2   22.5   21.6
47185   18.6   16.6   18.4   20.8   20.9   19.5   19.9   20.4   20.0   19.5   19.4   19.8
47188   18.4   18.3   18.3   20.4   21.6   19.6   20.7   20.1   19.6   20.8   21.1   22.7
47189   18.7   18.5   19.2   21.2   21.9   19.6   21.1   22.1   20.1   22.2   22.5   23.6
47192   19.9   16.2   16.4   16.7   18.6   16.8   17.2   18.3   18.8   18.4   18.9   18.9
   96   19.1   19.0   15.0   17.7   21.4   16.7   14.8   15.0   17.0   17.3   17.4   17.3
