2014061600+000HOUR     2014061609LST
STNID     6H    30H    54H    78H   102H   126H   150H   174H   198H   222H   246H   270H
STNID 061615 061715 061815 061915 062015 062115 062215 062315 062415 062515 062615 062715LST
47008   17.3   13.2   13.1   17.6   17.0   15.9   18.0   18.4   20.4   23.7   17.7   24.3
47014   26.3   26.7   22.1   24.2   22.4   23.1   22.5   24.2   29.8   25.7   23.9   22.8
47041   23.9   18.6   16.3   17.4   18.4   18.7   18.1   26.0   31.8   32.0   24.5   21.2
47058   30.5   30.2   26.9   24.7   26.8   21.7   24.5   25.7   28.5   27.1   29.2   20.5
47069   28.5   25.3   27.4   27.3   26.2   21.9   23.5   26.1   26.9   23.6   28.2   23.9
47070   27.5   25.2   26.9   28.7   26.1   23.0   25.1   23.5   31.2   24.6   28.4   22.1
47090   26.7   22.3   21.8   21.2   20.2   15.2   18.0   19.2   28.0   27.5   25.9   21.1
47095   31.0   28.7   27.2   27.6   28.0   22.4   24.3   21.5   31.7   27.8   32.7   23.0
47098   32.0   28.6   30.2   29.4   28.7   25.1   28.5   26.3   33.5   28.1   30.1   25.2
47099   31.0   27.6   28.8   30.3   28.6   25.2   27.1   26.7   32.3   27.2   26.5   25.2
47100   26.3   22.7   20.2   19.8   20.1   17.6   19.2   18.7   23.4   25.5   29.7   18.3
47101   32.2   29.0   28.6   29.0   31.0   24.5   25.4   22.5   30.5   29.1   30.8   22.1
47102   24.4   24.1   21.7   22.5   24.4   19.4   19.9   21.3   25.1   21.2   24.7   19.4
47104   28.1   22.5   20.8   21.7   20.3   16.1   19.7   21.5   28.8   26.6   31.2   21.8
47105   28.6   23.8   21.6   22.1   20.2   16.2   20.0   21.5   28.1   28.9   36.3   24.3
47106   26.6   21.9   22.5   22.5   19.1   15.4   22.6   21.0   26.1   26.8   24.8   20.6
47108   30.0   26.0   29.5   29.5   28.2   25.9   24.9   25.2   31.2   -999   -999   -999
47112   25.7   23.2   26.5   27.0   25.8   23.8    4.4   23.2   26.0   22.2   26.7   22.5
47114   30.8   27.7   29.8   29.8   32.1   25.1   29.9   24.7   30.3   28.6   32.1   25.7
47115   24.8   22.2   18.8   18.1   19.8   18.9   21.7   20.0   24.1   26.4   25.5   19.3
47119   28.7   25.9   28.1   29.3   29.2   26.9   26.1   25.4   28.6   26.5   28.4   25.6
47121   30.8   28.2   27.0   29.3   28.7   22.5   28.7   25.3   30.1   30.0   33.5   25.3
47127   30.2   27.5   29.2   29.0   27.8   25.6   28.2   24.2   29.9   28.6   30.5   26.3
47129   27.7   24.2   26.6   27.7   27.1   26.3   23.8   23.9   25.8   25.2   24.5   24.7
47130   26.2   20.7   22.4   20.9   20.9   18.0   22.2   20.9   26.7   26.5   27.5   22.8
47131   30.6   26.2   28.8   29.9   30.2   26.6   26.2   24.0   29.2   28.7   24.1   26.8
47133   29.7   25.1   28.8   29.7   27.8   26.8   25.1   23.3   29.0   28.7   25.8   26.9
47135   29.4   25.5   27.8   28.0   25.7   20.9   24.6   21.1   26.9   27.7   23.1   26.5
47136   31.2   28.8   29.8   28.0   27.3   23.6   28.9   23.2   27.7   30.2   30.1   26.4
47137   30.7   26.9   29.0   28.9   27.3   22.4   30.4   20.8   28.4   28.9   24.5   26.4
47138   29.1   26.2   23.8   29.0   23.2   21.6   28.4   24.8   29.3   29.6   23.2   30.5
47140   28.3   23.8   25.7   27.5   26.4   27.0   22.7   22.5   24.5   27.3   23.8   23.3
47143   31.5   29.2   30.4   30.0   26.2   24.4   27.6   24.6   31.0   31.2   27.5   30.2
47146   31.5   26.2   30.1   31.0   29.2   28.6   26.4   25.6   29.5   30.1   25.5   27.5
47152   30.8   27.4   26.8   28.3   25.0   24.5   26.0   21.9   30.7   30.0   22.8   29.0
47155   29.9   27.6   28.1   27.2   24.7   26.1   25.5   21.8   28.0   27.2   20.7   28.0
47156   30.2   24.8   30.0   30.7   26.7   27.0   26.2   25.6   28.7   31.5   24.7   28.4
47159   27.8   25.6   25.9   24.8   25.3   24.0   24.0   21.5   26.2   27.4   21.0   27.0
47162   25.5   24.3   26.7   25.1   24.2   23.0   23.7   20.8   25.1   25.0   19.8   26.0
47165   26.1   22.5   26.5   27.2   21.8   24.8   24.9   21.3   24.4   26.6   23.9   25.9
47168   25.3   23.0   27.9   23.5   19.4   23.8   23.4   20.8   25.2   25.0   21.1   26.3
47169   21.1   17.8   22.7   22.6   18.7   23.2   21.0   20.5   24.8   23.3   19.6   23.3
47170   27.5   23.1   28.4   26.6   22.1   26.0   25.9   22.8   26.2   25.9   22.6   26.7
47172   29.6   24.2   28.1   28.7   23.8   25.4   23.3   21.7   25.9   26.6   21.6   24.1
47174   28.5   25.6   29.4   28.2   22.1   25.8   25.8   22.1   26.2   28.1   23.3   26.8
47175   23.7   18.2   26.0   25.6   19.4   22.8   23.4   20.8   23.7   25.0   19.7   23.8
47184   24.3   21.9   25.2   26.6   23.8   24.4   25.0   22.9   26.7   27.3   22.9   27.5
47185   22.6   21.7   25.8   24.7   22.2   21.7   23.4   22.4   21.1   21.5   20.9   22.2
47188   26.6   20.1   24.5   25.5   21.4   22.2   26.6   28.3   24.7   21.5   18.8   23.7
47189   25.5   21.3   26.2   25.4   24.5   23.8   25.8   23.6   23.9   22.8   21.1   23.9
47192   29.9   27.5   29.2   28.5   24.1   26.3   27.7   24.0   27.4   28.4   21.0   28.2
   96   21.6   22.0   21.2   17.1   17.1   18.6   19.3   18.4   18.0   22.5   22.2   18.7
