2014061600+000HOUR     2014061609LST
STNID    21H    45H    69H    93H   117H   141H   165H   189H   213H   237H   261H   285H
STNID 061706 061806 061906 062006 062106 062206 062306 062406 062506 062606 062706 062806LST
47008   12.9   12.7   12.7   11.8   11.5   13.5   15.6   16.9   14.8   13.7   14.5   13.1
47014   15.9   17.7   16.0   16.6   17.7   16.0   15.0   17.4   15.3   16.1   18.2   18.7
47041   15.0   14.8   15.7   16.0   16.8   17.5   18.0   18.8   16.5   19.5   19.3   19.3
47058   19.1   19.7   18.7   18.6   19.9   20.0   18.8   19.1   19.3   19.7   19.0   20.0
47069   20.5   20.7   18.9   20.0   23.1   20.2   20.2   19.5   18.0   18.5   19.3   20.7
47070   19.6   19.0   18.5   19.1   19.2   18.3   18.6   19.6   17.1   18.0   20.6   21.7
47090   15.4   15.7   17.9   17.9   17.7   17.4   16.8   18.7   20.3   20.7   18.8   21.4
47095   18.6   18.1   18.4   18.3   17.4   16.1   16.7   17.1   16.8   17.9   18.5   19.7
47098   18.1   18.8   17.9   18.9   19.1   16.1   17.8   17.6   17.8   18.1   18.8   20.2
47099   19.9   18.6   18.0   17.8   18.3   17.8   18.5   18.2   17.9   17.2   19.2   20.6
47100   13.1   12.5   14.2   13.7   12.6   12.4   11.5   12.9   14.7   14.9   15.7   14.5
47101   19.7   18.6   18.9   18.7   17.7   16.7   17.4   19.1   18.0   19.7   20.5   20.4
47102   16.0   15.5   13.7   14.5   17.2   14.5   14.5   14.9   16.0   16.7   16.2   18.4
47104   16.4   16.1   18.1   17.7   16.5   16.0   16.9   17.4   20.8   20.4   18.5   19.8
47105   16.8   16.9   19.5   19.2   17.7   16.9   14.9   19.5   22.0   21.0   19.8   20.6
47106   17.2   16.1   17.8   18.6   16.8   16.2   16.2   18.1   20.7   21.7   18.8   19.5
47108   20.6   21.1   18.9   20.7   21.8   19.5   19.3   20.3   20.8   20.1   20.1   22.6
47112   19.2   19.1   17.5   19.1   22.8   20.3   19.1   18.9   18.7   19.5   20.6   21.5
47114   19.6   19.6   18.8   19.2   19.4   18.9   19.5   19.9   16.9   19.0   19.2   21.9
47115   16.0   15.6   16.6   15.8   16.0   16.9   16.0   17.3   18.2   17.7   17.1   17.1
47119   19.3   19.7   17.2   19.3   21.9   19.4   19.8   19.8   18.6   20.3   19.8   21.5
47121   17.2   16.3   17.8   17.6   17.2   17.4   16.7   18.1   17.2   17.5   18.8   18.3
47127   19.3   18.7   18.2   18.4   19.3   19.1   18.9   17.8   19.7   18.3   18.8   20.6
47129   17.2   17.1   16.8   17.0   19.7   18.4   17.6   18.0   19.7   18.9   19.3   20.5
47130   17.3   14.6   16.5   16.5   16.2   16.8   15.8   17.3   19.4   17.8   17.8   18.1
47131   20.8   20.0   19.6   21.4   22.0   19.8   20.5   20.1   20.8   20.9   19.8   21.8
47133   20.3   19.0   19.0   21.6   21.6   20.6   21.0   19.8   21.7   20.5   20.0   21.7
47135   18.6   15.3   17.4   17.8   17.9   17.3   17.1   17.9   18.2   18.2   18.2   19.6
47136   19.4   16.3   18.0   19.0   18.2   18.1   16.8   18.7   19.4   18.7   19.3   19.6
47137   19.6   16.2   18.6   19.5   18.3   18.2   16.8   19.9   19.7   20.6   20.3   20.6
47138   18.4   18.1   18.4   20.2   18.3   18.0   19.5   20.6   22.2   20.8   21.0   22.2
47140   18.4   18.2   17.9   18.3   20.0   18.3   21.0   19.4   20.5   19.0   17.8   19.2
47143   22.4   18.9   20.1   20.7   20.0   19.6   19.9   21.6   21.8   20.9   22.3   23.2
47146   19.6   17.9   18.9   20.8   23.0   19.6   19.9   19.7   20.4   19.2   19.2   20.0
47152   19.5   16.6   17.2   18.7   18.1   19.4   17.7   19.6   20.7   19.5   20.1   21.7
47155   20.0   18.0   19.0   19.8   19.3   19.5   19.3   20.4   21.1   20.8   20.0   21.0
47156   19.7   17.7   19.5   20.4   21.2   19.3   19.1   21.2   21.3   20.3   20.5   22.0
47159   20.1   18.0   18.7   20.1   19.7   18.9   19.8   20.3   21.2   20.0   21.2   21.9
47162   19.2   18.0   17.0   18.3   18.1   17.7   17.9   19.4   19.6   19.2   19.9   20.3
47165   18.8   18.0   17.1   18.6   19.3   17.7   19.2   20.1   19.7   20.0   19.9   20.0
47168   20.2   18.8   19.3   19.8   20.8   18.7   19.9   21.6   20.7   20.1   21.4   21.7
47169   17.8   16.5   16.4   18.2   17.3   17.9   17.5   16.7   19.2   18.1   18.8   18.4
47170   18.6   16.8   18.7   18.7   21.1   18.0   18.8   20.4   20.4   20.1   19.4   19.9
47172   18.5   16.4   17.9   18.3   21.2   18.5   18.8   17.7   18.5   19.1   17.3   22.0
47174   18.0   14.2   16.4   16.1   20.6   16.6   18.5   18.3   19.2   18.7   17.3   19.2
47175   16.1   14.0   15.7   16.7   16.2   15.7   16.9   19.3   18.2   17.6   19.6   19.6
47184   18.1   19.3   19.2   20.6   21.3   20.0   20.6   21.2   21.3   21.6   22.3   21.6
47185   18.3   18.2   19.1   19.9   20.4   19.8   19.5   20.8   20.4   21.5   20.3   21.5
47188   18.1   19.2   17.5   20.5   20.2   17.7   21.1   20.7   18.8   19.8   21.1   19.6
47189   18.7   19.5   19.4   21.2   20.8   19.7   22.0   22.7   20.1   21.0   22.5   21.4
47192   19.4   15.7   16.9   16.1   18.8   19.1   19.5   18.8   19.0   19.0   17.7   19.8
   96   18.5   18.8   15.1   19.2   19.7   16.8   15.7   16.3   19.5   18.8   17.2   18.0
