2014061600+000HOUR     2014061609LST
STNID    15H    27H    39H    51H    63H    75H    87H    99H   111H   123H   135H   147H   159H   171H   183H   195H   207H   219H   231H   243H   255H   267H   279H
STNID 061700 061712 061800 061812 061900 061912 062000 062012 062100 062112 062200 062212 062300 062312 062400 062412 062500 062512 062600 062612 062700 062712 062800LST
47090    6.0   10.0    9.0   10.0    9.5    4.0    7.5   10.0   10.0   10.0   10.0    9.0   10.0   10.0   10.0   10.0   10.0   10.0   10.0   10.0   10.0    0.0   10.0
47095    5.0    8.5    7.5    9.0    8.0    6.0    7.0    7.5    9.5    8.0    7.0    8.0    1.5    0.0   10.0    0.0   10.0    0.0   10.0    0.0    0.0    0.0    0.0
47100    7.5    8.5    9.0    8.0    7.0    5.0    7.5    9.5   10.0   10.0    9.0    9.5   10.0   10.0   10.0   10.0    0.0   10.0    0.0    0.0    0.0    0.0    0.0
47101    6.5    8.0    8.0    8.5    8.0    6.5    5.0    7.5   10.0    7.5    9.0    7.5   10.0   10.0   10.0    0.0   10.0   10.0    0.0   10.0   10.0   10.0   10.0
47102    8.0    7.0    2.0    3.5    0.5    1.5    6.5    6.5    9.0    7.5    6.5    8.0    0.0    0.0    0.0   10.0    2.5    0.0   10.0    0.0    0.0    0.0    0.0
47104    5.0   10.0   10.0   10.0    6.0    2.5    6.0   10.0   10.0   10.0   10.0    9.5   10.0   10.0   10.0   10.0   10.0   10.0   10.0   10.0   10.0   10.0   10.0
47108    5.5    8.0    6.0    7.0    6.0    5.0    6.5    7.0    9.0    5.5    2.5    6.0    0.0   10.0    0.0   10.0    0.0   10.0    0.0   10.0   10.0   10.0   10.0
47112    6.5    6.0    6.0    5.5    3.5    0.5    6.5    6.0    9.5    4.5    4.0    6.5    0.0   10.0    0.0   10.0   10.0    0.0    0.0    0.0    0.0    0.0    0.0
47114    5.5    7.0    9.0    7.0    5.0    5.5    5.5    7.0    7.0    7.0    6.5    7.0    0.0    0.0    0.0    0.0   10.0    0.0    0.0   10.0   10.0   10.0   10.0
47115    5.0    8.5   10.0   10.0    8.0    6.5    6.0   10.0    8.0    9.5    8.0    7.5    5.0   10.0    0.0   10.0    0.0   10.0   10.0    0.0    0.0    0.0    0.0
47119    5.0    6.5    6.0    7.0    4.5    2.0    4.5    6.0    8.5    4.0    4.0    6.5    0.0    0.0    0.0    0.0   10.0    0.0    3.5    0.0    0.0    0.0    0.0
47129    6.5    7.5    6.5    3.5    1.0    1.5    4.5    8.0    7.5    5.5    4.5    4.5    0.0    0.0    0.0    0.0    0.0   10.0    8.0    0.0    0.0    0.0    0.0
47130    6.5    8.5    9.5    8.0    6.5    1.5    6.0    9.0    8.5   10.0    9.0    9.0   10.0    0.0   10.0    0.0   10.0    0.0   10.0   10.0   10.0   10.0   10.0
47131    6.5    8.5    8.5    4.5    1.0    0.5    6.5    2.0    7.0    4.5    4.0    3.0   10.0   10.0   10.0   10.0   10.0   10.0   10.0    0.0    0.0    0.0    0.0
47133    7.0    8.5    8.0    4.5    1.0    1.5    6.0    4.5    7.0    7.5    4.5    3.0   10.0    0.0    0.5    0.0    0.0    0.0   10.0    0.0    9.5   10.0   10.0
47136    5.5    7.5    9.0    7.0    4.5    1.0    6.5    8.0    7.0    9.5    7.5    7.0    0.0   10.0   10.0   10.0   10.0   10.0   10.0   10.0   10.0   10.0   10.0
47138    3.5    9.0    6.5    9.0    1.5    2.5    4.0    7.5   10.0   10.0   10.0    7.0    0.0    2.5   10.0    0.0   10.0   10.0   10.0    0.0   10.0   10.0    0.0
47140    6.5    9.5    7.5    0.5    0.0    2.0    4.5    6.5    8.0    6.5    1.5    0.5    0.0    0.0   10.0    0.0   10.0    0.0   10.0   10.0   10.0    0.0    0.0
47143    4.5    8.5    9.5    8.0    2.0    1.0    7.0    8.5    7.0   10.0    9.0    9.0   10.0   10.0   10.0   10.0    0.0   10.0    0.0    0.0    0.0    0.0    0.0
47146    7.5    9.0    8.0    4.5    1.5    2.5    4.5    8.5    9.0    7.0    4.0    1.5    0.0    0.0   10.0   10.0   10.0   10.0    0.0    0.0    0.0    0.0    0.0
47152    3.0   10.0   10.0    7.5    2.5    2.0    5.5    9.5   10.0   10.0    9.0    8.0    0.0   10.0   10.0   10.0   10.0   10.0   10.0    9.0   10.0   10.0    8.0
47155    7.5    9.0   10.0   10.0    2.0    1.0    6.0    7.5   10.0   10.0    8.5    8.0   10.0    0.0    0.0    0.0   10.0   10.0   10.0   10.0   10.0   10.0   10.0
47156    6.0   10.0    9.5    7.0    2.5    3.0    4.0    9.0    9.5   10.0    8.0    3.0   10.0   10.0    0.0   10.0    0.0   10.0   10.0   10.0   10.0   10.0   10.0
47159    6.0    9.5   10.0   10.0    1.5    2.0    3.0    8.5   10.0   10.0    9.5    9.0   10.0    0.0   10.0    0.0   10.0    0.0   10.0    0.0    0.0    0.0    0.0
47162    5.0    9.5   10.0    9.0    2.5    3.0    1.0    8.0   10.0    9.5   10.0    7.5    0.0    0.0   10.0    0.0   10.0    0.0   10.0   10.0   10.0   10.0   10.0
47165    7.5   10.0   10.0    7.0    3.5    3.0    4.0    8.0    8.5   10.0    9.5    6.5    0.0   10.0   10.0    0.0   10.0    0.0    0.0   10.0   10.0    0.0    0.0
47168    6.5   10.0   10.0    8.5    2.5    2.5    4.0    8.0   10.0    9.0    8.0    6.5    0.0   10.0   10.0    0.0   10.0   10.0    0.0   10.0   10.0   10.0   10.0
47169    9.0   10.0    9.0    1.5    0.5    2.0    7.0   10.0    9.0    9.0    9.0    9.5    0.0    0.0    0.0    5.5    0.0   10.0   10.0    0.0    0.0    5.5   10.0
47170    8.5   10.0   10.0    7.0    5.5    3.5    4.0    9.0    9.5    9.0    9.0    7.0   10.0    0.0    3.5    0.0   10.0    0.0   10.0    0.0    0.0    0.0    0.0
47172    7.0   10.0   10.0    4.5    0.5    3.5    5.0    8.0   10.0   10.0    8.0    5.5   10.0    0.0   10.0    0.0   10.0   10.0    0.0    0.0    0.0    0.0    0.0
47174    6.0   10.0   10.0    8.0    3.5    3.0    3.5    8.0   10.0   10.0    9.0    8.0   10.0    1.5   10.0   10.0   10.0    0.0    0.0   10.0   10.0   10.0    0.0
47175    9.0   10.0   10.0    6.0    4.0    3.0    5.0   10.0   10.0    9.0    7.0    7.5    0.0    0.0    0.0    0.0   10.0   10.0   10.0   10.0   10.0   10.0   10.0
47184   10.0   10.0   10.0    9.0    6.5    6.5    5.0   10.0   10.0   10.0   10.0   10.0   10.0    8.0   10.0    0.0   10.0    0.0   10.0    1.0    5.0    0.0    0.0
47185   10.0   10.0   10.0    8.0    6.5    4.5    7.5   10.0   10.0   10.0   10.0   10.0    0.0    0.0   10.0    0.0    0.0    0.0    0.0    0.0    0.0    0.0    0.0
47188   10.0   10.0   10.0    9.0    7.0    4.5    6.5   10.0   10.0   10.0   10.0    9.0   10.0    0.0   10.0    0.0   10.0    0.0   10.0   10.0   10.0   10.0   10.0
47189   10.0   10.0   10.0    7.0    6.5    6.0    6.5   10.0   10.0   10.0   10.0    9.5   10.0    0.0    0.0   10.0   10.0   10.0   10.0    0.0    0.0    0.0    0.0
47192    7.0   10.0   10.0    9.5    3.5    3.0    4.5    8.0   10.0    9.5   10.0    7.5    0.0    0.0   10.0   10.0   10.0   10.0   10.0   10.0   10.0   10.0   10.0
47232    5.5    8.5    7.5    3.5    1.5    1.5    6.0    6.5    7.5    6.0    5.0    1.0    0.0    0.0   10.0    0.0   10.0   10.0   10.0    0.0    0.0    0.0    0.0
47235    6.0    8.0    6.0    2.0    3.0    2.5    6.0    8.0    8.0    5.0    5.5    1.0   10.0    0.0    0.0    0.0    0.0    0.0   10.0   10.0   10.0   10.0   10.0
47284    7.0    9.5   10.0    7.0    2.0    2.0    4.5    7.0   10.0   10.0    8.5    7.0    0.0    0.0    0.0   10.0   10.0   10.0   10.0    6.5    9.0    6.5    0.0
47110    6.5    7.0    4.5    7.0    5.5    0.5    5.0    5.5    9.5    3.5    3.0    3.0   10.0   10.0   10.0    0.0   10.0    0.5   10.0    0.0    0.0    0.0    0.0
47113    8.0    6.5    5.0    5.5    5.0    1.0    7.5    6.5   10.0    3.5    7.5    6.0    0.0   10.0    0.0   10.0    0.0    8.0    2.0    9.5   10.0   10.0   10.0
47128    7.0    8.5    9.0    2.5    2.0    3.5    7.5    5.0    8.5    2.0    6.5    1.5   10.0    0.0    0.0    0.0    0.0    0.0   10.0    0.0    0.0    0.0    0.0
47151    5.0    8.5   10.0    9.5    2.0    3.5    3.5    8.5   10.0   10.0   10.0   10.0    0.0   10.0    0.0    0.0   10.0   10.0   10.0    0.0    0.0    0.0    0.0
47163    6.0   10.0   10.0    4.0    1.5    3.5    5.5   10.0    8.5    8.0    8.5    3.5    0.0    0.0    0.0    0.0    0.0    0.0   10.0    0.0    0.0    0.0    0.0
47167    5.5   10.0   10.0    8.0    2.0    2.5    5.5    7.5    9.5   10.0    9.0    9.0   10.0   10.0   10.0   10.0    0.0   10.0   10.0   10.0   10.0   10.0   10.0
47139    5.0    8.0    9.0    9.5    2.0    2.5    5.0    8.5   10.0   10.0   10.0    8.0   10.0   10.0   10.0    0.0    0.0   10.0    0.0    0.0    0.0    0.0    0.0
47142    6.0    8.5    9.5    7.5    2.5    1.5    6.0    9.0    8.0    9.5    8.5    7.0   10.0    0.0   10.0   10.0    0.0   10.0   10.0   10.0   10.0   10.0   10.0
47153    7.0    8.5   10.0   10.0    3.5    1.5    4.5    8.0   10.0    9.5   10.0    8.0   10.0    0.0   10.0   10.0    1.5   10.0   10.0   10.0   10.0   10.0   10.0
47158    7.5   10.0    9.0    5.0    2.5    4.5    4.5    9.0   10.0    7.5    9.0    5.5   10.0    7.5   10.0   10.0    0.0   10.0    0.0   10.0   10.0   10.0    8.5
47161    8.0    9.0   10.0    8.0    4.5    3.5    3.5    8.0   10.0    8.5   10.0    8.0   10.0   10.0   10.0   10.0   10.0   10.0    0.0   10.0   10.0   10.0   10.0
47182    9.5   10.0   10.0    9.5    5.5    8.0    5.5   10.0   10.0   10.0   10.0   10.0   10.0    6.0   10.0    0.0   10.0    0.0   10.0   10.0   10.0   10.0    0.0
