2014061512+000HOUR     2014061521LST
STNID     9H    33H    57H    81H   105H   129H   153H   177H   201H   225H   249H   273H
STNID 061606 061706 061806 061906 062006 062106 062206 062306 062406 062506 062606 062706LST
47008   14.6   13.0   12.5   11.6   12.9   17.8   20.9   14.1   17.5   15.5   17.5   14.5
47014   16.1   17.9   16.7   15.9   16.3   15.2   14.3   13.0   16.5   15.4   15.5   16.7
47041   17.2   15.8   15.3   16.2   16.0   16.5   17.4   14.6   18.7   16.7   15.8   16.9
47058   18.2   18.6   19.0   17.5   19.8   18.3   16.9   18.5   18.1   19.2   19.1   19.3
47069   18.9   21.2   20.0   17.8   19.4   18.7   17.6   18.7   19.3   17.9   17.7   16.4
47070   17.7   18.2   18.3   19.0   18.2   17.6   17.7   17.0   18.3   18.4   18.6   19.5
47090   21.7   17.2   17.3   19.2   16.4   18.5   18.2   16.4   20.3   21.5   20.3   21.1
47095   15.8   18.6   16.4   17.6   18.8   17.5   17.6   15.7   17.7   18.0   18.2   18.2
47098   16.9   17.8   16.6   19.9   17.7   18.1   19.2   16.7   18.7   17.9   18.1   18.3
47099   16.1   16.9   17.9   18.6   17.2   17.0   19.9   16.6   18.8   17.6   17.0   18.4
47100   13.9   15.2   13.6   15.7   14.3   13.9   17.7   12.2   13.6   14.2   15.0   16.6
47101   16.7   19.8   17.4   19.3   20.1   19.0   18.7   17.6   18.4   18.7   18.8   18.6
47102   14.3   14.8   14.9   15.4   13.0   16.2   11.5   16.1   16.1   16.5   15.3   16.3
47104   21.5   17.6   16.9   18.9   18.1   19.2   18.3   14.8   20.4   21.1   21.1   21.2
47105   24.5   18.4   17.1   20.8   17.6   19.2   19.7   19.0   22.1   22.4   21.9   22.4
47106   22.4   17.7   16.9   19.8   16.9   18.8   18.8   15.6   20.9   21.3   21.5   21.3
47108   19.1   18.6   17.9   20.5   20.1   21.5   19.7   17.3   21.1   18.0   18.4   18.8
47112   17.7   17.3   16.3   18.6   19.2   18.5   17.1   18.6   19.8   20.1   20.1   21.1
47114   17.1   19.1   18.0   19.2   18.9   18.3   20.1   18.3   16.0   18.6   17.0   17.7
47115   20.0   19.2   16.5   18.0   17.6   19.3   18.2   18.2   18.3   19.7   19.5   20.5
47119   16.4   17.4   18.0   18.5   20.1   19.2   20.1   17.9   18.9   20.4   19.2   19.5
47121   15.5   17.8   16.8   17.6   17.8   17.7   19.7   16.8   16.3   17.4   17.6   18.5
47127   16.1   18.4   18.6   18.4   19.0   20.1   20.1   19.4   18.2   17.8   16.2   15.4
47129   15.2   16.6   16.0   16.8   18.3   18.0   16.8   17.1   19.0   18.8   18.9   19.5
47130   20.1   18.5   16.5   17.2   16.8   17.4   17.5   14.8   17.7   19.1   19.1   19.2
47131   18.2   20.3   18.8   19.4   20.3   20.5   21.6   19.4   19.6   19.9   19.8   19.9
47133   17.4   20.2   18.1   19.3   21.7   20.7   20.5   18.0   19.4   20.0   20.2   20.1
47135   17.2   18.3   16.9   17.9   18.0   17.7   18.8   16.9   16.9   18.6   18.3   18.0
47136   18.5   19.5   18.0   18.9   19.8   17.6   19.3   18.6   18.0   18.7   20.2   20.6
47137   18.8   19.3   18.5   19.7   19.5   18.5   19.0   18.4   17.7   19.1   20.5   19.7
47138   22.8   19.8   19.9   20.5   20.0   19.5   21.6   19.6   21.6   21.9   21.9   22.6
47140   15.7   16.8   18.0   17.4   19.8   17.9   17.8   18.2   19.1   17.1   16.6   16.6
47143   21.2   22.6   20.0   21.1   22.0   20.6   20.1   19.2   19.8   21.5   22.0   22.5
47146   17.2   18.8   18.2   19.0   19.9   19.8   18.4   18.0   18.5   18.6   18.0   18.4
47152   20.5   20.0   17.7   19.3   20.8   18.0   19.6   18.4   19.8   20.2   21.5   21.9
47155   18.2   21.2   18.5   20.2   18.8   19.8   21.4   18.7   19.4   19.7   20.5   21.0
47156   18.6   19.5   18.3   20.0   20.6   20.3   20.9   19.6   19.4   20.2   20.0   20.2
47159   19.8   20.8   19.7   20.2   20.5   20.6   21.1   17.6   20.7   21.2   22.4   22.6
47162   17.7   19.4   17.3   18.6   17.7   18.9   19.7   17.7   19.1   19.0   19.5   20.0
47165   17.4   17.9   16.9   18.7   18.2   19.9   21.1   18.4   18.8   20.3   20.7   20.8
47168   19.8   19.5   18.5   19.9   19.9   20.4   20.6   19.1   20.3   20.3   21.4   21.1
47169   16.8   16.4   16.3   18.4   15.5   17.2   18.0   16.7   19.2   18.0   16.3   17.7
47170   17.5   17.7   17.7   17.7   17.8   19.6   20.4   19.8   17.6   19.3   19.9   20.6
47172   15.9   16.6   16.1   18.1   18.7   18.5   17.6   15.3   16.1   16.5   18.9   18.3
47174   14.2   16.3   15.3   17.8   17.7   18.4   19.4   15.1   15.0   16.3   15.8   15.1
47175   17.2   16.3   14.2   16.3   17.9   17.4   18.3   15.3   17.5   19.3   19.9   19.0
47184   18.6   17.8   17.9   17.6   19.9   19.0   20.4   18.9   20.5   21.4   23.2   22.0
47185   19.7   17.8   18.1   18.7   20.1   19.5   19.9   18.7   20.0   16.8   17.9   19.6
47188   17.9   17.7   17.0   16.3   18.7   17.5   18.0   21.9   18.7   19.5   21.1   19.0
47189   20.2   18.3   18.1   18.7   22.6   21.0   20.2   21.7   19.8   20.0   21.3   21.9
47192   15.8   18.4   17.2   18.0   18.3   18.2   18.9   17.1   16.7   17.6   18.2   18.9
   96   19.2   19.8   18.8   18.5   18.3   18.6   20.5   13.1   19.7   20.0   19.6   19.9
