2014061600+000HOUR     2014061609LST
STNID     6H    30H    54H    78H   102H   126H   150H   174H   198H   222H   246H   270H
STNID 061615 061715 061815 061915 062015 062115 062215 062315 062415 062515 062615 062715LST
47008   15.0   14.6   12.5   15.7   19.7   18.9   22.4   20.4   19.0   17.4   19.4   18.9
47014   26.9   25.3   21.5   23.2   21.1   22.4   23.6   24.3   25.0   24.1   23.7   25.6
47041   24.1   16.4   20.3   20.3   17.7   21.3   20.4   31.4   24.9   22.3   23.2   23.2
47058   30.1   30.3   25.5   26.5   25.2   26.0   26.5   27.7   26.7   25.6   25.6   26.6
47069   27.4   27.5   28.0   27.5   23.7   26.8   26.0   26.4   26.2   24.1   23.9   28.5
47070   27.7   30.1   29.0   27.7   27.6   28.9   29.0   27.9   28.0   24.7   24.8   29.4
47090   26.2   23.5   22.4   25.6   17.6   21.1   20.6   24.1   24.3   22.9   21.6   24.7
47095   29.8   30.4   29.8   28.1   26.3   28.6   28.6   26.5   30.7   26.8   25.1   28.2
47098   31.5   32.1   31.0   31.0   30.0   31.1   31.9   29.9   32.2   29.0   29.4   31.1
47099   30.7   31.5   31.2   30.0   30.8   31.5   30.8   31.2   32.1   29.5   28.7   30.8
47100   27.0   22.5   23.2   24.3   20.3   20.6   22.9   23.3   21.8   22.2   21.4   22.3
47101   31.4   28.3   30.2   30.2   26.4   30.0   28.2   28.8   29.7   28.7   28.4   28.1
47102   23.3   24.6   21.4   24.1   22.2   24.1   20.5   23.1   23.4   19.8   20.0   22.4
47104   28.3   22.8   24.0   28.3   20.1   20.0   23.2   26.8   24.6   24.3   23.5   25.5
47105   28.9   23.7   25.2   28.9   20.0   21.7   22.2   26.4   23.0   26.6   21.6   24.9
47106   26.7   23.0   23.1   27.6   20.3   21.5   24.3   24.6   24.9   23.6   23.1   24.3
47108   30.4   30.9   30.2   29.5   29.6   30.6   29.8   30.0   30.8   27.6   27.4   30.9
47112   26.7   27.7   25.7   26.6   27.7   28.7   29.7   27.2   26.0   23.9   24.3   29.2
47114   30.9   30.5   30.4   30.8   29.6   29.3   32.2   29.9   29.3   29.8   30.1   23.6
47115   25.8   21.5   20.2   22.8   22.0   22.2   24.2   24.0   23.3   25.1   23.4   22.8
47119   29.6   30.3   29.3   29.1   29.6   30.4   31.2   27.8   29.3   27.1   28.1   30.7
47121   31.2   30.7   25.5   30.6   30.2   30.0   31.5   30.3   29.8   29.1   29.0   30.1
47127   30.2   30.8   30.5   30.5   30.8   30.1   31.5   30.1   30.4   29.7   30.5   30.6
47129   28.6   28.3   29.0   27.4   27.2   28.7   29.7   28.4   26.5   25.9   28.4   30.6
47130   25.3   20.9   22.0   27.9   22.7   22.4   21.0   24.2   23.9   24.4   24.2   23.8
47131   30.5   30.5   30.6   31.0   30.8   30.5   30.5   28.6   29.9   30.2   30.2   30.5
47133   30.5   29.2   29.9   30.5   29.9   30.1   29.4   27.6   27.0   28.6   29.4   29.9
47135   29.0   28.0   28.6   29.0   28.0   25.4   27.6   26.9   24.5   27.2   27.8   28.0
47136   32.1   30.3   29.9   30.6   30.6   29.0   31.0   28.9   29.6   29.7   30.8   30.2
47137   30.4   29.3   29.6   31.2   29.6   28.6   31.2   28.4   25.8   28.6   29.2   29.1
47138   30.1   25.8   25.1   31.1   29.0   25.3   25.1   24.5   26.3   28.0   27.5   25.0
47140   28.5   26.7   27.9   26.5   28.8   27.7   28.6   25.6   25.1   27.6   28.0   28.2
47143   31.7   30.5   30.7   31.7   30.5   28.9   28.3   28.8   29.6   30.5   31.4   30.5
47146   31.3   30.2   31.8   31.3   31.1   31.6   30.2   29.0   29.1   29.9   31.2   31.6
47152   31.3   28.2   28.3   30.4   28.3   24.3   25.9   25.3   28.1   28.1   29.3   28.4
47155   29.3   28.1   28.7   28.1   25.2   27.8   25.9   26.4   26.7   27.1   27.4   28.4
47156   30.3   30.5   32.3   31.6   29.2   30.6   29.2   28.3   27.6   29.9   29.7   30.6
47159   28.0   26.1   26.7   26.4   25.5   24.4   25.1   24.8   26.1   26.2   27.5   26.6
47162   25.7   26.6   26.7   26.1   24.6   25.1   25.5   24.9   24.8   24.3   26.1   26.8
47165   27.0   27.2   28.3   27.7   26.4   26.0   26.6   25.3   27.1   27.1   27.4   27.9
47168   26.6   24.3   27.6   24.8   23.2   24.5   25.0   23.9   25.5   24.3   25.4   26.9
47169   23.4   24.1   24.1   24.9   22.8   23.8   23.9   24.6   24.7   25.7   24.1   24.8
47170   28.3   29.1   30.3   27.9   25.6   26.3   27.7   26.4   27.6   28.0   28.2   29.6
47172   30.1   28.7   30.1   29.4   27.6   30.7   27.8   25.8   24.3   27.2   30.5   31.5
47174   28.9   28.4   30.3   29.0   26.9   26.3   26.4   26.4   26.7   28.0   28.7   28.5
47175   25.4   26.8   27.3   26.2   23.0   25.1   25.9   23.5   24.4   26.6   26.9   26.9
47184   26.2   21.2   25.6   27.4   24.6   24.7   21.9   25.2   24.3   28.9   26.7   26.0
47185   24.2   24.8   25.9   25.9   25.2   24.9   23.9   26.2   24.0   23.9   26.1   26.3
47188   26.5   23.3   24.9   25.5   24.3   25.0   22.6   25.1   24.2   24.9   25.0   25.9
47189   26.2   25.0   26.7   26.2   24.9   25.4   24.3   25.8   24.4   26.2   26.1   27.3
47192   29.9   29.0   29.8   29.6   27.9   27.0   26.8   28.2   27.0   28.3   28.8   29.4
   96   23.2   21.0   20.8   20.2   21.2   21.6   21.7   21.7   22.5   22.8   23.2   22.5
