2014061600+000HOUR     2014061609LST
STNID    21H    45H    69H    93H   117H   141H   165H   189H   213H   237H   261H   285H
STNID 061706 061806 061906 062006 062106 062206 062306 062406 062506 062606 062706 062806LST
47008   12.4   11.9   13.2   12.1   14.7   15.7   13.1   13.8   16.5   14.6   15.8   15.0
47014   17.6   17.4   12.8   16.9   16.4   15.9   15.9   16.3   17.1   17.6   16.3   17.6
47041   15.8   15.8   16.4   16.2   16.5   16.8   17.4   18.5   18.8   18.0   18.6   18.5
47058   18.7   18.6   18.9   19.5   20.1   19.9   19.2   19.7   19.5   20.0   20.1   20.4
47069   19.1   20.3   20.8   19.6   20.0   21.4   19.8   19.6   18.7   19.0   17.6   21.0
47070   17.8   19.3   19.2   19.5   20.5   18.8   19.7   18.5   19.2   19.7   21.1   21.3
47090   16.1   16.9   17.8   17.7   18.1   17.7   17.8   18.9   18.7   19.1   19.3   19.7
47095   18.2   17.7   17.6   19.6   19.3   17.5   18.5   18.3   18.5   19.0   20.5   19.9
47098   17.8   18.4   19.5   19.0   19.0   18.6   19.7   18.2   18.2   17.3   20.5   21.3
47099   18.1   17.7   19.5   18.0   18.4   18.1   19.5   18.7   18.1   19.4   22.2   21.9
47100   13.8   13.7   14.3   14.5   13.9   14.3   12.4   14.6   15.4   16.0   16.9   16.4
47101   19.2   18.4   18.8   18.9   20.5   19.5   20.0   19.2   19.2   19.9   19.7   20.0
47102   16.9   16.6   15.8   16.5   17.6   19.3   15.4   15.2   16.5   16.9   15.1   16.8
47104   16.4   16.8   17.1   17.0   17.3   17.6   17.9   18.8   19.0   18.6   18.2   18.5
47105   17.4   16.9   18.2   18.1   18.7   18.4   18.2   19.8   19.2   19.5   19.1   19.1
47106   17.9   16.8   17.4   17.5   17.2   17.6   16.9   19.0   20.0   18.3   18.8   19.0
47108   20.1   21.4   21.2   20.7   22.0   20.0   22.2   19.8   21.5   20.6   22.4   22.5
47112   18.2   18.3   19.7   17.3   20.2   21.7   21.4   18.6   18.6   20.9   21.0   21.7
47114   18.6   19.3   18.3   18.5   19.5   19.8   20.2   19.8   18.6   18.9   20.0   19.4
47115   17.5   15.3   16.4   16.9   17.3   18.0   17.8   19.3   19.8   20.2   19.2   18.1
47119   18.7   18.9   19.0   19.3   20.0   18.9   21.1   19.2   18.4   20.6   21.0   20.7
47121   17.4   16.2   17.4   17.6   18.0   17.6   18.5   19.1   19.6   18.2   18.6   19.9
47127   18.5   17.6   16.8   16.6   19.3   19.8   20.1   18.9   19.7   17.2   20.5   19.2
47129   17.0   16.7   16.8   17.4   19.0   20.1   18.8   17.7   19.5   20.3   19.9   19.5
47130   17.9   17.6   16.4   17.1   16.2   16.8   16.4   17.3   18.8   17.7   17.8   16.9
47131   20.3   19.4   19.5   20.3   22.4   20.6   20.0   20.3   19.9   21.4   22.1   21.3
47133   19.8   18.9   19.8   19.9   23.0   20.9   21.4   17.7   20.0   20.8   21.5   21.1
47135   18.3   15.1   17.4   17.3   17.9   18.7   17.7   18.9   17.3   18.0   18.8   18.0
47136   19.7   16.6   17.9   19.0   18.5   18.6   19.4   19.8   18.2   18.9   19.5   20.0
47137   19.9   16.6   18.6   18.8   18.9   19.6   19.0   19.4   19.0   20.6   20.5   19.7
47138   20.1   19.0   18.1   21.2   20.2   19.9   20.1   19.7   21.3   21.6   21.3   20.9
47140   18.0   18.0   18.5   18.1   19.6   21.5   19.3   19.0   20.1   19.2   19.3   19.2
47143   21.6   18.8   20.2   21.0   21.1   20.8   20.0   21.4   21.5   21.7   21.9   21.0
47146   19.0   17.2   18.7   18.8   22.3   20.9   20.3   19.9   19.8   19.9   20.3   20.1
47152   19.0   15.9   17.5   19.6   19.9   19.6   18.6   20.2   19.6   21.2   19.8   19.4
47155   18.2   18.5   19.0   19.2   18.6   21.0   19.3   19.9   20.7   20.7   19.8   20.7
47156   19.6   18.6   19.9   20.4   22.1   21.0   21.1   20.5   19.7   20.3   20.7   21.4
47159   18.8   19.1   19.4   20.2   20.3   20.8   19.8   20.3   20.9   21.4   21.3   21.0
47162   18.7   17.9   17.4   18.4   19.0   19.6   18.5   19.1   19.9   19.8   19.9   20.2
47165   18.2   17.8   17.6   19.6   20.0   20.0   18.3   19.8   19.7   19.9   19.9   20.9
47168   20.1   18.9   19.2   19.8   20.2   21.1   19.8   20.9   21.3   21.2   21.1   21.0
47169   18.1   17.6   17.4   17.9   18.4   18.7   18.2   17.5   19.4   19.3   20.1   19.4
47170   18.9   16.3   18.4   18.9   20.5   20.5   20.4   20.5   19.6   20.5   20.0   21.0
47172   18.7   17.9   18.3   19.5   20.6   21.4   19.8   17.8   18.4   19.7   20.2   22.2
47174   17.5   13.6   16.5   17.2   19.2   18.8   19.6   18.8   17.5   16.5   17.7   19.5
47175   16.4   16.0   16.9   17.2   17.0   16.5   17.7   18.6   18.5   18.2   18.3   18.1
47184   17.8   18.1   19.6   20.0   20.7   21.1   20.2   20.9   21.5   21.0   20.3   20.6
47185   17.3   17.8   19.1   20.4   19.2   19.6   18.9   20.7   20.9   19.8   20.2   20.6
47188   17.4   18.0   17.8   19.5   19.5   20.2   20.1   19.7   20.1   18.3   20.8   21.0
47189   18.1   19.0   19.5   20.1   19.8   20.2   21.7   20.7   22.2   21.3   22.4   22.3
47192   18.2   14.2   16.5   17.1   18.4   19.1   18.0   18.9   17.8   19.3   18.7   19.4
   96   18.9   18.9   16.9   18.7   20.4   19.2   18.7   19.6   20.6   19.9   20.3   19.3
