2014061512+000HOUR     2014061521LST
STNID     9H    33H    57H    81H   105H   129H   153H   177H   201H   225H   249H   273H
STNID 061606 061706 061806 061906 062006 062106 062206 062306 062406 062506 062606 062706LST
47008   14.2   13.0   12.9   12.2   13.2   15.4   13.8   14.2   14.9   13.1   14.6   14.3
47014   14.9   16.5   15.9   15.9   17.3   16.3   16.2   16.6   17.3   16.1   16.9   16.6
47041   17.6   15.2   15.6   15.0   17.5   16.6   16.9   16.6   17.7   18.1   19.1   19.0
47058   17.8   18.5   18.3   18.3   19.0   20.6   20.3   19.8   19.7   19.8   19.7   20.2
47069   18.9   18.4   19.4   19.4   20.5   20.5   21.9   20.1   16.8   17.3   19.4   18.6
47070   17.9   17.4   18.6   17.8   19.6   18.8   20.1   19.5   18.2   18.8   20.4   21.2
47090   21.8   15.8   17.1   15.9   18.1   17.1   18.2   18.5   17.0   17.1   17.1   18.9
47095   15.7   17.4   17.0   17.0   17.7   18.3   18.2   18.2   19.4   19.1   18.1   19.0
47098   16.6   17.1   17.5   18.3   17.9   18.6   19.7   18.3   18.7   19.0   18.2   21.0
47099   16.1   17.1   17.1   18.4   18.4   18.6   19.6   19.1   19.7   19.3   19.5   20.8
47100   14.2   13.3   12.6   12.9   14.1   13.0   12.0   14.1   13.2   14.3   14.6   13.1
47101   16.5   18.9   18.2   18.9   20.1   20.2   19.4   18.6   19.6   19.2   18.5   19.7
47102   14.7   15.6   15.4   14.7   15.3   16.5   18.1   15.6   14.4   14.3   16.1   17.3
47104   22.1   16.1   17.4   15.5   18.5   17.6   16.3   17.7   17.9   18.4   17.5   18.8
47105   25.0   17.6   17.5   15.8   19.8   18.7   17.5   17.4   18.1   20.4   19.6   20.3
47106   22.1   17.5   16.5   15.7   17.9   17.0   16.3   17.1   16.7   18.5   17.7   18.7
47108   19.0   19.6   19.6   19.8   20.9   20.1   22.3   19.8   18.8   20.3   20.3   22.9
47112   17.2   17.7   17.8   18.4   20.5   21.6   21.4   20.4   16.8   19.8   21.0   21.5
47114   17.0   18.4   18.1   18.8   19.2   19.1   19.9   18.8   18.1   18.8   18.6   20.1
47115   20.4   18.6   14.9   14.1   15.9   17.8   17.8   18.2   18.5   19.3   19.4   19.3
47119   16.2   17.7   17.9   17.4   21.0   17.2   21.1   19.7   19.8   18.9   19.7   20.4
47121   15.5   17.0   16.2   16.9   17.4   17.4   17.6   18.1   17.9   17.7   17.2   17.9
47127   16.0   17.8   18.1   19.1   19.1   18.6   19.9   19.5   18.8   18.3   18.1   20.6
47129   16.0   16.4   14.9   15.3   17.9   17.7   18.1   20.5   17.5   18.7   19.8   19.9
47130   21.3   16.6   16.5   16.4   16.8   16.6   16.8   16.7   16.3   18.6   18.1   17.9
47131   18.4   20.1   18.7   19.5   20.3   19.5   22.0   20.6   19.7   20.4   20.1   22.1
47133   17.6   20.4   18.4   19.6   20.0   19.6   21.3   20.0   19.2   20.0   20.1   21.5
47135   16.6   17.9   15.7   16.0   17.4   16.4   18.5   17.8   17.9   18.2   18.2   18.3
47136   17.8   18.6   17.8   16.4   19.4   18.0   16.5   18.3   18.5   19.2   19.2   19.1
47137   18.5   18.3   18.1   17.6   19.2   16.5   16.3   17.9   17.7   19.2   20.0   20.3
47138   22.8   19.0   19.0   19.2   19.9   19.5   19.9   20.1   20.0   20.5   19.6   21.5
47140   16.2   16.5   16.8   16.3   18.0   18.9   18.7   20.2   19.3   18.8   18.4   17.9
47143   21.0   22.3   18.9   17.6   20.3   20.8   18.5   20.6   19.9   21.1   21.8   22.3
47146   17.5   20.1   18.1   18.9   18.9   20.8   19.8   20.1   19.9   20.1   18.9   20.0
47152   21.0   18.5   16.7   16.8   19.1   18.5   17.7   19.4   19.4   20.0   20.1   21.3
47155   18.6   20.0   18.2   18.0   18.3   20.2   19.9   19.9   20.2   20.3   19.9   20.6
47156   18.9   19.5   18.6   18.3   19.3   21.4   20.8   20.2   20.6   20.6   20.1   21.7
47159   20.9   20.4   18.9   18.1   20.0   20.6   19.6   20.6   20.3   21.0   20.7   21.4
47162   18.0   19.2   16.5   17.6   17.2   19.4   18.7   19.6   19.3   19.7   19.5   20.2
47165   18.3   18.0   16.5   17.1   18.2   19.7   18.6   19.8   20.1   20.3   20.5   20.7
47168   20.2   20.0   17.7   18.2   19.8   19.9   19.5   20.2   20.4   20.8   20.6   21.6
47169   16.3   15.4   15.5   18.1   16.2   16.6   18.3   16.9   18.9   17.7   17.7   17.6
47170   18.5   18.2   16.6   17.5   17.4   19.0   21.1   20.4   19.9   20.6   19.8   20.2
47172   16.4   15.7   16.8   15.5   17.0   19.2   19.4   20.4   19.6   19.8   17.7   21.8
47174   14.2   17.7   15.8   16.4   15.8   17.6   17.6   19.1   19.5   18.7   17.9   19.3
47175   17.5   16.7   13.6   15.3   16.7   16.5   17.6   17.1   17.7   18.2   18.6   18.6
47184   18.4   19.0   15.5   18.1   19.3   19.8   19.8   21.3   21.6   21.7   21.3   21.0
47185   19.3   17.6   16.9   18.2   19.4   21.0   19.7   20.4   20.2   20.6   19.6   21.0
47188   18.4   18.8   16.6   17.4   18.0   22.1   20.4   19.9   22.3   20.3   19.9   21.4
47189   20.0   18.4   16.6   18.7   21.1   22.4   20.2   20.8   22.4   21.6   22.0   22.7
47192   15.8   18.6   15.7   18.2   16.8   17.5   17.6   18.5   18.8   19.5   19.1   20.1
   96   19.4   19.5   17.9   16.8   18.2   18.3   19.2   19.6   19.1   19.8   18.7   19.2
