2014061600+000HOUR     2014061609LST
STNID    15H    27H    39H    51H    63H    75H    87H    99H   111H   123H   135H   147H   159H   171H   183H   195H   207H   219H   231H   243H   255H   267H   279H
STNID 061700 061712 061800 061812 061900 061912 062000 062012 062100 062112 062200 062212 062300 062312 062400 062412 062500 062512 062600 062612 062700 062712 062800LST
47090    0.9    0.5    0.9    0.5    1.5    1.6    1.9    0.6    0.4    0.6    0.3    2.4    0.0    4.8    0.0    0.0    0.0    0.0    0.0    4.8    4.7    4.9    4.9
47095    1.1    0.8    1.0    1.1    0.9    1.5    1.0    1.1    0.8    1.6    1.1    2.4    2.8    0.0    0.0    4.1    0.0    0.0    0.0    0.0    0.0    0.0    0.0
47100    0.5    0.8    1.0    1.0    1.4    1.5    1.3    0.8    0.8    0.6    1.0    1.8    0.0    0.0    0.0    0.0    0.0    0.0    0.0    0.0    0.0    0.0    0.0
47101    0.9    1.0    0.8    1.4    1.0    1.1    1.4    1.2    0.9    1.5    1.3    3.2    2.9    0.5    0.0    2.1    0.0    3.6    0.0    0.0    0.0    0.0    0.0
47102    1.3    1.5    1.7    2.4    2.9    2.4    2.4    1.7    1.3    2.1    3.5    3.7    2.0    4.4    0.0    4.5    3.6    0.0    0.0    2.8    4.1    2.7    2.8
47104    0.8    0.5    0.8    0.3    1.8    2.2    2.2    0.6    1.1    0.0    0.5    1.9    0.0    0.0    0.0    0.0    0.0    0.0    0.0    2.8    3.5    2.0    0.4
47108    1.4    0.7    1.9    1.2    2.0    1.6    1.6    1.2    0.9    1.6    2.2    3.1    0.0    0.0    0.0    0.0    0.0    0.0    0.0    0.0    0.0    0.0    0.0
47112    1.0    0.8    2.2    1.7    1.6    2.3    1.6    1.0    0.8    1.9    2.0    3.3    0.0    2.0    0.0    3.7    3.6    0.0    2.3    0.0    0.0    0.0    0.0
47114    0.8    0.8    0.9    1.5    1.4    1.5    1.4    1.0    0.9    1.4    1.7    3.2    0.0    2.7    0.0    3.3    0.0    0.0    0.0    0.9    0.5    2.8    2.0
47115    1.2    1.0    1.6    0.9    0.9    1.3    1.8    1.3    1.2    0.3    1.5    2.0    4.3    3.7    0.0    4.1    0.0    2.0    0.0    0.0    0.0    0.0    0.0
47119    1.2    0.7    1.8    1.5    1.5    1.9    2.0    1.0    0.8    2.2    1.8    3.5    0.0    0.0    0.0    0.0    0.0    0.0    4.0    0.0    0.0    0.0    0.0
47129    0.7    1.3    1.5    1.7    1.5    2.3    1.7    0.8    1.0    2.0    3.0    3.4    0.0    0.5    0.0    0.0    0.0    0.0    2.4    0.0    0.0    0.0    0.0
47130    1.1    0.7    1.3    1.2    1.5    2.6    1.4    0.9    1.3    0.4    2.3    1.9    0.0    0.0    0.0    0.0    2.8    0.0    0.0    0.0    0.0    0.0    0.0
47131    0.6    0.8    1.4    1.4    1.5    2.1    1.3    1.6    1.1    1.8    2.1    2.9    0.0    0.8    0.2    0.0    0.0    4.1    0.0    0.0    0.0    0.0    0.0
47133    0.6    0.9    1.2    1.8    1.5    2.0    1.3    1.3    1.6    1.6    2.4    3.4    0.0    0.0    4.1    0.0    3.2    0.0    2.0    2.9    3.3    4.1    3.7
47136    0.7    0.8    1.2    1.9    2.0    2.7    2.1    1.2    1.2    0.9    2.2    2.9    3.8    2.9    0.0    2.0    0.0    2.8    0.0    0.0    2.0    0.0    0.0
47138    1.0    0.5    1.3    1.9    1.8    2.6    1.9    1.7    1.0    0.7    1.7    1.9    0.0    4.3    0.0    0.0    3.3    4.5    0.0    3.9    4.5    4.8    4.5
47140    0.6    1.0    1.5    2.1    1.5    1.9    1.9    1.1    1.1    1.6    2.7    3.3    0.0    0.0    0.0    0.0    0.0    0.1    2.0    4.3    4.5    4.8    4.1
47143    0.8    0.7    1.4    2.7    1.6    2.2    1.8    1.3    1.3    1.1    1.9    1.9    0.0    0.0    4.9    2.0    4.3    3.1    0.0    0.0    0.0    0.0    0.0
47146    0.7    0.8    1.2    2.1    1.2    1.8    1.7    1.3    1.0    2.0    2.1    3.0    0.0    2.6    0.0    1.0    0.0    0.0    3.8    0.0    0.0    0.0    0.0
47152    1.1    0.9    1.0    2.3    2.0    2.1    1.8    0.9    1.0    1.0    1.4    1.3    0.0    0.0    0.0    0.0    0.0    4.2    1.6    4.1    3.3    4.6    3.9
47155    1.0    0.7    1.0    3.6    1.4    2.5    1.9    0.6    0.8    0.7    0.9    2.6    2.6    0.0    0.0    0.0    2.9    4.1    0.0    4.4    4.7    4.9    4.8
47156    1.1    0.3    1.4    2.3    1.0    1.0    1.7    1.7    1.3    1.5    1.8    3.7    0.0    1.7    1.4    0.0    2.6    0.0    2.0    0.0    0.5    0.0    0.0
47159    1.4    0.6    0.7    2.6    1.6    1.9    2.2    1.1    0.6    0.4    0.5    2.2    0.0    0.0    0.4    0.0    0.0    0.0    0.0    0.0    0.0    0.0    0.0
47162    1.3    0.6    1.4    3.0    1.8    2.0    1.1    1.0    1.8    0.7    1.3    2.3    0.0    0.0    0.0    0.0    0.0    0.0    0.0    2.1    1.5    2.0    1.9
47165    0.8    0.0    1.3    2.4    1.3    1.2    1.8    1.6    1.5    1.3    2.3    3.4    2.0    0.0    0.0    0.0    4.8    4.8    0.3    3.9    3.7    3.7    3.7
47168    1.0    0.0    0.8    2.9    1.6    1.8    1.5    0.8    1.2    1.1    2.7    2.9    0.0    0.0    0.0    0.0    0.0    0.0    0.0    4.7    4.8    4.8    4.7
47169    0.4    0.0    0.9    2.3    2.0    2.0    2.3    2.3    0.6    2.4    3.8    3.1    4.7    0.0    0.0    3.5    3.6    2.9    0.0    4.4    4.4    4.3    4.3
47170    0.5    0.0    1.0    2.4    1.7    1.1    2.1    1.1    0.7    1.0    2.5    2.9    0.0    2.0    3.9    0.0    1.0    0.0    0.0    0.0    0.0    0.0    0.0
47172    0.8    0.8    1.2    2.0    0.9    1.2    2.1    1.6    1.2    2.0    2.0    3.5    0.0    0.0    0.0    0.0    0.0    0.0    0.0    0.0    0.0    0.0    0.0
47174    0.9    0.2    1.2    2.8    1.3    1.3    1.8    1.9    1.5    0.9    1.2    2.2    4.1    3.9    0.2    0.0    0.0    0.0    0.0    4.7    4.9    4.8    4.9
47175    0.6    0.1    1.1    2.7    1.3    1.3    2.0    1.3    0.7    1.5    2.4    3.1    0.0    2.0    3.8    1.3    0.1    0.0    4.8    3.3    3.3    3.1    3.6
47184    0.0    0.0    0.4    2.2    1.4    1.7    1.3    1.2    0.7    1.2    1.3    2.1    3.3    4.2    0.9    3.6    0.0    0.0    0.0    2.0    1.0    2.8    0.9
47185    0.0    0.1    0.1    1.5    0.9    1.7    2.3    1.2    0.0    1.8    2.0    2.6    0.0    2.8    0.0    4.8    0.0    4.1    0.0    0.0    0.0    0.0    0.0
47188    0.2    0.0    0.1    1.7    1.3    1.9    1.6    1.5    0.4    0.6    1.7    2.5    1.8    3.8    0.0    4.6    0.0    0.0    0.0    4.7    4.5    4.7    4.5
47189    0.0    0.0    0.4    1.5    1.2    2.1    0.7    1.1    0.0    1.5    1.6    2.6    3.5    3.7    2.4    0.0    0.0    4.8    0.0    0.0    0.0    0.0    0.0
47192    0.8    0.4    1.2    3.1    1.2    1.9    1.6    1.5    1.2    0.8    1.7    3.1    2.0    0.0    0.0    0.0    0.0    0.3    0.0    0.4    2.0    0.0    2.8
47232    0.9    0.8    1.5    1.7    1.4    2.2    1.7    0.8    1.5    2.2    1.9    3.7    0.0    0.0    2.8    0.0    0.0    0.0    0.0    4.2    4.5    4.3    3.7
47235    0.8    1.2    1.8    2.1    1.4    2.3    1.9    0.6    1.4    2.2    3.3    3.3    0.0    0.0    0.0    0.0    0.0    0.0    4.3    0.0    0.0    0.0    0.0
47284    0.9    0.6    1.3    2.7    1.1    2.1    1.6    1.3    0.9    0.7    1.4    2.0    0.0    0.0    1.4    4.5    0.0    4.8    0.0    4.0    4.0    4.1    4.0
47110    1.1    0.8    2.2    1.3    1.9    2.2    1.7    1.5    0.7    2.0    2.4    3.2    0.0    0.3    0.0    0.0    0.0    2.6    0.0    0.0    0.0    0.0    0.0
47113    0.6    0.8    1.4    1.7    1.6    1.9    1.1    1.0    0.8    2.2    2.0    3.3    0.0    2.0    0.0    0.6    0.0    3.0    3.7    4.6    4.4    4.1    3.8
47128    0.8    0.5    1.0    1.8    1.4    1.5    1.5    1.6    0.8    2.4    1.3    3.3    0.0    4.0    0.0    0.0    0.0    2.7    0.0    0.0    0.0    0.0    0.0
47151    1.0    0.8    0.9    2.1    1.9    1.7    2.0    1.3    1.1    0.6    0.8    0.9    0.0    5.0    0.0    0.0    0.0    0.0    0.0    0.0    0.0    0.0    0.0
47163    0.9    0.4    1.1    1.9    1.0    0.9    1.7    2.0    1.0    2.1    2.6    3.7    4.7    4.5    0.0    4.0    0.0    0.0    4.9    0.0    0.0    0.0    0.0
47167    1.3    0.4    0.9    2.4    1.5    1.1    1.9    1.5    1.4    1.1    1.8    2.5    0.0    0.0    0.0    0.0    0.0    0.0    0.0    0.0    0.0    0.6    0.0
47139    1.0    0.7    0.7    1.9    1.8    2.3    2.0    1.5    0.8    0.7    1.0    2.0    2.4    4.3    3.9    2.2    4.2    0.0    4.8    1.5    0.0    0.0    0.3
47142    0.6    0.5    1.1    2.3    1.3    2.0    2.1    0.9    0.9    1.2    2.5    2.1    0.0    0.0    0.0    0.0    4.8    0.0    0.0    0.0    0.0    0.0    0.0
47153    0.8    0.5    1.1    2.6    1.9    1.6    2.2    0.8    0.6    0.8    0.9    2.4    0.0    4.6    0.0    3.2    4.7    3.5    0.0    3.3    3.3    3.0    1.6
47158    0.7    0.5    0.9    1.8    1.0    1.1    1.5    1.7    1.4    1.6    1.1    3.5    0.0    4.0    0.0    4.0    0.1    0.0    0.5    4.5    4.8    4.0    4.5
47161    0.8    0.3    0.7    2.5    1.5    1.0    1.4    1.3    0.8    0.8    1.1    2.3    2.2    0.0    0.0    0.0    0.0    0.0    1.6    0.5    2.0    2.2    2.0
47182    0.1    0.0    0.5    1.7    1.6    1.6    1.3    1.0    0.6    1.2    2.1    2.1    4.3    4.2    0.0    0.0    0.0    0.0    0.0    4.1    3.9    4.0    2.8
