2014061600+000HOUR     2014061609LST
STNID     6H    30H    54H    78H   102H   126H   150H   174H   198H   222H   246H   270H
STNID 061615 061715 061815 061915 062015 062115 062215 062315 062415 062515 062615 062715LST
47008   16.9   13.0   13.8   13.2   17.4   16.8   19.8   20.7   20.1   18.5   20.4   18.9
47014   27.9   26.3   20.9   22.7   21.3   22.2   23.8   25.1   25.4   24.6   27.8   26.5
47041   25.2   16.5   19.6   22.5   19.5   20.3   22.3   26.5   24.1   29.4   27.4   24.1
47058   30.7   28.8   26.3   27.0   27.9   26.6   25.9   28.4   28.3   27.7   29.3   30.0
47069   29.0   26.4   26.8   27.6   26.2   27.6   24.2   25.9   23.9   25.7   26.4   30.0
47070   27.7   26.4   24.6   27.6   27.4   28.5   25.7   26.8   26.1   25.8   27.9   32.9
47090   29.0   21.0   22.2   24.4   19.2   24.9   21.5   23.7   24.4   25.3   23.3   24.3
47095   30.9   26.3   23.8   29.1   28.4   28.1   27.1   27.8   26.9   28.8   30.1   30.7
47098   32.0   29.4   27.0   30.4   30.6   29.9   29.2   28.3   28.8   28.7   30.9   32.9
47099   30.6   30.0   27.0   30.3   30.3   30.6   29.1   29.7   30.1   27.3   29.2   32.7
47100   27.7   21.3   20.9   24.7   21.0   17.7   21.4   21.0   21.1   23.2   24.2   23.4
47101   32.1   28.4   25.7   30.6   30.0   28.3   27.0   27.3   27.4   28.5   31.0   30.5
47102   23.6   24.0   21.5   22.7   23.2   23.5   21.3   24.2   24.5   22.9   22.7   25.9
47104   29.6   21.6   21.8   26.7   23.7   20.0   24.3   23.9   25.9   26.8   26.8   26.8
47105   30.6   22.8   23.1   27.3   23.6   20.1   24.8   24.5   25.4   27.2   28.4   27.7
47106   27.7   22.2   22.2   25.0   23.5   21.5   22.8   23.0   23.2   26.4   25.4   25.9
47108   30.0   28.9   27.0   29.6   30.5   29.4   28.7   29.0   29.2   26.4   28.8   29.0
47112   26.0   25.5   25.0   25.4   28.2   18.5   27.2   26.5   25.5   23.5   23.5   30.2
47114   30.9   28.2   28.4   31.1   30.1   28.3   30.9   27.6   28.5   28.1   30.6   31.9
47115   26.5   22.5   19.8   22.1   21.8   20.7   22.9   22.0   21.8   23.3   25.0   22.7
47119   29.0   28.3   26.7   28.7   30.6   29.1   28.3   26.9   28.1   26.9   27.8   31.9
47121   31.1   28.7   29.3   31.2   31.9   27.1   28.8   28.1   28.3   28.8   30.5   27.2
47127   30.2   27.0   29.1   30.3   31.5   27.5   29.9   27.1   29.1   28.5   30.0   31.5
47129   28.1   26.4   25.2   27.6   29.1   27.5   27.8   25.5   25.9   24.9   26.3   28.2
47130   26.9   21.5   21.6   26.0   24.3   19.0   21.9   22.8   23.1   26.0   25.5   24.8
47131   30.6   26.9   29.6   30.3   31.4   27.4   28.5   27.9   28.7   28.0   29.0   30.7
47133   30.0   25.2   28.9   29.8   29.9   27.5   27.5   27.9   28.6   28.7   28.3   30.6
47135   29.1   26.0   28.4   29.0   28.6   22.4   25.7   26.1   26.0   27.4   27.0   28.0
47136   30.8   26.6   29.5   31.2   29.1   24.9   28.5   28.1   27.9   28.6   29.2   30.7
47137   30.5   27.4   29.3   30.6   29.5   24.9   28.8   27.3   28.5   28.1   28.9   29.2
47138   30.5   27.0   24.8   29.3   30.6   22.3   25.0   30.0   24.0   26.6   27.6   24.7
47140   27.7   24.6   26.1   26.9   28.9   26.8   27.4   25.8   25.3   26.2   26.5   28.9
47143   31.5   27.0   29.3   33.0   30.1   25.3   26.8   27.6   27.8   29.6   28.9   29.9
47146   31.3   25.8   31.1   31.2   30.8   29.0   29.7   29.1   29.6   29.3   28.7   32.1
47152   31.3   25.3   25.8   31.2   27.2   22.3   23.7   26.6   25.2   27.8   25.6   25.2
47155   29.4   21.2   27.1   28.8   25.4   23.5   22.3   25.4   25.6   25.2   23.8   26.2
47156   30.3   24.5   30.5   31.3   26.5   27.9   28.7   28.5   28.5   28.5   26.9   30.5
47159   27.6   22.6   25.0   26.7   24.4   23.2   23.4   24.9   25.9   25.9   23.6   24.2
47162   25.6   20.9   25.4   25.3   23.7   22.7   23.1   24.5   24.3   23.4   22.4   25.3
47165   27.4   20.2   26.1   26.9   24.5   24.7   25.9   25.8   27.7   24.2   24.4   27.4
47168   25.7   19.0   24.7   23.9   23.2   21.2   22.2   24.8   24.7   22.9   22.2   25.9
47169   22.4   19.5   21.4   23.1   21.8   21.7   21.8   22.8   24.3   21.6   19.1   24.1
47170   29.9   19.7   26.2   27.4   23.2   23.9   25.6   28.1   27.8   25.0   24.0   27.3
47172   30.2   23.1   28.9   28.7   26.2   26.0   27.6   26.1   26.0   25.2   26.0   30.6
47174   28.6   20.0   27.4   29.1   22.6   24.3   25.3   26.2   26.4   26.1   24.2   28.5
47175   26.9   19.0   25.1   25.4   22.0   22.6   24.0   25.1   24.8   23.0   22.0   25.6
47184   27.0   20.5   20.6   26.6   23.5   23.1   22.3   26.1   25.6   25.7   21.0   21.0
47185   23.6   19.2   22.6   24.4   24.3   23.9   23.0   25.5   23.6   24.0   23.4   23.7
47188   26.6   19.5   22.6   24.3   22.7   22.3   22.2   26.1   25.4   23.7   19.9   21.0
47189   26.4   20.1   24.2   25.1   24.5   25.0   23.3   26.5   24.6   24.8   22.9   24.2
47192   30.0   21.4   28.5   29.8   25.7   24.5   24.6   27.5   25.8   26.8   23.8   27.7
   96   21.7   21.6   21.7   20.5   18.5   18.4   18.6   20.2   20.7   21.2   21.8   21.3
