2014061512+000HOUR     2014061521LST
STNID    18H    42H    66H    90H   114H   138H   162H   186H   210H   234H   258H   282H
STNID 061615 061715 061815 061915 062015 062115 062215 062315 062415 062515 062615 062715LST
47008   17.3   13.5   14.0   17.8   16.1   15.5   20.2   16.9   19.3   19.1   21.5   17.8
47014   25.1   24.3   22.8   24.2   24.6   23.7   23.3   23.8   24.8   24.3   23.8   24.6
47041   24.6   17.1   19.6   21.4   19.2   18.9   17.0   20.8   22.3   23.6   28.4   23.0
47058   29.7   28.8   27.9   26.1   28.2   27.0   22.6   26.8   27.8   27.8   26.0   23.6
47069   28.4   25.3   27.4   27.1   25.3   24.7   22.4   30.3   29.1   29.5   23.3   26.2
47070   28.0   26.7   27.4   28.2   28.0   27.7   24.4   27.0   28.0   27.6   23.5   25.8
47090   28.0   21.3   22.7   23.0   20.0   17.9   18.7   20.3   20.3   21.8   27.7   23.5
47095   29.4   28.5   27.0   27.2   28.7   27.0   23.3   27.4   28.5   29.4   26.5   25.7
47098   30.8   29.4   30.9   28.9   30.9   29.5   26.1   29.6   30.5   31.1   26.8   27.6
47099   30.2   28.8   28.8   30.3   30.7   29.7   26.3   29.5   30.0   31.2   25.8   27.1
47100   26.7   20.0   19.6   21.1   21.1   17.7   18.2   18.6   20.8   22.6   22.0   24.0
47101   30.7   29.8   28.2   27.9   29.0   27.0   24.6   28.1   29.8   31.2   27.2   25.7
47102   24.1   23.7   22.7   24.1   24.6   23.0   21.2   24.1   24.1   23.0   23.2   24.3
47104   29.7   19.0   21.5   24.8   23.8   19.0   18.7   20.2   21.3   24.0   26.3   28.9
47105   30.4   20.1   22.6   25.3   24.5   21.8   19.0   20.4   19.8   25.5   26.6   28.8
47106   27.2   21.3   22.1   21.9   22.1   17.8   18.0   21.6   21.1   23.0   26.9   25.6
47108   29.4   27.4   28.1   28.3   29.4   27.8   25.8   29.7   30.1   30.2   25.7   27.1
47112   25.4   25.3   26.2   24.7   28.5   23.8   25.6   28.5   28.2   26.4   23.2   24.9
47114   29.6   27.6   29.4   29.2   30.1   26.6   27.0   29.5   30.4   30.2   25.9   28.6
47115   25.5   22.0   19.6   19.2   19.8   18.2   19.2   19.3   18.3   21.4   23.6   25.6
47119   28.7   28.1   28.4   28.1   29.9   25.5   26.0   29.9   29.6   28.2   25.5   27.2
47121   29.6   27.2   26.4   26.6   31.0   26.1   26.0   28.4   29.6   29.4   27.6   29.5
47127   28.9   26.7   29.1   27.9   30.5   24.8   26.0   27.7   28.9   29.5   27.0   28.8
47129   26.5   25.9   26.2   26.5   28.5   23.7   24.3   26.7   28.1   25.8   24.2   25.3
47130   26.2   20.3   21.5   21.5   23.6   17.8   21.6   21.0   21.8   24.6   26.1   27.5
47131   29.5   27.4   29.3   29.0   30.5   25.3   25.9   26.9   29.0   28.5   27.9   28.3
47133   29.0   25.5   28.4   28.3   29.8   26.4   25.5   26.8   28.5   28.2   27.2   25.9
47135   28.9   25.0   27.6   26.1   27.1   20.8   24.1   21.9   27.1   27.7   25.5   25.8
47136   30.7   28.3   28.9   28.3   30.0   25.0   26.6   24.3   28.2   28.5   28.2   29.0
47137   30.0   26.8   28.5   28.3   29.3   24.7   24.9   23.7   28.3   28.6   27.2   27.2
47138   29.7   22.7   24.2   27.0   27.2   23.1   22.7   21.9   25.1   24.8   29.2   27.3
47140   27.0   25.7   25.5   25.3   30.5   23.7   25.7   26.2   27.1   26.3   26.5   26.6
47143   32.1   28.5   29.9   28.5   29.5   24.3   24.4   24.9   27.9   29.5   30.9   30.8
47146   30.8   26.3   29.4   30.1   31.3   27.6   26.3   27.6   30.1   29.1   28.8   28.7
47152   31.3   26.6   26.1   26.6   26.4   22.2   23.0   20.4   26.1   25.3   30.3   28.2
47155   30.7   26.7   28.7   26.6   25.0   23.0   24.2   21.5   26.8   26.1   27.4   25.5
47156   30.5   26.0   30.5   30.5   30.0   24.7   26.8   26.4   29.6   29.1   29.1   27.1
47159   27.9   25.8   26.1   24.2   25.3   21.7   22.7   21.4   25.2   25.6   26.9   25.5
47162   26.5   25.2   26.9   24.3   25.2   22.5   21.4   21.3   23.7   24.2   25.8   22.3
47165   27.4   22.5   26.4   26.2   27.8   19.6   24.1   23.5   25.2   26.5   26.2   25.4
47168   26.8   22.5   26.3   23.2   23.2   21.2   23.1   21.9   23.3   25.1   25.6   23.9
47169   23.8   20.2   23.9   24.1   23.0   20.4   23.9   22.3   25.1   24.8   25.0   22.5
47170   30.4   24.0   30.9   27.6   26.1   21.0   25.6   25.0   27.5   27.3   27.8   25.1
47172   30.2   25.8   28.3   26.8   29.3   24.4   24.8   23.7   27.6   26.5   27.4   25.8
47174   30.7   25.5   30.2   28.2   26.7   19.9   23.7   22.8   25.5   27.2   26.5   24.4
47175   26.5   21.5   27.0   26.1   22.7   19.3   22.0   23.1   26.2   25.2   25.9   23.3
47184   26.2   21.5   25.9   26.6   26.3   25.4   27.3   22.9   25.8   27.1   28.7   21.1
47185   23.9   22.0   25.4   25.9   24.9   24.3   24.6   24.0   24.1   23.8   24.7   23.9
47188   26.3   19.6   25.1   26.2   25.1   22.2   24.0   23.0   25.2   22.6   25.2   19.7
47189   26.0   22.2   27.2   26.0   24.5   25.0   25.5   25.5   23.8   24.2   26.2   23.4
47192   31.2   26.8   29.6   27.7   26.2   23.3   23.9   24.6   27.3   27.0   28.7   25.9
   96   23.0   22.3   20.8   18.7   17.7   17.3   17.9   19.2   20.7   21.9   21.7   22.3
