2014061512+000HOUR     2014061521LST
STNID    18H    42H    66H    90H   114H   138H   162H   186H   210H   234H   258H   282H
STNID 061615 061715 061815 061915 062015 062115 062215 062315 062415 062515 062615 062715LST
47008   18.7   13.1   12.1   12.4   13.6   13.8   19.1   22.1   20.8   19.7   20.4   17.0
47014   27.1   24.5   21.4   22.8   20.9   23.6   23.4   24.8   25.5   25.2   26.9   26.1
47041   24.7   16.6   17.7   19.4   16.3   17.4   17.9   23.2   25.6   26.1   25.5   20.5
47058   28.4   28.6   26.9   22.9   25.4   23.7   21.9   24.3   27.6   28.5   27.6   24.7
47069   25.9   26.4   26.4   20.8   24.2   23.0   20.5   22.2   26.7   27.1   24.8   26.7
47070   26.4   28.9   26.2   21.9   27.5   23.9   18.8   22.5   28.1   29.0   27.6   23.5
47090   25.3   20.7   21.7   20.7   18.6   15.7   17.8   18.2   23.4   23.6   23.9   22.3
47095   29.1   28.8   26.7   22.0   27.4   22.1   19.5   23.1   28.2   31.5   30.9   21.8
47098   29.7   31.1   28.7   23.1   29.9   23.0   21.2   25.6   29.6   28.1   31.0   20.7
47099   29.0   31.8   28.6   23.6   29.9   24.9   22.4   25.6   29.6   31.2   29.0   22.9
47100   25.5   19.7   21.3   21.0   19.4   18.2   16.8   18.4   21.3   23.2   25.4   18.1
47101   29.8   28.5   27.9   23.6   29.6   24.9   20.9   24.6   30.0   31.6   31.3   22.8
47102   22.6   24.0   23.6   20.1   22.7   21.9   17.4   19.5   23.4   24.7   23.4   17.6
47104   27.9   20.0   22.4   22.6   19.3   18.5   19.6   20.9   26.6   24.5   25.8   15.7
47105   28.3   20.6   24.0   23.3   20.4   17.2   18.8   25.0   25.0   26.2   27.9   18.9
47106   25.6   19.9   21.4   21.2   19.3   19.7   18.0   23.5   22.6   23.2   24.1   21.3
47108   28.4   29.9   28.9   22.7   29.5   23.4   22.4   24.0   30.4   29.9   29.9   20.8
47112   24.8   26.7   27.1   19.0   27.1   21.3   19.8   22.7   27.6   27.2   26.2   20.1
47114   28.7   28.6   29.9   25.7   28.9   25.3   24.7   24.8   30.1   29.9   30.6   22.3
47115   24.9   22.2   19.8   21.7   21.1   15.4   20.2   21.3   22.2   21.4   22.2   18.4
47119   28.5   28.7   28.8   23.7   30.2   24.8   21.7   24.1   29.3   29.4   28.9   22.3
47121   29.1   28.1   29.5   27.4   29.4   24.7   22.6   24.2   30.2   30.4   28.8   23.0
47127   28.1   27.5   29.7   26.9   29.4   24.9   25.4   27.1   28.3   29.3   30.2   23.2
47129   26.1   25.5   27.8   26.2   28.7   23.0   25.7   24.2   26.4   26.8   25.9   23.3
47130   24.9   18.3   21.4   22.4   20.6   21.3   20.0   20.5   22.1   23.3   23.9   18.9
47131   28.6   26.9   29.8   28.2   30.3   24.8   25.1   25.0   27.7   28.7   28.7   24.9
47133   27.9   24.9   29.3   28.0   30.0   24.0   25.9   24.2   27.6   28.9   29.4   24.0
47135   28.2   24.5   27.0   28.0   26.5   20.5   23.4   23.7   24.7   28.1   29.9   22.1
47136   30.3   26.5   28.9   28.3   28.8   23.3   25.6   26.1   25.0   28.8   29.6   22.2
47137   29.3   25.7   28.6   28.6   28.4   22.2   23.9   25.8   25.9   28.7   30.0   22.3
47138   28.5   24.9   22.8   28.9   23.7   17.1   23.5   24.4   23.8   24.4   27.0   21.7
47140   25.9   23.9   26.3   25.9   30.8   25.2   24.7   23.2   25.2   27.9   27.0   25.5
47143   31.6   27.8   29.1   31.3   27.8   23.9   27.2   23.9   27.2   29.7   30.3   22.3
47146   29.3   26.3   30.2   30.5   31.7   25.3   26.4   25.8   29.0   31.5   30.6   25.6
47152   30.6   25.5   26.2   28.7   27.3   24.8   24.1   22.0   24.9   25.9   26.9   20.8
47155   29.3   24.6   27.5   26.2   24.4   23.8   27.2   20.8   26.1   26.4   27.7   20.8
47156   29.5   24.8   29.9   31.4   28.8   25.7   26.6   25.8   27.5   30.9   30.3   24.0
47159   26.3   22.8   25.2   24.9   25.6   23.7   24.1   22.4   24.2   26.7   27.3   21.6
47162   24.7   22.5   26.1   24.7   24.6   21.6   23.3   21.9   23.5   25.0   24.5   20.5
47165   26.4   23.0   27.1   27.1   25.6   23.0   24.1   21.4   33.4   25.7   25.4   23.4
47168   25.8   22.5   25.6   23.3   23.7   23.1   24.9   20.1   24.7   24.6   24.4   19.9
47169   21.5   20.4   22.7   22.6   20.9   22.8   24.0   21.7   23.6   24.5   22.9   22.6
47170   27.6   23.5   28.9   25.6   24.3   25.4   25.7   24.8   26.6   26.0   27.0   23.2
47172   28.7   24.3   28.4   28.4   27.8   24.7   23.7   23.4   26.4   28.2   26.1   20.6
47174   28.8   24.9   29.1   27.8   26.1   25.8   27.1   22.6   26.7   25.5   26.3   23.0
47175   25.7   21.6   26.3   24.8   20.7   21.4   23.1   22.3   24.8   25.1   24.2   20.6
47184   24.9   20.7   25.0   25.7   25.0   25.2   25.7   24.8   24.8   26.7   27.1   24.7
47185   23.2   21.9   23.9   25.0   24.1   21.5   21.6   24.2   24.0   24.0   22.6   22.2
47188   24.7   20.7   23.7   24.2   22.7   22.4   25.9   21.7   23.8   22.3   23.1   20.3
47189   24.2   22.2   24.8   25.5   24.1   23.7   25.3   22.9   25.2   24.7   23.7   23.6
47192   29.8   25.4   28.7   27.6   27.8   25.2   28.2   22.0   27.0   27.9   27.8   22.0
   96   22.7   21.5   20.8   21.3   18.9   19.2   18.5   18.3   19.6   20.6   21.4   20.0
