2014061512+000HOUR     2014061521LST
STNID    18H    42H    66H    90H   114H   138H   162H   186H   210H   234H   258H   282H
STNID 061615 061715 061815 061915 062015 062115 062215 062315 062415 062515 062615 062715LST
47008   16.2   14.0    9.9   16.4   16.4   16.9   19.9   21.1   21.2   19.9   22.2   21.9
47014   26.3   23.7   21.6   25.2   23.8   23.9   25.4   24.0   23.8   24.6   26.4   24.2
47041   24.2   16.1   19.4   14.1   16.1   17.6   24.3   26.7   27.8   23.0   23.6   21.7
47058   30.7   29.6   26.8   24.8   24.8   19.8   22.9   24.4   24.8   28.8   28.1   23.2
47069   28.6   25.2   28.7   27.2   24.0   19.8   24.0   24.5   24.6   25.0   32.9   24.4
47070   27.2   25.9   26.2   27.0   24.0   22.5   22.7   26.4   26.0   27.8   28.9   21.5
47090   25.8   19.9   22.5   18.9   16.6   14.3   23.7   25.2   26.0   24.1   22.2   20.9
47095   30.1   28.0   28.1   26.4   25.3   18.7   24.3   28.0   27.8   30.1   27.1   21.9
47098   30.6   28.9   30.9   28.2   27.6   22.5   27.4   30.5   30.2   29.5   26.6   25.0
47099   29.5   27.5   27.5   28.6   26.9   24.4   26.0   29.7   28.9   30.3   28.9   26.5
47100   26.1   18.9   22.1   17.9   17.9   16.4   19.4   23.7   23.6   23.7   20.7   16.8
47101   30.7   27.5   28.7   27.4   25.6   24.9   26.0   30.4   28.8   31.0   28.7   23.3
47102   24.2   23.5   22.9   23.3   22.3   19.9   20.2   20.4   20.9   26.6   21.0   17.3
47104   28.2   19.3   23.5   19.0   17.6   15.6   24.4   27.9   29.2   26.4   23.5   21.1
47105   28.8   19.9   24.7   19.2   17.0   14.3   22.9   29.5   30.8   29.4   23.9   23.0
47106   25.8   18.9   22.0   20.0   16.4   14.7   25.5   25.3   25.7   25.6   21.8   20.8
47108   28.5   26.8   29.1   28.2   26.9   22.7   26.1   29.4   28.1   30.9   27.1   26.0
47112   24.4   24.5   27.1   25.9   25.2   22.0   22.6   25.4   26.3   28.1   25.3   23.5
47114   29.4   27.0   29.6   28.3   25.9   26.6   29.5   29.5   28.9   31.6   28.1   25.5
47115   24.3   21.3   20.4   17.4   16.0   14.5   19.2   24.9   25.7   25.1   23.7   19.3
47119   28.2   27.7   28.3   28.4   26.0   25.8   23.8   27.6   28.0   29.7   27.2   26.3
47121   29.6   26.5   29.5   23.0   23.9   24.3   25.7   30.0   29.4   31.4   28.0   25.2
47127   29.1   26.1   29.2   28.3   22.7   24.2   28.6   29.5   28.7   29.9   27.8   26.1
47129   27.1   24.7   26.4   26.6   26.9   25.2   23.6   26.7   27.8   27.3   24.9   27.0
47130   25.5   18.3   21.9   19.8   17.6   22.6   22.4   25.6   27.8   26.5   22.0   20.9
47131   30.3   25.6   29.9   29.6   26.2   24.7   25.9   29.9   30.1   30.0   28.2   27.4
47133   30.1   24.0   29.4   30.0   26.8   25.0   26.4   29.4   29.1   28.2   25.3   28.1
47135   29.3   23.2   27.2   28.7   21.5   21.5   24.5   27.3   26.5   24.3   22.9   23.5
47136   30.6   25.1   29.4   27.7   24.7   23.6   27.4   29.3   31.1   29.0   26.4   24.9
47137   30.2   24.0   28.6   29.6   21.6   22.9   28.1   28.8   29.1   26.4   23.9   24.5
47138   29.6   22.4   24.4   22.6   21.3   16.3   25.5   28.6   27.3   23.2   22.9   23.0
47140   27.6   25.2   27.1   27.4   25.7   26.4   25.2   27.5   27.2   26.7   24.0   27.1
47143   31.6   26.2   29.6   30.1   23.8   25.4   25.6   28.9   30.1   28.0   26.2   26.8
47146   31.6   26.3   31.3   31.7   27.7   26.5   26.3   30.4   28.8   28.4   25.8   29.8
47152   31.6   25.1   25.8   26.4   21.7   25.6   21.4   28.7   27.5   23.9   23.1   23.0
47155   30.9   25.7   27.3   27.3   21.5   27.1   20.9   26.1   28.4   22.1   22.1   24.5
47156   31.1   27.2   31.2   31.6   26.8   27.4   26.8   30.8   30.1   26.6   25.1   29.5
47159   28.3   23.9   25.5   24.9   22.9   24.2   21.0   26.2   25.0   21.2   21.3   23.5
47162   26.8   24.8   26.0   25.4   22.9   24.5   20.9   25.1   24.4   21.8   22.2   24.2
47165   27.5   23.7   26.0   26.7   21.4   24.1   23.6   24.6   24.1   24.2   25.8   28.0
47168   26.7   22.3   26.2   25.3   21.0   27.2   19.6   25.1   24.6   22.8   22.7   24.8
47169   23.1   20.9   23.7   24.6   20.0   22.5   21.7   23.1   22.1   20.6   19.1   24.2
47170   29.2   25.5   26.7   28.0   22.3   26.3   24.9   26.3   24.5   24.5   24.5   27.0
47172   30.8   26.4   29.4   29.1   24.9   25.1   23.8   27.8   26.4   24.3   24.6   27.7
47174   30.1   25.2   28.5   29.8   22.3   27.7   22.6   27.3   26.1   25.1   23.9   25.0
47175   24.8   22.7   25.4   26.3   18.7   22.1   23.9   25.0   23.0   22.1   21.1   25.4
47184   26.5   20.0   26.5   27.6   23.1   25.5   20.8   26.2   25.0   22.0   21.3   26.7
47185   23.8   21.2   26.3   26.2   23.3   21.8   21.5   25.5   22.0   24.7   24.4   24.4
47188   26.5   21.9   26.0   27.4   21.2   24.7   22.8   31.5   22.2   20.8   20.1   25.4
47189   25.6   22.4   27.4   26.8   24.6   24.3   23.6   24.9   22.3   24.6   23.8   26.5
47192   30.8   25.6   28.7   29.4   25.2   27.3   22.5   26.8   26.0   23.0   22.1   26.2
   96   21.8   21.1   20.5   17.7   15.6   16.2   16.8   22.2   22.2   22.4   22.7   18.9
