2014061600+000HOUR     2014061609LST
STNID     6H    30H    54H    78H   102H   126H   150H   174H   198H   222H   246H   270H
STNID 061615 061715 061815 061915 062015 062115 062215 062315 062415 062515 062615 062715LST
47008   17.1   14.0   13.1   15.9   15.6   15.5   16.2   18.9   18.7   16.6   17.5   17.0
47014   25.6   24.7   21.2   24.7   21.0   22.8   23.3   20.8   22.2   23.8   25.0   24.9
47041   24.1   15.5   17.6   20.2   19.6   19.7   20.1   29.6   26.6   21.1   24.0   24.2
47058   29.9   27.7   26.4   23.2   26.6   24.1   24.4   25.1   21.9   26.6   28.6   26.1
47069   28.7   26.5   26.2   23.6   22.8   21.8   24.0   25.3   20.9   26.0   25.3   23.6
47070   27.4   27.9   24.4   24.6   25.9   21.2   25.7   23.7   21.8   26.5   27.9   26.8
47090   28.2   18.7   20.0   21.6   20.7   16.5   23.0   25.1   23.4   23.0   23.4   24.0
47095   30.5   27.6   26.9   25.0   28.0   22.2   26.1   24.9   23.3   26.4   29.6   26.5
47098   31.6   29.8   27.7   26.6   29.6   23.0   28.7   27.5   26.0   22.1   27.5   28.9
47099   30.6   29.8   26.2   27.6   29.0   22.8   28.9   27.4   25.4   29.5   31.6   28.0
47100   26.7   18.8   19.2   21.7   22.8   21.0   21.6   21.4   21.7   20.8   22.5   21.2
47101   31.7   26.8   26.2   26.9   28.5   23.3   26.2   25.0   24.4   26.5   30.5   24.4
47102   23.7   24.4   23.2   20.3   19.4   18.5   20.6   20.1   16.7   22.6   21.2   19.5
47104   29.0   18.6   21.9   25.6   23.8   18.1   25.5   26.6   25.7   22.2   22.8   22.6
47105   29.8   19.5   22.8   26.1   24.0   16.6   25.5   27.3   29.3   23.9   25.0   19.8
47106   27.5   19.0   20.6   22.1   22.6   17.2   24.8   25.1   24.6   21.7   22.5   22.1
47108   -999   -999   -999   26.1   28.0   21.6   27.3   24.7   24.8   25.8   28.2   27.3
47112   26.2   25.1   26.7   22.8   26.2   21.5   23.1   20.5   21.7   24.8   26.1   25.4
47114   30.6   28.0   27.2   28.6   28.0   26.0   31.0   23.0   25.4   28.6   30.1   27.7
47115   26.5   20.5   18.9   21.3   23.0   16.7   25.8   24.8   24.8   21.7   21.4   22.8
47119   28.7   27.9   27.6   26.2   28.7   24.3   26.1   23.8   24.3   27.9   29.4   28.8
47121   30.6   27.8   27.2   28.4   30.6   24.8   27.7   25.4   27.1   25.5   27.9   27.8
47127   29.8   27.5   27.3   27.6   30.4   25.2   29.4   25.5   25.0   28.9   29.8   28.8
47129   27.8   26.6   25.5   26.0   28.3   22.0   24.5   23.0   24.3   25.5   27.7   29.1
47130   26.4   18.0   19.8   25.5   25.1   20.7   25.8   27.1   26.3   23.1   22.8   21.1
47131   30.4   27.7   28.4   28.3   30.7   26.2   27.5   26.5   27.2   27.9   29.4   29.8
47133   29.8   25.8   26.8   28.9   29.8   25.2   26.0   25.8   25.4   28.1   29.4   29.2
47135   29.0   25.6   25.6   28.1   28.7   25.5   25.9   24.8   26.8   27.4   28.6   26.1
47136   30.9   27.0   27.2   29.6   31.1   27.1   28.4   27.2   26.9   29.2   28.6   28.1
47137   30.5   27.4   26.5   29.2   29.9   25.0   27.2   26.6   25.8   28.0   29.6   28.2
47138   30.7   24.4   23.5   30.3   32.2   27.7   25.4   30.0   26.6   26.2   23.6   24.9
47140   27.3   24.3   25.1   23.9   29.3   23.4   24.1   23.5   24.7   26.5   27.9   27.9
47143   31.6   28.2   28.4   31.0   31.4   27.7   26.2   26.3   30.2   29.2   31.2   28.2
47146   31.1   26.2   28.6   30.0   31.4   26.7   26.0   26.7   28.0   29.3   31.8   29.2
47152   31.4   26.5   26.4   30.0   30.2   27.4   25.5   29.4   27.5   29.4   28.0   25.3
47155   29.9   25.7   27.4   29.4   27.2   25.0   27.2   27.4   27.5   27.4   28.7   25.1
47156   30.1   27.2   29.5   30.5   29.1   25.0   26.9   27.5   28.7   29.7   31.4   29.0
47159   28.0   24.5   25.5   26.4   26.7   23.3   25.2   26.5   24.7   26.9   26.0   23.9
47162   26.1   24.0   26.5   26.3   25.8   21.5   24.9   25.1   22.6   25.8   25.9   25.2
47165   27.1   22.5   25.9   26.3   27.2   22.8   23.4   22.9   25.6   27.6   30.8   28.0
47168   26.2   23.5   26.5   25.2   23.5   22.6   24.8   24.0   24.3   27.3   27.1   25.6
47169   21.9   19.7   22.3   23.1   21.8   22.0   21.8   21.0   25.4   24.0   25.5   23.9
47170   29.0   23.0   29.6   28.9   26.0   24.6   25.8   25.9   26.0   28.3   27.9   25.5
47172   30.0   24.7   28.1   26.7   26.1   22.5   22.8   23.9   24.1   26.7   29.7   28.4
47174   29.0   24.0   29.2   29.4   25.5   25.0   25.6   26.0   26.1   26.2   29.4   26.6
47175   25.9   21.2   25.6   26.5   22.0   19.4   24.1   23.0   22.3   25.3   26.8   24.5
47184   26.4   20.7   24.2   25.0   27.7   27.6   23.7   27.0   27.2   27.5   27.8   21.3
47185   24.9   20.7   24.0   22.8   24.6   21.5   22.2   24.6   22.1   25.7   27.8   23.9
47188   26.0   22.7   23.7   26.7   24.2   24.0   25.4   26.8   23.3   26.1   25.7   21.4
47189   26.0   21.4   26.2   26.6   25.7   24.3   25.6   26.1   24.6   27.8   27.3   23.5
47192   30.0   26.2   28.6   30.2   28.9   25.9   25.8   27.1   26.9   27.7   28.7   25.4
   96   22.3   20.9   20.7   19.7   20.2   17.7   19.0   20.5   22.0   21.1   21.7   23.1
