2014061512+000HOUR     2014061521LST
STNID     9H    33H    57H    81H   105H   129H   153H   177H   201H   225H   249H   273H
STNID 061606 061706 061806 061906 062006 062106 062206 062306 062406 062506 062606 062706LST
47008   15.4   13.1   12.4   12.1   11.6   13.3   15.7   15.8   16.5   15.3   12.9   14.6
47014   16.2   15.8   16.8   16.5   17.4   16.5   16.5   15.6   16.6   16.2   15.6   16.1
47041   17.8   16.1   14.9   15.9   16.3   18.4   18.6   17.6   19.7   19.3   15.8   19.2
47058   18.2   18.4   19.0   18.9   19.9   21.0   19.1   19.9   19.3   19.9   19.4   19.3
47069   18.6   20.1   21.4   20.0   20.4   19.7   21.2   21.0   21.6   22.0   17.0   20.3
47070   17.4   18.9   18.5   18.6   19.1   17.9   20.5   19.7   20.6   21.6   17.6   21.1
47090   22.0   17.6   17.2   16.8   17.7   18.1   17.5   17.5   18.1   15.8   17.1   17.3
47095   15.8   18.5   16.5   18.1   18.1   17.1   18.1   17.8   19.3   19.4   18.1   19.0
47098   16.2   17.8   17.6   19.3   18.7   15.9   18.2   18.2   20.0   20.7   18.7   19.8
47099   15.7   18.1   18.3   19.3   20.0   18.9   18.3   19.2   19.0   21.2   17.0   21.3
47100   13.8   15.8   13.0   14.1   15.0   13.3   14.0   12.5   11.4   12.9   15.2   13.8
47101   16.9   19.7   17.8   19.6   18.5   18.4   19.7   18.6   18.8   20.5   19.9   19.6
47102   16.5   16.7   15.9   16.4   17.9   16.6   15.9   16.8   17.0   17.9   16.1   18.2
47104   21.2   19.0   16.7   16.7   17.6   17.5   17.2   16.7   17.8   16.8   16.9   18.0
47105   23.9   19.1   17.1   17.4   18.3   18.9   19.8   17.9   19.7   19.3   18.1   19.8
47106   22.0   17.9   16.6   17.4   17.4   16.6   17.9   17.0   18.0   17.6   17.4   19.0
47108   18.1   19.2   19.1   20.0   20.1   19.5   20.7   21.0   22.5   22.1   19.5   22.4
47112   17.0   17.9   19.7   17.8   20.8   20.6   20.4   20.3   22.3   21.9   20.4   21.3
47114   16.8   19.3   17.8   18.7   18.9   17.8   19.4   19.3   20.3   19.6   19.2   19.3
47115   20.7   18.9   14.9   14.8   14.1   15.2   16.9   17.5   15.6   16.0   15.7   18.4
47119   15.8   17.7   19.7   17.9   20.1   19.6   19.7   20.0   21.1   21.6   19.9   21.8
47121   15.1   18.1   16.7   17.3   18.4   17.3   17.8   17.2   17.2   17.5   18.5   18.5
47127   16.0   18.7   18.1   18.6   19.5   18.5   19.5   18.5   20.0   16.9   18.3   17.9
47129   15.0   17.0   15.8   16.4   16.7   19.3   18.7   18.5   19.7   19.9   19.8   20.0
47130   20.3   18.7   16.2   16.0   16.8   16.9   18.1   16.0   16.6   17.2   17.6   17.6
47131   17.9   19.6   18.6   19.2   20.5   19.4   21.2   20.6   21.0   21.0   20.5   22.0
47133   17.4   20.0   18.3   18.9   20.5   19.3   20.8   19.9   20.6   20.7   20.6   21.6
47135   16.4   18.3   15.2   17.3   18.4   16.1   16.2   17.4   17.3   16.3   18.5   16.6
47136   17.2   20.1   17.9   18.3   18.2   17.7   19.2   17.1   17.8   16.5   18.1   16.9
47137   18.2   19.7   17.4   18.0   18.3   16.9   18.0   18.7   17.7   18.3   19.4   19.8
47138   22.5   22.1   19.0   19.2   18.7   18.7   19.3   19.0   18.6   18.1   19.1   17.5
47140   15.9   18.2   17.9   18.6   19.8   18.7   20.1   19.8   20.1   18.7   18.2   18.4
47143   20.6   22.3   19.4   19.4   19.5   19.1   18.8   18.8   19.7   21.1   22.0   21.1
47146   17.4   19.5   17.3   18.9   20.7   19.6   20.2   19.7   20.2   20.3   19.8   20.2
47152   19.7   20.6   16.6   17.1   18.1   18.0   18.2   17.5   19.0   19.8   20.7   21.7
47155   17.7   19.7   17.9   17.9   19.4   19.9   19.0   19.3   18.5   18.7   19.9   19.3
47156   17.7   19.6   18.1   19.6   20.9   20.0   18.6   19.9   20.3   21.1   20.5   20.7
47159   19.7   20.6   19.6   18.2   19.6   19.2   19.6   19.9   20.5   20.5   21.3   21.8
47162   17.7   19.3   16.7   17.4   18.2   18.3   18.5   18.3   18.8   19.0   19.3   20.0
47165   17.9   18.3   16.9   18.7   19.0   19.5   21.0   18.7   20.3   20.2   20.4   21.6
47168   19.8   20.6   18.7   18.7   20.0   19.9   19.7   19.4   20.0   20.1   20.7   22.2
47169   17.5   17.7   17.8   18.2   18.3   18.5   19.2   18.8   18.9   18.7   19.0   17.2
47170   17.8   18.9   17.3   17.9   19.4   19.9   19.5   18.2   20.1   20.1   20.6   20.5
47172   16.5   16.6   16.1   18.6   20.9   19.9   17.8   19.3   19.7   21.5   19.4   17.9
47174   14.3   18.4   14.4   16.7   18.4   16.9   16.7   15.1   14.8   14.8   15.8   16.4
47175   16.9   17.7   15.4   15.8   17.0   15.6   17.5   17.3   18.6   18.7   19.5   19.3
47184   19.1   19.2   16.6   18.2   19.6   20.0   18.2   19.7   20.4   21.0   21.8   21.2
47185   19.6   18.4   17.2   18.1   20.2   20.4   19.4   20.5   20.8   19.2   19.7   21.4
47188   19.0   19.2   16.6   16.9   19.1   20.6   18.7   20.4   20.7   19.8   19.4   21.2
47189   20.4   19.3   17.4   18.8   21.8   21.0   20.4   21.3   21.9   21.7   22.2   22.0
47192   15.8   18.9   14.9   17.0   17.5   18.9   17.0   14.6   17.4   17.7   18.9   18.7
   96   19.4   20.0   16.8   17.5   17.1   15.5   16.5   16.9   18.8   17.5   16.6   17.8
