2014061600+000HOUR     2014061609LST
STNID    21H    45H    69H    93H   117H   141H   165H   189H   213H   237H   261H   285H
STNID 061706 061806 061906 062006 062106 062206 062306 062406 062506 062606 062706 062806LST
47008   11.8   10.7   13.1   12.5   13.2   12.9   16.0   19.4   14.9   14.1   14.9   14.0
47014   16.8   16.8   14.2   14.5   15.9   14.3   13.8   17.3   16.4   16.1   17.4   17.5
47041   15.3   12.6   13.1   15.7   15.8   15.2   17.0   18.0   17.5   17.7   17.7   18.6
47058   19.6   17.9   17.8   19.1   18.4   19.0   18.3   19.7   20.7   19.2   20.0   20.2
47069   20.7   20.0   18.3   17.6   18.5   20.3   19.5   19.7   16.2   17.2   18.5   20.4
47070   18.9   16.8   17.5   18.2   19.3   18.1   17.0   19.5   13.2   17.3   18.2   18.9
47090   16.0   15.3   13.9   16.5   17.7   16.3   14.8   19.1   18.8   18.3   17.1   18.0
47095   18.5   14.5   16.7   17.8   17.9   15.8   15.8   16.2   17.3   16.5   18.7   19.6
47098   18.7   15.7   17.3   17.7   18.6   16.8   16.5   17.3   16.3   16.8   18.6   19.2
47099   18.7   15.6   17.8   18.1   19.0   17.4   16.5   18.0   18.2   16.1   18.2   18.3
47100   13.5    9.6   12.8   14.8   15.1   10.9   10.0   12.7   12.9   13.4   14.5   15.5
47101   18.1   16.8   19.2   18.0   19.1   17.2   16.1   19.0   18.4   17.6   19.2   19.9
47102   17.1   15.2   14.8   16.7   16.2   18.2   16.4   17.3   16.3   15.4   17.7   17.7
47104   17.1   15.0   14.5   16.9   17.1   16.1   15.7   18.2   19.9   18.0   19.0   17.9
47105   17.6   15.8   15.1   18.4   18.2   16.5   15.8   21.4   20.2   19.3   19.2   18.5
47106   17.9   15.1   15.2   17.1   16.9   15.4   15.2   19.1   19.9   19.1   18.8   18.5
47108   20.8   17.4   17.6   19.4   22.0   21.5   19.4   19.0   16.5   18.2   18.9   19.9
47112   18.7   18.2   17.1   18.3   20.1   21.2   18.8   18.7   15.6   19.5   18.7   19.1
47114   18.4   16.5   18.0   17.5   18.8   18.3   18.1   20.7   15.1   16.4   17.5   20.2
47115   18.5   17.0   14.5   15.1   14.3   15.9   16.7   18.3   17.5   16.7   16.1   16.9
47119   18.8   17.7   17.5   18.5   18.9   19.9   17.9   18.9   18.3   18.2   20.5   21.1
47121   16.5   14.9   17.7   16.9   18.1   16.8   14.1   17.4   17.2   18.1   19.3   19.0
47127   18.2   16.4   18.1   16.9   19.1   18.6   17.7   18.6   17.4   16.0   17.1   19.7
47129   17.4   16.2   15.5   16.9   17.9   17.8   17.2   18.0   20.3   17.3   19.3   18.5
47130   19.1   15.0   15.1   16.3   16.8   15.5   15.2   17.9   18.9   16.6   18.2   17.9
47131   20.9   17.3   18.3   18.5   20.0   18.6   20.0   20.1   18.3   18.5   20.5   20.5
47133   20.2   17.5   18.3   18.6   19.6   20.2   19.7   19.4   16.8   19.3   20.6   20.9
47135   18.0   16.2   16.9   16.3   17.5   15.3   15.6   16.4   16.6   16.4   18.7   18.1
47136   20.2   16.6   17.2   17.3   19.1   16.8   15.0   17.9   17.0   17.5   19.2   18.6
47137   20.1   16.5   18.3   17.5   18.8   16.7   16.2   18.6   17.5   18.3   19.6   19.9
47138   22.0   16.6   17.2   20.6   18.6   17.9   19.4   19.0   19.1   18.9   21.8   19.2
47140   18.0   16.2   17.0   17.4   19.4   17.6   20.7   18.5   18.3   17.0   19.3   17.1
47143   22.5   16.2   18.6   19.1   19.2   18.0   18.5   19.9   18.7   19.3   21.5   21.0
47146   19.2   17.2   17.7   18.0   18.9   18.2   19.6   18.7   18.4   19.5   20.5   20.0
47152   20.7   15.3   15.8   18.5   17.6   16.8   15.7   15.9   18.7   18.3   20.2   19.4
47155   19.4   17.2   18.0   19.4   18.5   19.0   19.0   19.4   17.6   19.4   19.3   19.1
47156   19.5   17.4   18.5   19.3   19.5   18.5   19.6   19.9   17.9   19.7   20.5   20.2
47159   19.6   16.4   17.8   19.8   18.3   19.8   18.9   20.6   20.4   19.5   20.4   20.6
47162   19.1   18.8   16.7   17.8   16.6   18.2   17.7   18.2   18.2   19.1   18.8   19.3
47165   18.5   17.0   16.8   18.1   17.0   17.2   18.8   19.9   17.9   20.2   18.3   19.5
47168   19.6   18.6   19.0   19.3   18.8   18.6   19.0   21.2   18.9   20.7   19.4   19.8
47169   16.5   16.2   17.5   18.6   16.9   16.6   18.5   17.6   18.1   16.4   17.2   17.6
47170   17.2   16.5   18.1   16.7   18.6   17.8   18.6   19.4   18.2   21.2   18.7   19.5
47172   18.6   15.7   16.1   17.8   17.3   17.0   18.6   16.9   17.5   16.5   19.6   19.7
47174   18.4   16.0   16.1   15.7   16.4   16.0   15.6   16.2   16.9   16.7   18.6   17.2
47175   15.7   13.1   16.1   17.0   16.1   14.1   15.8   18.9   17.4   18.5   16.9   17.7
47184   17.9   17.6   17.9   18.6   18.6   18.2   18.6   21.8   20.8   22.5   19.5   21.2
47185   17.6   16.1   18.8   20.0   18.0   18.9   20.5   21.8   20.1   18.6   19.8   18.0
47188   17.1   18.1   17.1   17.5   17.9   19.1   19.5   20.3   21.1   23.2   18.2   20.9
47189   17.6   18.1   18.1   19.1   18.2   19.4   21.8   21.8   19.2   23.1   19.9   22.2
47192   19.3   15.7   17.5   16.7   17.1   17.2   16.9   18.2   18.1   18.1   18.9   17.9
   96   19.8   18.4   14.0   17.8   18.6   15.4   14.1   16.4   18.2   15.5   16.4   18.3
