2014061512+000HOUR     2014061521LST
STNID    18H    42H    66H    90H   114H   138H   162H   186H   210H   234H   258H   282H
STNID 061615 061715 061815 061915 062015 062115 062215 062315 062415 062515 062615 062715LST
47008   17.5   13.2   12.8   14.0   14.1   16.6   17.4   23.2   16.3   18.1   18.9   18.4
47014   26.8   24.1   19.6   23.6   24.5   23.8   23.5   26.2   28.2   24.7   24.3   24.3
47041   23.2   16.9   18.5   17.4   19.1   17.9   22.8   24.9   27.6   22.9   25.1   22.7
47058   30.1   29.6   26.8   22.7   29.8   22.5   25.0   28.1   29.7   28.3   28.5   28.8
47069   27.8   25.0   27.6   25.7   23.7   20.8   23.8   28.6   28.3   26.5   25.1   28.4
47070   26.5   26.2   27.7   26.4   28.2   21.5   24.4   27.6   29.9   28.6   28.0   26.2
47090   26.6   20.1   21.9   22.9   20.2   15.2   17.3   21.4   25.7   23.8   24.6   21.8
47095   29.4   28.5   26.7   27.0   29.5   20.5   22.7   28.0   31.5   30.8   29.9   27.1
47098   30.4   29.5   30.3   29.4   31.6   22.7   27.2   30.2   31.1   31.5   29.4   28.6
47099   29.3   28.0   28.7   29.1   30.5   23.3   27.0   29.8   32.4   30.8   29.5   29.9
47100   26.2   19.3   21.5   23.2   23.0   18.3   16.8   19.7   23.5   23.7   23.1   19.3
47101   30.5   27.4   27.8   29.5   31.0   23.7   24.1   29.3   31.1   31.6   30.8   27.9
47102   23.7   23.8   21.5   22.3   22.7   19.5   19.7   23.2   27.0   25.1   24.2   27.0
47104   28.7   19.3   22.4   25.8   22.6   17.2   17.1   23.6   27.8   24.8   23.0   24.0
47105   29.4   20.0   23.8   26.2   24.0   15.7   18.1   25.3   27.2   26.4   23.1   27.5
47106   25.9   19.3   22.0   23.3   23.2   16.8   18.0   22.9   24.3   25.1   23.1   21.9
47108   28.7   26.7   27.5   29.0   29.9   21.7   26.3   30.2   31.7   30.9   30.5   28.1
47112   25.4   24.0   25.8   26.0   27.9   21.0   24.9   25.7   27.6   26.0   27.5   26.9
47114   29.3   27.7   29.0   30.1   29.2   24.8   29.8   29.7   31.2   31.1   31.1   27.8
47115   24.8   21.1   20.4   21.6   21.9   15.6   19.1   20.6   24.8   22.8   22.0   19.7
47119   28.5   27.5   26.8   28.9   30.9   24.9   28.0   28.5   30.5   29.7   29.8   28.6
47121   29.5   27.7   28.9   30.2   31.2   23.5   26.0   29.1   30.9   31.7   30.4   27.6
47127   28.9   27.6   29.1   29.5   30.7   24.1   30.6   29.1   30.4   30.2   30.0   26.9
47129   27.0   24.7   27.1   28.4   28.7   23.7   23.5   26.9   27.6   28.2   27.6   27.7
47130   25.4   19.0   21.6   24.3   23.7   21.1   20.2   22.1   23.9   24.7   22.0   20.3
47131   29.9   27.2   29.0   30.2   30.5   25.4   26.1   29.3   30.3   29.4   29.2   26.9
47133   29.5   26.5   28.0   30.0   29.9   24.9   24.9   27.6   29.0   29.3   27.4   28.4
47135   28.9   24.7   27.7   29.1   28.2   21.8   23.8   27.0   29.5   28.9   26.3   22.4
47136   30.5   26.9   29.2   30.6   30.8   24.3   27.1   29.0   34.1   30.1   28.1   25.7
47137   30.1   25.8   28.4   30.3   29.3   21.9   28.0   29.6   31.3   29.5   28.0   24.7
47138   29.3   22.7   23.7   25.6   28.7   21.4   25.4   24.0   25.1   24.9   25.8   23.5
47140   26.6   25.3   24.9   27.0   28.9   24.3   21.9   26.7   26.7   28.1   25.9   27.1
47143   31.8   27.4   29.6   30.9   29.6   25.4   26.6   27.5   29.3   29.5   27.9   26.4
47146   30.8   26.1   29.1   31.2   30.1   26.0   26.0   29.3   31.0   31.2   28.0   28.9
47152   31.5   25.6   26.3   29.6   27.5   24.7   25.0   23.1   28.8   26.8   26.0   21.4
47155   30.1   25.3   28.1   27.8   25.6   25.7   25.2   24.1   26.0   25.7   24.7   24.4
47156   30.3   25.5   30.6   30.7   28.1   25.6   25.8   27.9   29.4   30.4   27.9   28.3
47159   27.3   24.4   25.7   25.4   25.1   23.8   24.0   23.5   26.1   25.5   25.1   22.3
47162   26.2   24.6   26.8   26.1   24.8   22.6   24.3   23.5   24.8   24.7   24.0   23.7
47165   27.3   22.0   26.7   26.6   24.3   23.8   22.9   24.4   34.1   27.2   24.6   25.8
47168   26.4   22.7   26.4   23.1   22.4   22.7   24.1   23.4   23.3   24.0   22.7   24.8
47169   22.6   19.7   22.5   23.0   20.5   23.8   20.9   22.2   24.2   23.9   20.7   21.9
47170   28.6   23.8   31.3   27.5   23.6   25.5   24.7   26.2   26.6   26.5   23.6   24.4
47172   29.6   24.2   28.2   28.4   25.5   24.1   20.9   26.2   27.0   28.3   25.6   25.7
47174   29.9   24.6   29.8   28.1   24.2   25.1   25.9   24.4   24.8   27.7   24.7   24.9
47175   25.9   20.9   26.6   25.9   20.1   21.9   22.5   23.6   24.7   25.4   23.6   23.6
47184   25.7   20.4   25.2   26.3   24.6   25.8   25.0   23.2   26.1   27.3   21.3   22.0
47185   23.4   20.1   24.6   25.4   23.1   22.5   22.5   23.2   24.1   25.2   22.3   23.1
47188   26.0   21.3   23.3   25.4   22.4   23.5   25.5   24.7   25.5   23.2   20.3   21.8
47189   25.7   21.3   26.1   26.3   24.6   24.5   25.4   24.1   25.0   24.7   22.5   23.1
47192   30.7   26.1   29.2   28.1   27.3   25.5   26.2   24.6   26.3   27.0   24.1   24.5
   96   22.2   21.4   20.8   20.3   19.8   16.9   18.5   20.2   19.1   21.5   22.3   21.5
