2014061512+000HOUR     2014061521LST
STNID     9H    33H    57H    81H   105H   129H   153H   177H   201H   225H   249H   273H
STNID 061606 061706 061806 061906 062006 062106 062206 062306 062406 062506 062606 062706LST
47008   14.0   12.8   13.4   13.4   13.8   14.3   13.5   15.0   11.0   13.1   14.8   15.2
47014   16.3   16.9   16.8   16.0   17.1   16.0   15.7   16.8   17.9   16.9   16.8   14.0
47041   17.9   15.8   15.5   15.8   17.5   16.9   16.9   16.4   17.9   18.0   17.7   18.3
47058   17.9   19.0   20.0   18.9   20.3   20.5   18.8   18.4   18.6   19.5   19.8   20.3
47069   19.1   20.0   20.4   21.5   19.7   21.0   19.4   19.2   19.5   19.7   18.4   21.6
47070   17.2   18.5   18.7   19.3   18.1   19.9   18.2   17.5   17.5   18.8   19.1   20.7
47090   22.7   17.2   17.3   16.6   18.5   17.6   17.7   17.5   17.6   16.3   19.2   24.0
47095   15.5   17.5   16.4   19.2   17.8   17.7   16.7   17.1   16.4   17.7   18.6   20.3
47098   16.3   17.5   17.1   19.2   18.5   19.6   18.3   17.7   17.9   17.8   17.3   18.7
47099   15.5   17.9   18.5   19.4   17.8   21.0   17.6   17.1   17.9   17.4   17.2   20.3
47100   14.9   15.1   12.6   13.6   15.3   12.2   10.7   12.6   15.3   13.9   14.2   18.9
47101   16.9   18.7   17.5   19.1   18.6   19.4   18.4   18.6   16.9   19.5   19.3   20.2
47102   18.0   16.8   15.9   16.4   17.2   19.3   14.0   16.0   16.6   18.3   16.6   17.5
47104   22.0   18.0   16.6   16.4   18.8   16.8   17.6   15.9   16.8   16.0   18.7   20.9
47105   24.6   18.4   17.1   17.3   19.5   18.1   16.5   16.0   17.9   17.7   20.2   22.3
47106   22.6   18.1   16.8   16.5   19.0   16.4   16.0   16.0   16.2   16.9   19.0   21.4
47108   18.9   19.4   19.2   19.4   19.9   21.2   20.2   17.7   20.2   20.1   20.6   20.8
47112   17.4   18.2   18.5   18.1   20.5   20.1   18.7   18.3   18.9   19.9   20.6   21.6
47114   16.7   18.5   18.0   19.2   19.6   20.2   18.3   18.8   16.0   17.6   17.1   20.6
47115   20.9   18.6   15.7   14.9   15.5   16.4   17.3   17.7   15.9   15.6   16.6   19.9
47119   16.8   17.7   19.4   18.7   20.4   20.5   20.2   20.0   19.2   20.0   19.5   22.4
47121   15.6   17.5   15.8   17.7   18.2   16.7   17.7   18.2   16.7   17.0   18.0   21.1
47127   16.0   17.5   17.3   18.8   19.6   19.3   19.1   18.1   17.9   16.7   16.2   16.7
47129   15.4   16.2   16.6   17.3   17.9   19.7   19.9   18.8   18.5   19.0   19.2   20.1
47130   21.0   18.6   16.2   16.6   17.3   16.2   15.0   16.0   16.9   17.0   19.0   20.3
47131   18.4   19.7   18.8   19.6   20.6   20.3   19.4   19.9   19.0   20.0   20.2   21.1
47133   18.1   19.7   19.4   19.3   19.5   19.3   19.8   21.5   18.9   20.2   20.0   20.4
47135   16.6   17.9   16.1   17.7   18.2   16.5   17.5   18.0   16.6   17.0   18.3   18.5
47136   18.0   19.4   17.2   18.1   18.8   18.2   18.4   18.4   17.7   18.1   18.9   20.0
47137   18.6   18.2   17.0   18.2   19.1   17.7   18.1   18.4   17.2   18.2   19.3   19.8
47138   23.0   20.9   18.8   18.9   19.8   19.2   17.1   18.0   19.6   19.7   21.1   22.7
47140   17.6   17.4   18.6   19.2   20.4   19.7   18.8   20.5   18.4   19.4   18.5   19.2
47143   21.2   22.5   19.2   20.1   20.4   18.1   19.3   18.2   18.5   20.4   21.7   21.9
47146   17.9   18.4   17.8   18.9   20.1   18.0   19.2   20.6   18.9   19.9   19.5   18.8
47152   20.8   20.2   17.3   18.5   19.5   17.7   17.9   18.1   17.6   20.5   19.8   21.5
47155   18.1   21.4   19.5   17.8   18.1   18.0   19.7   20.0   18.2   19.8   19.9   20.9
47156   18.3   18.5   18.3   20.1   20.6   18.4   19.2   21.6   19.3   20.6   20.5   19.9
47159   20.0   21.7   20.2   18.8   19.9   18.8   19.6   19.6   19.0   19.9   20.8   22.1
47162   17.7   19.3   17.9   17.4   17.6   16.5   17.4   18.8   18.1   18.7   19.5   19.7
47165   17.9   17.5   16.2   18.3   18.8   20.2   21.4   20.5   19.8   19.8   19.8   19.7
47168   19.9   20.3   19.3   19.0   20.5   20.1   20.3   20.1   18.9   19.9   21.2   21.1
47169   18.6   17.8   18.4   18.4   19.2   18.6   17.8   18.0   18.7   17.3   17.3   19.4
47170   18.5   18.6   17.4   18.4   19.3   20.3   22.7   19.5   19.6   19.7   19.8   19.3
47172   17.0   14.8   16.6   19.4   19.4   18.7   22.8   20.4   17.8   19.7   18.3   18.6
47174   14.6   16.1   14.6   17.2   17.7   17.9   18.8   18.9   15.9   17.5   18.7   16.3
47175   17.3   16.0   14.6   16.5   17.3   14.9   18.6   17.6   16.7   17.7   18.5   18.6
47184   19.6   17.5   17.4   18.2   20.6   19.6   22.3   21.5   22.0   22.3   22.2   21.4
47185   19.9   17.2   16.9   19.1   20.5   20.6   20.6   20.6   20.4   18.1   18.3   20.3
47188   20.5   17.9   17.6   17.8   19.0   19.2   21.4   18.7   22.9   20.5   20.4   19.0
47189   20.6   18.4   17.4   19.6   22.0   19.9   21.9   19.2   22.3   20.6   20.6   20.6
47192   16.2   18.2   18.0   17.4   17.1   18.8   19.0   20.7   17.1   19.6   18.8   19.3
   96   19.8   19.6   17.6   17.7   18.2   16.4   17.0   15.4   16.7   17.8   18.5   18.8
