2014061512+000HOUR     2014061521LST
STNID    18H    42H    66H    90H   114H   138H   162H   186H   210H   234H   258H   282H
STNID 061615 061715 061815 061915 062015 062115 062215 062315 062415 062515 062615 062715LST
47008    0.8    0.7    2.0    1.7    1.8    1.8    2.3    2.6    2.2    1.2    1.5    1.5
47014    0.7    1.2    1.6    2.0    1.9    1.8    1.7    1.5    1.8    1.8    1.6    1.7
47041    1.4    1.2    2.3    3.3    2.3    1.8    3.3    4.1    1.9    2.7    2.5    2.5
47058    0.7    1.0    1.3    1.6    2.5    3.0    2.5    1.9    2.0    2.1    1.8    2.2
47069    0.8    1.7    1.2    2.1    2.1    2.4    2.6    3.2    2.4    2.3    2.4    1.8
47070    0.7    1.4    1.3    1.6    2.6    2.5    3.1    2.1    3.0    2.4    2.0    2.8
47090    0.9    1.2    1.4    2.5    2.6    2.7    2.5    2.3    1.6    2.0    1.9    1.7
47095    0.6    1.0    1.6    2.2    2.7    3.2    2.9    2.0    2.5    2.2    1.9    2.8
47098    0.6    1.1    1.4    2.2    2.6    3.1    3.0    2.2    2.5   14.6    2.6    3.1
47099    0.7    1.7    1.2    1.8    2.9    2.7    2.7    2.3    2.5    2.1    1.9    2.6
47100    0.6    1.3    1.7    2.4    2.6    1.9    1.6    2.4    1.7    2.0    1.9    2.7
47101    0.7    1.3    1.5    2.2    2.8    2.3    2.4    2.4    2.5    2.1    2.0    2.7
47102    0.7    0.8    1.1    2.0    1.9    1.9    2.3    2.4    2.2    2.5    2.0    2.5
47104    0.7    1.4    1.4    2.8    2.8    2.7    2.5    2.5    2.1    1.7    1.5    2.8
47105    0.8    1.4    1.7    2.9    3.1    3.4    2.4    2.7    2.6    2.0    2.0    2.4
47106    0.6    1.1    1.0    2.1    2.7    2.8    2.6    3.5    1.5    1.8    1.5    1.9
47108    0.6    1.3    1.3    1.8    2.4    2.5    2.7    2.4    2.6    5.6    2.3    2.8
47112    0.8    1.4    1.3    1.9    2.3    2.7   53.0    4.1    2.5    2.0    1.7    2.4
47114    0.5    1.0    1.0    1.4    2.2    2.1    1.7    1.9    2.0    2.2    2.2    2.8
47115    0.5    0.9    1.3    2.1    2.4    3.1    1.8    1.9    2.2    1.6    1.7    2.0
47119    0.5    1.1    1.0    1.4    2.5    2.0    3.0    2.0    2.1    1.8    1.7    2.2
47121    0.6    1.2    1.2    2.1    2.8    2.6    2.0    2.2    1.7    2.0    2.9    2.8
47127    0.6    1.2    0.9    1.1    2.7    2.1    1.4    1.5    1.5    1.7    1.8    2.2
47129    0.6    0.8    1.2    1.0    1.9    2.1    2.1    2.1    2.9    1.9    1.7    2.2
47130    0.6    1.0    0.9    2.0    2.4    2.3    1.8    2.1    2.0    1.3    1.5    2.2
47131    0.6    1.5    1.1    0.9    2.0    1.9    1.6    1.8    1.6    1.7    1.6    2.0
47133    0.6    1.7    1.1    1.0    1.7    1.7    1.7    1.6    1.6    1.4    1.6    1.9
47135    0.5    0.9    1.1    1.4    2.9    2.4    1.3    2.0    1.7    2.0    2.1    2.2
47136    0.5    1.4    1.1    1.5    2.9    2.2    1.2    1.9    2.4    1.7    1.9    2.4
47137    0.5    1.1    1.0    1.1    2.7    2.2    1.7    2.3    1.7    1.6    1.7    2.2
47138    0.6    1.3    1.5    2.6    3.3    3.6    2.5    2.3    2.2    2.4    2.2    2.5
47140    0.7    1.5    1.1    1.0    2.0    1.7    2.1    1.7    1.5    1.6    1.4    1.9
47143    0.4    0.9    1.5    1.7    2.8    2.3    1.8    2.6    1.6    1.6    1.9    2.4
47146    0.7    2.0    1.2    0.9    1.9    1.8    1.9    1.7    1.3    1.6    1.8    1.9
47152    0.6    1.2    1.4    1.8    2.6    2.9    2.3    2.3    2.1    2.2    2.1    2.9
47155    0.7    1.4    1.2    1.6    1.4    2.2    1.9    2.0    2.0    1.8    1.9    2.3
47156    0.8    1.3    1.6    0.8    1.7    2.0    1.8    1.7    1.4    1.6    1.9    2.0
47159    0.7    1.3    0.9    1.1    1.2    2.2    1.4    1.3    1.2    1.6    1.7    2.0
47162    0.8    1.2    1.0    1.1    1.1    1.7    1.6    1.2    1.3    1.3    1.5    1.6
47165    0.5    1.6    1.1    0.9    1.8    2.1    1.7    1.8    4.7    4.6    2.4    1.6
47168    0.8    1.0    1.3    1.3    1.3    1.8    1.6    1.4    1.5    1.3    1.6    1.8
47169    1.0    1.2    1.2    0.8    1.4    1.4    1.4    1.3    1.2    1.3    2.1    1.7
47170    1.2    1.9    2.0    1.3    1.6    2.2    1.2    1.4    1.6    1.4    1.9    1.9
47172    0.9    1.8    1.0    1.1    1.5    2.0    2.4    2.0    1.5    2.0    2.2    2.5
47174    0.9    1.9    1.7    1.3    2.1    2.3    1.8    1.5    2.0    1.6    2.1    2.1
47175    1.0    1.5    1.3    0.7    1.7    1.9    1.3    1.5    1.5    1.5    2.2    1.8
47184    1.0    0.7    2.2    1.1    1.2    1.7    2.2    1.1    1.2    2.4    3.0    2.6
47185    0.8    1.3    1.2    1.2    1.0    1.4    1.4    1.4    1.0    1.1    1.7    1.6
47188    0.9    1.1    1.5    1.0    1.1    1.5    2.0    2.1    1.5    2.2    2.6    2.5
47189    0.7    1.0    1.4    0.5    0.8    1.0    1.2    1.1    1.4    1.4    1.8    1.6
47192    0.6    1.6    1.0    1.1    1.6    2.2    2.0    1.9    1.7    1.8    2.2    2.3
   96    0.7    0.7    0.8    1.3    1.4    2.0    1.5    1.9    1.8    1.6    1.4    1.4
