2014061512+000HOUR     2014061521LST
STNID     9H    33H    57H    81H   105H   129H   153H   177H   201H   225H   249H   273H
STNID 061606 061706 061806 061906 062006 062106 062206 062306 062406 062506 062606 062706LST
47008    0.6    0.3    0.6    1.3    0.9    1.4    2.2    2.3    2.1    1.4    1.2    1.3
47014    0.6    0.8    0.4    0.7    1.2    0.9    0.9    1.1    1.5    1.1    1.3    1.6
47041    0.5    0.6    0.6    0.7    0.9    1.6    0.9    0.9    0.9    0.9    1.2    1.1
47058    0.3    0.4    0.6    0.6    0.8    0.7    1.0    0.7    0.6    0.7    0.7    0.6
47069    0.5    0.7    0.8    1.0    1.4    1.0    1.3    1.1    1.4    1.4    1.5    1.6
47070    0.5    0.7    0.5    0.5    0.8    0.8    1.2    1.1    1.6    1.8    1.7    1.4
47090    0.5    0.9    0.7    1.3    1.0    1.0    0.8    1.4    1.6    2.4    2.2    2.4
47095    0.5    0.5    0.6    0.7    0.9    0.8    0.9    0.9    0.9    1.0    0.7    0.9
47098    0.4    0.6    0.8    0.7    0.7    1.3    1.0    1.2    0.8    1.0    0.8    1.0
47099    0.6    0.8    0.8    0.7    0.7    1.0    1.0    0.9    1.0    1.8    1.8    1.6
47100    0.5    0.8    1.0    0.9    0.8    1.6    2.2    1.3    1.4    1.1    1.3    1.6
47101    0.4    0.6    1.0    0.8    1.1    1.2    1.1    0.8    0.9    0.7    0.9    0.8
47102    1.0    0.8    0.9    0.8    1.4    2.3    2.1    1.3    1.0    1.3    0.9    1.1
47104    0.4    0.9    0.7    1.0    1.0    1.2    1.0    1.3    1.5    1.7    1.5    1.4
47105    0.4    0.9    0.7    1.3    1.4    1.4    1.3    1.7    1.7    1.7    1.6    1.5
47106    0.4    0.7    0.7    1.3    1.2    1.3    1.3    1.3    1.9    1.7    1.5    1.2
47108    0.5    0.7    0.6    0.9    1.2    1.5    1.7    1.2    1.2    1.2    1.3    1.5
47112    0.6    0.6    1.3    1.2    1.1    1.4    1.3    1.0    1.9    0.9    0.9    0.9
47114    0.4    0.5    0.5    0.4    0.7    1.5    1.1    0.7    1.1    1.4    1.3    1.3
47115    0.5    0.7    0.8    1.4    1.7    1.5    1.1    1.2    1.8    1.8    1.5    1.3
47119    0.7    0.7    0.8    1.0    0.9    1.5    1.0    1.1    1.0    0.9    0.9    0.8
47121    0.4    0.6    0.7    0.5    0.9    1.2    1.2    1.1    0.8    0.8    0.9    1.0
47127    0.5    0.5    0.8    0.5    1.1    1.0    0.7    1.3    0.6    1.5    1.3    1.7
47129    0.5    0.7    0.8    0.8    0.9    1.4    1.2    1.1    1.2    0.7    1.1    0.8
47130    0.4    0.9    0.7    0.6    1.0    0.7    1.1    0.8    1.4    1.1    1.1    1.5
47131    0.5    0.5    0.7    0.4    0.9    1.1    1.2    0.6    0.7    0.6    0.6    0.6
47133    0.5    0.4    0.7    0.4    1.1    2.1    0.9    1.1    0.8    0.5    0.5    0.5
47135    0.5    0.3    0.6    0.6    0.7    1.2    1.1    0.8    0.7    0.8    0.8    0.8
47136    0.4    0.5    0.6    0.8    0.9    0.8    1.6    1.2    0.9    1.0    1.2    1.1
47137    0.4    0.5    0.7    0.9    0.9    1.2    1.3    0.7    0.5    0.6    0.8    0.7
47138    0.2    1.1    1.1    0.7    1.1    1.7    1.6    1.1    1.4    1.6    1.3    1.4
47140    0.7    0.7    0.8    1.1    0.6    1.7    1.2    0.8    1.0    1.0    1.3    1.1
47143    0.2    0.3    1.1    0.9    1.1    0.8    1.6    1.0    0.7    0.9    0.9    1.2
47146    0.4    0.5    0.7    0.5    1.3    2.4    1.1    0.8    0.9    0.7    1.2    1.0
47152    0.4    0.7    1.0    0.9    0.9    0.9    1.3    0.9    0.8    0.8    0.8    1.3
47155    0.2    0.7    0.5    0.7    0.7    0.7    0.8    0.5    0.7    0.7    0.7    1.2
47156    0.5    0.5    0.6    0.6    0.8    1.1    1.2    1.1    0.7    0.6    0.9    0.9
47159    0.4    0.6    0.7    0.7    0.6    0.7    0.7    1.1    0.9    0.8    1.0    1.2
47162    0.1    0.5    0.7    0.4    0.6    1.2    1.0    0.6    0.7    0.5    0.6    0.8
47165    0.5    0.4    0.7    0.6    0.7    1.2    1.2    1.1    0.7    0.6    0.6    0.7
47168    0.2    0.6    0.6    0.5    0.4    0.7    0.6    0.6    0.8    0.6    0.7    0.8
47169    1.1    1.3    1.2    0.6    1.1    1.0    0.8    1.5    0.5    0.8    0.7    1.1
47170    0.6    0.5    0.6    0.6    0.8    1.3    1.2    0.7    0.9    0.7    0.9    0.8
47172    0.6    1.0    0.8    1.1    1.0    1.4    2.7    2.3    2.0    1.5    1.1    1.5
47174    0.5    0.7    0.7    0.7    1.0    1.2    2.0    1.5    1.2    1.7    2.1    2.2
47175    0.5    0.5    1.1    0.7    0.7    1.3    1.1    1.0    0.8    0.9    1.1    1.1
47184    0.8    0.6    0.9    0.6    0.8    1.4    1.3    0.8    0.6    0.8    1.1    1.1
47185    0.5    0.6    0.9    0.5    0.5    0.8    0.7    1.4    0.5    0.9    1.1    1.2
47188    0.8    0.5    1.1    0.8    1.0    1.4    1.4    1.2    1.2    1.0    1.3    1.0
47189    0.5    0.6    0.8    0.8    0.8    0.9    1.0    0.9    0.7    1.1    1.0    0.9
47192    0.4    0.5    1.1    0.8    0.8    1.2    1.2    1.4    0.9    0.9    0.8    1.1
   96    0.3    0.4    1.1    0.8    1.0    1.5    1.5    1.5    1.6    1.3    1.3    1.8
