2014061600+000HOUR     2014061609LST
STNID     6H    30H    54H    78H   102H   126H   150H   174H   198H   222H   246H   270H
STNID 061615 061715 061815 061915 062015 062115 062215 062315 062415 062515 062615 062715LST
47008   16.5   13.9   13.4   12.3   15.3   17.7   19.0   20.4   21.9   18.6   21.2   17.9
47014   25.7   22.8   20.3   19.0   25.6   23.6   23.9   24.1   24.4   24.1   24.1   22.9
47041   24.6   16.7   17.2   21.5   17.5   18.0   22.8   28.0   25.5   25.1   24.6   24.8
47058   30.2   28.1   27.2   26.5   25.6   17.6   20.8   25.4   26.7   24.6   25.1   21.8
47069   28.7   27.1   26.1   24.6   23.0   21.7   20.3   27.4   25.3   24.1   25.0   21.6
47070   28.2   29.5   25.4   26.2   24.9   21.6   21.6   25.4   27.9   26.1   24.2   25.1
47090   28.6   20.5   21.7   22.8   19.1   16.4   19.5   21.5   24.1   24.5   22.9   26.2
47095   30.5   29.2   28.3   27.8   27.5   20.4   21.3   25.7   27.9   28.2   22.8   26.3
47098   31.5   30.6   29.4   29.3   28.5   23.0   25.3   28.1   29.0   30.8   25.7   28.2
47099   30.7   31.5   27.8   29.2   26.6   23.4   23.6   27.9   30.4   29.2   27.7   27.9
47100   27.9   19.2   21.2   24.7   23.2   18.5   17.7   18.2   22.1   21.9   20.3   22.4
47101   31.6   29.2   28.1   29.1   28.5   22.4   21.9   27.4   28.6   28.6   24.6   28.0
47102   22.9   23.3   21.4   21.6   21.4   18.7   16.8   21.0   22.9   20.8   20.0   16.5
47104   30.6   18.5   21.6   26.6   21.9   16.6   22.0   22.7   26.3   26.1   24.0   24.0
47105   31.4   19.4   23.2   27.2   21.9   13.5   20.8   24.6   26.4   24.3   22.7   26.9
47106   28.2   20.1   20.6   22.9   21.8   17.4   22.7   22.1   23.0   24.1   22.4   25.8
47108   29.4   29.2   27.5   28.2   27.6   23.3   22.8   28.4   28.9   28.7   24.5   27.1
47112   25.4   25.9   25.3   24.2   26.3   20.7    8.4   24.3   25.7   25.0   22.4   22.8
47114   30.7   27.2   29.2   30.1   28.1   25.9   24.5   27.9   27.9   29.0   25.3   27.1
47115   26.2   21.0   19.8   21.1   22.1   19.9   22.0   19.5   21.7   21.1   21.2   20.9
47119   28.1   27.9   27.9   27.5   28.3   24.6   21.7   27.8   27.3   27.4   24.1   25.6
47121   30.7   26.3   29.3   30.6   28.6   24.4   23.9   28.1   29.5   28.0   23.7   28.1
47127   30.2   26.1   28.9   29.6   28.4   26.0   24.5   27.8   28.3   28.2   26.0   27.5
47129   27.1   27.0   26.0   27.5   27.1   22.8   20.9   25.5   25.9   24.9   25.8   25.0
47130   26.5   19.6   21.2   26.4   23.4   19.8   24.0   22.0   24.0   24.4   22.5   25.6
47131   30.5   27.8   28.6   30.2   28.7   26.4   24.0   27.8   27.9   27.9   26.8   26.8
47133   30.5   27.8   28.2   29.6   27.8   25.0   23.1   26.4   27.5   26.1   26.7   26.1
47135   29.5   27.7   27.3   29.3   25.0   24.2   23.3   23.2   25.4   24.8   25.9   25.9
47136   31.4   26.9   29.0   31.4   29.5   25.4   24.1   26.3   28.2   27.8   27.7   27.7
47137   30.7   27.9   28.0   30.6   27.2   23.5   22.9   24.3   27.5   27.7   26.7   27.5
47138   30.0   23.2   23.5   30.4   27.8   24.8   30.4   22.9   25.2   25.0   26.0   25.9
47140   27.1   25.0   24.5   26.1   26.3   23.8   19.0   24.7   25.0   26.6   25.6   26.0
47143   32.0   28.8   29.8   32.4   27.2   26.9   26.1   25.5   28.3   29.0   29.2   29.7
47146   31.6   27.8   28.4   31.0   27.8   26.5   22.9   27.9   29.3   28.1   28.2   28.1
47152   31.6   26.5   26.8   29.7   26.4   23.8   29.0   22.3   26.5   25.6   27.1   27.7
47155   30.0   24.1   28.5   27.5   24.2   24.6   27.3   23.1   26.3   26.9   26.9   26.7
47156   30.8   25.6   30.9   30.8   26.0   24.8   24.5   27.3   28.6   27.6   28.8   28.6
47159   27.0   23.2   25.4   24.6   23.5   20.8   24.9   21.7   25.2   24.8   25.7   26.4
47162   26.2   21.9   26.7   24.2   24.2   20.7   24.9   22.6   23.7   23.3   23.6   24.5
47165   27.9   22.3   26.1   25.5   22.9   20.0   22.6   24.0   25.0   45.0   24.9   24.8
47168   26.9   19.9   27.1   24.8   20.8   23.1   24.6   20.9   23.3   23.5   24.2   23.6
47169   22.2   20.2   22.1   22.5   20.0   21.2   20.4   21.1   24.0   22.3   24.2   24.6
47170   30.7   20.2   30.9   26.2   22.5   23.6   25.1   24.3   25.7   25.2   26.5   25.6
47172   31.1   24.7   27.9   28.7   24.0   22.9   18.5   24.5   24.9   25.7   25.1   25.9
47174   30.3   22.5   29.8   27.6   22.4   23.8   24.3   24.1   25.6   24.2   25.6   25.1
47175   27.8   20.8   26.7   24.5   19.7   18.6   23.0   22.6   23.4   24.3   24.4   24.7
47184   26.4   19.8   23.0   26.4   24.5   26.7   26.0   23.6   24.7   26.8   27.6   27.6
47185   23.1   19.1   24.0   24.3   23.5   20.6   24.4   25.3   23.0   23.4   21.7   23.8
47188   25.8   19.7   24.0   23.6   20.9   22.6   26.4   21.5   24.4   22.0   24.0   23.0
47189   25.4   19.9   26.4   24.4   23.7   23.8   26.1   24.4   23.1   23.5   25.4   25.0
47192   30.5   25.1   29.7   28.2   23.6   26.2   26.3   25.0   26.1   25.4   27.4   27.7
   96   21.5   22.7   21.1   19.2   20.2   19.5   17.7   18.1   19.1   20.4   19.7   20.1
