2014061600+000HOUR     2014061609LST
STNID    15H    27H    39H    51H    63H    75H    87H    99H   111H   123H   135H   147H   159H   171H   183H   195H   207H   219H   231H   243H   255H   267H   279H
STNID 061700 061712 061800 061812 061900 061912 062000 062012 062100 062112 062200 062212 062300 062312 062400 062412 062500 062512 062600 062612 062700 062712 062800LST
47090    6.5    9.6    9.2    9.9    8.0    8.6    8.6    9.7   10.0    9.9   10.0    8.6   10.0    6.0   10.0   10.0   10.0   10.0   10.0    4.3    4.5    4.1    5.9
47095    5.5    7.9    7.7    7.9    7.8    7.9    8.5    8.4    9.5    8.1    9.4    6.9    0.8    0.0   10.0    4.7   10.0    0.0   10.0    0.0    0.0    0.0    0.0
47100    7.6    9.6    8.2    9.0    7.6    7.8    8.3    9.5    9.7    9.9    9.1    9.0   10.0   10.0   10.0   10.0    0.0   10.0    0.0    0.0    0.0    0.0    0.0
47101    7.0    8.0    7.8    7.5    7.4    8.1    7.5    8.5    9.4    8.3    9.1    4.7    9.4    9.9   10.0    0.1   10.0    2.8    0.0   10.0   10.0   10.0   10.0
47102    7.4    6.0    1.8    2.5    3.1    5.8    7.4    7.6    8.6    6.5    5.9    5.6    0.8    6.8    0.0    6.2    2.7    0.0   10.0    0.5    1.8    0.6    0.7
47104    6.5    9.8    9.4    9.9    7.6    8.1    8.2    9.8    9.6   10.0    9.9    8.8   10.0   10.0   10.0   10.0   10.0   10.0   10.0    9.5    8.8   10.0   10.0
47108    6.7    7.9    5.9    6.1    5.8    6.2    7.6    8.4    9.0    8.2    7.2    4.5    0.0   10.0    0.0   10.0    0.0   10.0    0.0   10.0   10.0   10.0   10.0
47112    7.1    5.9    5.0    4.2    4.9    3.8    6.8    7.5    8.7    7.5    7.9    3.9    0.0   10.0    0.0    7.9    8.5    0.0    0.7    0.0    0.0    0.0    0.0
47114    6.1    8.5    7.8    7.5    6.0    6.8    6.5    8.2    8.2    8.1    7.7    4.8    0.0    0.8    0.0    1.5   10.0    0.0    0.0    9.9    9.9    9.4   10.0
47115    5.3    8.8    8.8    8.8    8.3    8.3    6.5    9.4    8.8    9.8    9.2    7.2    7.4    8.7    0.0    8.0    0.0   10.0   10.0    0.0    0.0    0.0    0.0
47119    6.8    6.3    5.9    5.0    4.4    4.6    6.3    7.0    8.2    7.8    6.7    4.2    0.0    0.0    0.0    0.0   10.0    0.0    3.3    0.0    0.0    0.0    0.0
47129    7.2    7.0    5.8    4.4    2.8    3.2    5.2    8.2    8.2    7.5    6.2    3.7    0.0    0.2    0.0    0.0    0.0   10.0    7.6    0.0    0.0    0.0    0.0
47130    7.4    9.4    8.5    8.0    7.0    5.9    7.3    9.4    8.9   10.0    8.2    8.6   10.0    0.0   10.0    0.0    9.5    0.0   10.0   10.0   10.0   10.0   10.0
47131    6.8    8.3    7.2    6.0    3.8    3.0    6.2    5.9    7.2    7.6    6.1    3.2   10.0    9.8   10.0   10.0   10.0    8.2   10.0    0.0    0.0    0.0    0.0
47133    7.2    8.1    7.7    4.8    4.8    2.8    5.9    6.2    7.7    8.3    4.9    4.4   10.0    0.0    3.7    0.0    1.4    0.0   10.0    7.8    8.8    7.8    8.0
47136    5.6    8.6    7.8    6.0    5.0    4.9    4.9    8.8    8.4    9.5    8.6    5.9    1.6    9.2   10.0   10.0   10.0    9.5   10.0   10.0   10.0   10.0   10.0
47138    4.1    9.2    8.6    7.1    2.1    4.6    4.5    8.5    9.4   10.0    8.6    8.3    0.0    3.3   10.0    0.0    9.0    3.1   10.0    2.1    2.7    3.6    2.8
47140    7.0    9.2    7.3    3.1    1.4    2.7    3.6    7.4    8.4    8.0    5.8    2.8    0.0    0.0   10.0    0.0   10.0    0.0   10.0    7.5    7.0    5.9    7.8
47143    5.6    8.9    8.0    5.2    2.2    3.1    6.8    8.5    8.8    9.6    8.5    8.6   10.0   10.0    4.7   10.0    7.2    9.0    0.0    0.0    0.0    0.0    0.0
47146    7.7    8.7    7.5    3.0    3.0    3.9    4.9    7.7    9.0    8.5    7.0    3.7    0.0    1.2   10.0   10.0   10.0   10.0    1.6    0.0    0.0    0.0    0.0
47152    3.8    9.5    8.9    5.6    1.0    3.1    5.4    8.8    9.5    9.7    9.1    7.6    0.0   10.0   10.0   10.0   10.0    6.8    9.8    2.7    4.2    3.4    6.0
47155    6.9    9.4    9.3    4.7    1.6    2.5    5.9    7.5    9.8    9.9    9.8    7.5    9.4    0.0    0.0    0.0    8.9    8.2   10.0    7.2    6.7    5.8    5.7
47156    6.9    9.9    8.3    3.5    2.3    2.4    4.0    7.7    8.9    9.2    8.4    4.5   10.0   10.0    0.2   10.0    1.7   10.0   10.0   10.0   10.0   10.0   10.0
47159    6.0    9.6    9.6    6.1    2.0    3.0    6.2    8.2    9.8   10.0    9.9    7.0   10.0    0.0   10.0    0.0   10.0    0.0   10.0    0.0    0.0    0.0    0.0
47162    5.5    9.3    9.0    4.8    1.1    3.0    1.8    7.3    8.8    9.8    9.8    6.9    0.0    0.0   10.0    0.0   10.0    0.0   10.0    9.9   10.0    9.9   10.0
47165    8.3   10.0    8.8    3.1    1.5    1.8    4.4    7.3    8.9    9.3    7.8    3.1    0.0   10.0   10.0    0.0    6.2    6.2    0.0    1.7    1.5    1.4    1.4
47168    7.1   10.0    9.5    4.6    1.6    2.8    3.4    7.9    9.0    9.4    7.7    4.3    0.0   10.0   10.0    0.0   10.0   10.0    0.0    6.8    5.3    6.3    6.2
47169    9.4   10.0    8.8    1.9    2.3    2.2    5.3    8.4    9.9    8.0    6.2    1.8    3.9    0.0    0.0    7.2    1.4    9.3   10.0    2.8    2.8    4.5    3.1
47170    9.2   10.0    9.4    4.2    1.7    2.0    3.6    7.9    9.8    9.4    8.0    5.6   10.0    0.0    5.2    0.0   10.0    0.0   10.0    0.0    0.0    0.0    0.0
47172    7.6    9.3    8.4    3.1    1.5    2.5    4.1    7.3    9.2    9.3    8.5    5.6   10.0    0.0   10.0    0.0   10.0   10.0    0.0    0.0    0.0    0.0    0.0
47174    6.7   10.0    9.0    4.0    2.4    2.5    5.1    7.8    8.8    9.9    9.1    7.8    7.3    4.2   10.0   10.0   10.0    0.0    0.0    6.8    5.4    6.1    5.9
47175    9.6   10.0    9.0    2.4    2.0    2.5    4.7    9.0    9.7    8.9    7.0    4.4    0.0    0.0    4.8    0.2   10.0   10.0    3.7    8.8    8.3    8.9    8.3
47184   10.0   10.0    9.9    6.6    4.4    4.9    4.8    8.9    9.9    9.6    9.4    8.6    8.5    6.4   10.0    1.7   10.0    0.0   10.0    0.0    0.0    0.5    0.0
47185   10.0   10.0   10.0    5.9    5.2    3.1    6.8    8.5   10.0    9.4    8.9    7.2    0.0    0.5   10.0    3.8    0.0    1.8    0.0    0.0    0.0    0.0    0.0
47188   10.0   10.0   10.0    7.8    5.3    3.5    5.2    8.8   10.0    9.8    9.0    7.8   10.0    1.8   10.0    3.4   10.0    0.0   10.0    3.3    2.7    3.2    3.3
47189   10.0   10.0    9.9    6.2    4.7    3.5    6.9    9.0   10.0    9.4    9.2    7.8    8.5    1.4    0.9   10.0   10.0    6.0   10.0    0.0    0.0    0.0    0.0
47192    7.3    9.3    9.4    3.9    2.7    2.7    5.5    7.4    9.5    9.9    9.3    7.0    0.7    0.0   10.0   10.0   10.0   10.0   10.0   10.0   10.0   10.0    9.5
47232    6.3    8.4    6.1    4.7    3.0    3.5    5.9    7.5    8.1    7.7    6.9    3.0    0.0    0.0    9.5    0.0   10.0   10.0   10.0    2.4    3.3    2.3    1.8
47235    6.8    7.7    6.1    3.0    3.6    3.5    5.9    7.9    7.9    7.4    6.1    2.9   10.0    0.0    0.0    0.0    0.0    0.0    7.7   10.0   10.0   10.0   10.0
47284    7.5    9.2    8.9    4.3    2.5    4.0    4.8    8.9    9.4    9.9    8.7    7.0    0.0    0.0    0.0    7.1   10.0    4.7   10.0    4.4    1.8    4.5    2.4
47110    7.2    6.9    4.7    5.5    5.9    4.5    7.2    8.0    9.1    8.0    7.0    4.1   10.0   10.0   10.0    0.0   10.0    0.9   10.0    0.0    0.0    0.0    0.0
47113    8.2    6.7    5.7    3.8    5.2    4.5    8.1    7.9    8.8    6.8    8.2    4.1    0.0   10.0    0.0   10.0    0.0    1.0    3.1    5.7    6.9    6.7    8.2
47128    7.4    8.5    8.0    5.4    4.7    5.0    6.6    6.4    8.5    6.7    7.6    2.7   10.0    4.0    0.0    0.0    0.0    1.1   10.0    0.0    0.0    0.0    0.0
47151    5.9    8.8    9.4    6.3    1.0    4.0    4.9    8.1    9.6    9.7    9.7    9.7    0.0    5.0    0.0    0.0   10.0   10.0   10.0    0.0    0.0    0.0    0.0
47163    7.0    9.5    8.8    2.8    1.1    3.1    4.7    8.1    9.1    8.7    7.5    4.3    4.3    2.7    0.0    2.8    0.0    0.0    5.6    0.0    0.0    0.0    0.0
47167    6.6    9.8    9.5    3.6    1.8    2.5    5.5    7.6    9.1    9.7    8.8    7.0   10.0   10.0   10.0   10.0    0.0   10.0   10.0   10.0   10.0   10.0   10.0
47139    7.0    9.0    9.1    8.2    2.6    5.2    5.5    8.7    9.2    9.9    9.4    7.3    9.7    7.7    2.3    0.3    5.2   10.0    3.6    0.0    0.0    0.0    0.0
47142    6.6    8.3    8.5    5.3    2.8    3.3    5.5    8.3    9.1    8.2    7.6    7.4   10.0    0.0   10.0   10.0    4.0   10.0   10.0   10.0   10.0   10.0   10.0
47153    7.4    8.6    9.3    5.7    1.7    2.3    5.2    7.8    9.9    9.7    9.7    5.9   10.0    3.6   10.0    8.9    4.6    8.5   10.0    9.1    9.1    9.3    9.9
47158    7.5    9.3    8.5    3.8    2.5    2.9    4.3    8.3    8.8    8.4    9.2    4.4   10.0    8.0   10.0    7.9    0.0   10.0    0.0    6.9    6.3    8.1    7.2
47161    7.8    8.5    9.5    4.2    3.4    2.9    4.2    7.9    9.4    9.2    9.8    6.9    9.4   10.0   10.0   10.0   10.0   10.0    0.0   10.0   10.0    9.7   10.0
47182   10.0   10.0    9.8    7.6    3.4    6.1    5.2    9.3   10.0    9.4    8.6    8.8    7.5    5.8   10.0    0.0   10.0    0.0   10.0    2.0    1.7    2.0    0.5
