2014061512+000HOUR     2014061521LST
STNID    18H    42H    66H    90H   114H   138H   162H   186H   210H   234H   258H   282H
STNID 061615 061715 061815 061915 062015 062115 062215 062315 062415 062515 062615 062715LST
47008   17.0   13.4   14.1   15.9   13.1   14.4   17.6   19.9   22.0   21.1   20.2   21.5
47014   26.4   24.4   19.6   25.3   20.6   21.3   21.6   24.0   24.5   23.6   23.2   25.5
47041   23.8   17.8   20.1   17.9   17.7   21.8   20.4   27.0   28.8   32.5   29.2   28.4
47058   27.9   28.5   26.3   24.1   22.1   22.1   25.9   26.9   28.4   28.7   28.8   29.6
47069   28.4   25.8   28.1   25.0   22.1   21.8   24.0   27.0   24.9   27.8   27.1   27.0
47070   26.1   25.0   26.6   26.6   25.5   24.0   23.8   26.9   25.7   28.7   27.3   28.9
47090   26.9   20.2   22.8   22.4   19.7   21.9   22.4   24.2   26.4   26.5   28.2   26.6
47095   28.7   26.4   27.7   26.0   26.6   26.9   23.3   28.7   28.6   29.8   28.3   29.6
47098   30.0   28.1   29.9   28.4   28.4   26.9   26.6   30.0   29.2   32.0   31.1   32.4
47099   29.3   27.5   29.7   29.1   28.3   27.0   27.0   29.2   30.1   30.7   31.5   33.3
47100   25.6   18.7   21.0   21.3   21.4   24.2   18.6   22.2   24.1   25.2   24.9   25.9
47101   29.9   26.6   29.2   28.0   28.4   27.8   21.9   29.9   27.5   30.9   29.8   31.9
47102   23.0   23.3   22.0   21.4   17.3   17.8   20.7   23.9   24.3   25.0   21.7   22.1
47104   29.1   20.4   23.2   23.7   22.1   23.1   21.3   25.7   28.3   27.5   26.6   27.0
47105   29.8   21.2   24.0   24.2   22.6   25.6   20.0   28.9   28.9   28.3   27.9   28.3
47106   26.5   20.5   22.7   22.8   22.6   22.9   25.4   24.6   26.0   25.8   26.5   25.9
47108   28.4   25.6   29.3   27.4   27.2   27.1   25.3   29.9   27.4   30.0   29.1   30.8
47112   25.0   22.9   26.4   23.9   24.0   25.4 -235.6   26.7   25.5   26.8   26.0   26.8
47114   29.3   26.4   30.0   29.1   27.5   29.3   28.1   27.9   27.8   31.5   30.2   31.4
47115   26.0   22.9   18.8   23.4   22.2   26.2   25.5   23.3   26.8   26.0   26.1   26.8
47119   28.1   25.7   28.2   26.7   26.6   28.4   22.8   27.4   27.0   29.2   27.9   28.8
47121   29.2   26.5   29.6   29.0   28.2   31.4   24.5   28.8   29.6   31.8   31.3   32.5
47127   28.9   25.9   29.4   28.4   26.8   30.4   26.8   28.4   28.2   30.7   30.1   30.5
47129   27.0   24.5   27.0   26.2   25.4   26.6   22.6   26.5   26.9   27.7   26.5   27.5
47130   26.0   19.8   22.0   24.3   23.2   26.6   22.7   24.3   27.2   26.0   25.9   26.0
47131   29.6   26.1   29.1   29.4   29.2   30.9   24.9   29.2   29.6   30.1   30.5   32.1
47133   29.1   25.1   28.2   29.7   27.1   29.1   24.6   28.7   28.2   29.6   30.5   31.2
47135   28.9   24.8   27.2   28.9   26.7   29.5   24.8   27.3   26.8   27.8   28.3   28.4
47136   30.4   26.3   28.5   30.6   29.5   31.9   26.2   28.3   29.1   31.8   32.0   32.6
47137   30.3   25.3   27.9   30.0   28.3   29.6   22.7   29.0   27.9   28.8   29.9   30.7
47138   30.0   23.1   24.1   30.1   26.7   28.9   29.3   29.4   26.7   28.3   29.6   28.8
47140   26.2   23.0   25.5   26.0   25.7   28.1   21.0   27.4   26.7   27.5   28.7   31.2
47143   31.7   26.7   28.7   33.6   29.7   34.2   27.0   29.7   29.9   31.7   32.1   33.2
47146   30.7   24.6   29.9   30.4   29.3   31.1   25.8   29.4   29.7   30.7   31.9   33.0
47152   31.4   25.6   25.1   31.1   28.6   31.6   29.9   28.5   28.4   29.0   30.8   30.8
47155   30.9   24.5   27.0   29.4   25.6   28.8   28.4   26.9   25.9   28.2   28.7   29.8
47156   30.3   24.1   29.8   29.9   29.9   31.3   26.1   29.7   30.4   30.7   31.5   32.3
47159   27.9   24.2   24.1   25.9   26.0   28.5   27.3   25.0   25.7   27.0   27.6   28.1
47162   26.1   23.0   25.0   25.6   26.1   27.6   25.9   24.7   23.5   24.7   25.0   26.0
47165   27.0   21.2   25.3   26.9   27.2   28.8   22.1   26.0   26.6   27.6   28.0   28.9
47168   26.9   22.0   24.6   24.4   24.2   26.8   25.4   23.5   24.0   26.0   26.5   26.9
47169   22.1   18.9   22.4   23.5   22.5   23.8   20.2   22.4   24.3   23.3   25.3   26.1
47170   28.5   21.5   27.4   27.6   27.2   29.6   25.3   26.3   27.0   28.5   29.8   29.6
47172   29.1   22.8   28.2   27.1   28.3   30.2   21.0   27.1   27.5   29.4   30.1   32.2
47174   30.2   22.5   28.1   28.6   27.6   29.9   25.1   27.5   27.0   28.9   30.5   30.7
47175   25.6   19.1   25.4   25.8   24.9   26.9   23.2   25.7   25.7   26.8   27.6   28.3
47184   25.6   20.6   24.5   25.8   23.2   25.0   23.1   25.1   24.3   27.8   27.4   28.7
47185   23.8   19.4   24.5   25.1   24.0   24.1   21.8   24.5   23.3   25.6   26.9   27.5
47188   25.5   19.3   24.7   24.3   22.3   25.4   24.7   24.1   23.0   25.2   25.4   26.0
47189   25.2   19.9   26.5   25.1   22.6   26.5   24.7   24.1   23.1   25.9   26.4   26.7
47192   30.9   24.2   28.7   29.1   28.4   30.8   24.9   27.9   26.9   29.2   29.7   31.2
   96   22.9   22.2   20.1   20.7   20.5   24.4   21.1   19.9   22.6   23.0   23.9   24.5
