2014061600+000HOUR     2014061609LST
STNID     6H    30H    54H    78H   102H   126H   150H   174H   198H   222H   246H   270H
STNID 061615 061715 061815 061915 062015 062115 062215 062315 062415 062515 062615 062715LST
47008    1.2    0.9    1.0    1.8    1.9    1.6    1.9    1.7    1.6    2.0    1.4    1.9
47014    0.8    1.6    1.2    1.8    1.8    1.3    1.4    1.5    1.7    1.1    1.8    1.6
47041    1.6    1.4    2.7    3.5    1.5    1.6    2.4    3.9    2.5    2.4    2.4    2.3
47058    0.7    1.2    1.7    1.8    2.1    2.5    2.4    1.7    1.9    1.5    1.9    3.1
47069    0.7    0.8    1.3    2.2    2.1    2.7    2.4    2.2    2.4    1.3    1.8    3.0
47070    0.7    1.6    1.7    2.2    2.2    2.8    3.0    1.9    2.6    2.1    2.3    2.9
47090    1.0    1.8    1.3    2.7    1.4    2.3    4.5    3.0    1.4    1.7    1.8    1.4
47095    0.6    1.6    2.0    2.2    2.1    3.0    2.8    2.2    2.3    2.1    2.5    2.8
47098    0.6    1.5    1.7    2.4    1.8    3.5    2.8    1.8    2.2    2.8    2.0    2.8
47099    0.6    1.5    1.9    2.3    2.3    3.2    2.6    1.7    2.1    1.7    1.8    2.3
47100    0.8    1.8    1.8    2.1    1.6    1.5    1.9    1.7    1.5    2.1    2.3    2.4
47101    0.7    1.7    1.8    2.2    2.1    2.2    2.2    2.0    2.0    1.9    2.1    3.2
47102    0.7    0.7    0.9    1.4    1.3    2.2    2.0    2.1    2.5    1.6    2.2    2.8
47104    0.9    2.3    1.8    2.8    1.6    1.7    2.2    2.0    1.6    2.0    2.2    2.2
47105    1.0    2.4    2.1    2.8    2.0    2.5    2.6    2.1    2.3    1.7    3.2    2.4
47106    0.6    1.5    1.3    3.0    3.5    2.5    2.6    4.0    1.4    1.8    1.5    2.1
47108    0.5    1.3    1.4    1.9    1.8    3.1    2.6    2.0    1.9    1.9    1.8    2.6
47112    0.5    1.2    1.0    1.8    1.7    7.6    6.0    2.4    1.7    1.9    2.0    2.3
47114    0.5    1.6    1.4    1.6    1.7    2.2    2.1    2.0    1.7    1.7    1.8    2.6
47115    0.7    1.6    1.7    2.1    1.5    1.8    1.7    1.7    1.8    2.4    1.6    1.5
47119    0.4    1.5    1.2    1.3    1.6    2.4    2.8    1.8    1.6    1.3    1.9    2.1
47121    0.5    1.9    2.1    1.9    1.7    2.2    1.9    1.5    1.6    2.2    2.4    2.5
47127    0.4    1.7    1.0    1.1    1.8    2.1    1.8    1.8    1.6    1.6    1.4    1.8
47129    0.5    0.9    1.1    1.2    1.2    2.7    2.5    1.6    1.5    1.1    1.5    1.9
47130    0.7    1.5    1.1    2.6    1.5    2.6    1.9    2.3    1.6    1.9    1.3    1.7
47131    0.3    1.6    1.0    0.9    1.6    2.0    2.0    1.8    1.3    1.4    1.7    1.9
47133    0.5    1.9    1.1    0.9    1.6    2.1    1.9    1.6    1.7    1.2    1.4    1.8
47135    0.4    1.8    1.0    1.2    2.0    2.2    1.5    2.0    1.7    2.4    1.6    2.0
47136    0.5    1.9    1.0    1.5    1.5    1.7    1.6    1.9    1.9    1.9    1.4    2.0
47137    0.4    1.6    1.1    1.1    1.8    2.0    2.1    2.4    1.8    2.1    1.5    1.9
47138    0.7    2.0    1.6    2.2    2.9    2.3    2.1    2.2    1.5    2.2    1.5    1.8
47140    0.6    1.4    1.1    1.1    1.9    2.2    2.6    1.3    1.0    1.2    1.6    2.0
47143    0.4    2.0    1.2    1.6    1.8    1.8    1.8    2.2    1.6    2.0    1.1    2.0
47146    0.5    2.1    1.1    0.7    2.2    2.2    2.3    1.4    1.4    1.4    1.7    2.0
47152    0.6    1.8    1.4    1.9    1.6    2.4    2.1    2.4    2.3    2.3    1.6    2.3
47155    0.6    2.4    1.4    1.5    1.3    1.9    1.9    1.8    1.7    1.8    1.7    1.8
47156    0.6    2.4    1.1    0.6    2.4    2.0    1.7    1.2    1.4    1.4    1.7    1.8
47159    0.6    1.7    1.0    1.4    0.9    2.0    1.1    1.5    1.2    1.7    1.5    1.5
47162    0.6    1.8    1.1    0.7    0.9    1.5    1.0    1.3    1.3    1.3    1.4    1.5
47165    0.6    2.1    1.0    0.8    2.5    2.6    1.9    1.4    4.4    5.9    2.1    2.2
47168    0.8    1.6    1.5    1.1    2.0    1.8    1.4    1.3    1.3    1.5    1.4    1.5
47169    0.9    1.9    1.1    0.7    1.9    1.5    1.5    1.4    1.4    1.7    1.7    1.5
47170    1.0    3.1    1.8    1.0    1.9    2.1    1.5    1.4    1.9    1.7    1.6    2.0
47172    0.6    2.0    1.1    0.9    2.1    2.6    2.9    1.8    1.8    1.8    2.1    2.3
47174    0.8    3.0    1.7    0.9    2.5    2.0    1.7    1.6    1.6    1.9    1.9    1.7
47175    1.2    2.6    0.9    0.6    2.3    2.1    1.3    1.2    1.5    1.6    1.8    1.8
47184    0.8    0.8    1.8    1.0    1.2    2.3    1.7    1.6    1.3    2.5    2.4    3.0
47185    0.6    1.7    1.3    1.2    1.8    2.1    1.4    1.1    1.2    1.4    2.1    1.5
47188    0.5    1.2    1.0    0.8    1.7    1.7    1.5    2.0    1.5    2.0    2.2    2.2
47189    0.6    1.3    1.0    0.7    1.2    1.0    1.1    0.9    1.1    1.6    1.6    1.7
47192    0.5    2.9    1.3    1.0    1.9    1.7    1.8    1.5    1.7    2.0    2.0    2.4
   96    0.8    0.7    0.8    1.4    1.3    1.4    1.9    1.6    1.7    1.3    1.5    1.3
