2014061512+000HOUR     2014061521LST
STNID     9H    33H    57H    81H   105H   129H   153H   177H   201H   225H   249H   273H
STNID 061606 061706 061806 061906 062006 062106 062206 062306 062406 062506 062606 062706LST
47008   14.4   12.5   12.4   12.6   11.2   10.7   11.9   18.5   12.7   14.9   13.2   16.4
47014   15.0   17.8   15.5   16.6   16.3   15.6   14.1   15.2   15.5   16.2   16.4   16.3
47041   18.2   16.7   15.4   16.3   16.4   12.9   15.1   15.8   16.0   16.5   17.5   18.5
47058   18.4   18.8   17.9   17.9   19.5   19.3   17.5   20.2   19.0   20.1   19.6   19.6
47069   18.5   20.1   18.5   17.8   21.9   20.5   18.6   18.1   18.5   19.1   18.5   17.0
47070   17.2   17.9   18.4   19.2   20.4   17.1   17.1   15.9   17.1   18.4   18.6   17.7
47090   22.2   17.9   16.4   18.2   18.7   16.6   16.7   17.3   16.3   16.3   18.0   19.1
47095   15.8   18.1   17.4   17.4   19.5   15.8   16.8   17.4   16.2   18.4   18.9   17.4
47098   16.0   17.1   18.1   18.7   19.4   16.2   18.0   17.6   17.1   19.0   17.2   17.7
47099   15.2   17.7   17.7   17.4   19.0   18.4   18.8   18.5   17.9   18.7   17.0   17.0
47100   14.7   14.6   14.0   14.6   15.5    8.8   12.2   13.4   12.0   13.4   12.8   13.8
47101   17.4   18.2   19.2   18.3   20.7   16.4   17.3   18.7   17.5   18.5   19.5   18.4
47102   15.9   16.6   14.9   15.1   16.3   16.6   15.7   13.9   14.5   17.2   16.6   14.2
47104   22.3   18.3   16.1   18.4   18.1   16.8   17.4   16.4   17.4   16.9   16.9   17.9
47105   25.0   19.3   16.9   20.2   19.8   17.1   15.7   16.1   17.5   18.0   17.9   19.2
47106   22.1   18.9   16.9   20.6   18.3   16.1   15.9   16.3   16.7   16.2   16.0   18.0
47108   18.8   20.3   19.5   20.9   22.1   16.1   16.6   18.3   19.0   20.4   20.5   19.0
47112   17.1   18.3   17.3   19.0   21.6   18.7   17.4   19.8   19.3   19.7   20.2   20.8
47114   17.2   18.6   18.1   18.7   19.5   13.1   19.1   17.5   16.9   18.5   18.7   19.6
47115   20.4   20.2   17.5   18.2   18.2   17.5   16.0   16.3   14.8   15.7   16.2   16.7
47119   16.8   18.6   18.4   19.6   20.6   17.9   17.8   17.2   19.7   20.4   20.2   19.7
47121   15.7   16.3   17.1   16.9   19.5   19.1   17.1   18.3   17.8   16.9   18.8   19.1
47127   16.5   17.9   17.0   18.7   21.4   16.6   18.8   19.0   18.7   17.7   19.0   19.4
47129   16.5   17.8   16.7   16.1   18.4   17.3   18.4   16.8   18.1   18.5   18.7   19.8
47130   20.9   19.7   16.7   17.5   18.3   16.3   15.8   15.8   16.2   16.6   16.6   17.7
47131   19.0   20.9   18.1   19.1   20.9   18.2   19.8   19.5   19.5   20.9   20.6   20.5
47133   18.9   20.4   17.9   19.4   19.7   15.6   20.2   17.7   19.4   20.5   20.6   20.7
47135   17.4   18.2   15.0   17.8   18.3   19.2   16.8   17.8   17.1   17.6   17.3   18.1
47136   17.8   19.2   17.7   18.7   20.1   19.2   15.5   17.6   18.0   17.7   17.4   18.8
47137   18.7   19.1   16.9   19.3   19.4   18.3   17.6   18.2   17.6   18.3   18.6   19.9
47138   22.7   22.3   19.9   19.8   21.5   16.4   18.5   18.0   19.0   20.6   18.4   21.4
47140   17.9   18.2   17.6   17.2   18.2   18.5   19.1   18.6   19.6   19.0   18.0   19.6
47143   20.9   22.6   19.8   19.9   20.8   20.5   20.1   19.2   18.6   19.6   19.6   20.7
47146   18.0   19.1   17.6   18.7   19.7   18.3   19.7   20.0   20.2   20.5   19.7   20.2
47152   20.4   19.4   16.9   18.2   19.8   19.5   18.9   18.3   18.6   19.0   18.7   19.8
47155   17.7   19.7   18.3   18.5   19.7   21.2   20.3   18.7   19.2   19.7   19.3   20.3
47156   18.7   19.7   18.2   19.2   20.6   20.7   22.8   17.8   19.5   20.3   19.4   20.5
47159   19.6   20.3   18.7   19.4   20.2   20.4   20.3   19.2   19.4   19.7   19.7   20.7
47162   17.7   18.6   17.2   17.5   19.0   21.1   20.2   17.9   17.9   18.5   18.8   19.7
47165   18.1   18.2   16.5   17.7   19.9   19.6   21.7   18.4   19.4   19.2   19.7   20.4
47168   19.8   19.2   18.9   19.3   19.7   20.4   20.0   18.9   19.3   19.4   20.0   21.0
47169   18.4   18.9   16.5   17.7   17.5   19.3   19.8   17.2   18.2   18.4   17.3   17.4
47170   18.4   18.5   18.5   16.9   18.6   22.0   21.5   18.4   18.9   19.0   19.5   20.7
47172   17.2   16.9   16.0   17.0   19.0   21.4   20.0   16.5   18.6   18.9   18.4   20.0
47174   14.2   16.1   15.3   15.5   17.5   18.8   17.3   15.7   17.2   17.6   18.0   18.7
47175   17.8   17.0   13.0   16.2   17.7   17.8   18.8   16.2   16.5   16.8   17.5   18.6
47184   19.5   18.6   18.1   18.6   20.7   23.0   23.1   21.8   21.3   20.2   21.4   22.3
47185   19.9   18.7   18.6   19.9   20.0   20.6   21.0   15.8   20.7   19.2   19.2   19.5
47188   18.9   18.8   19.1   18.4   20.4   21.7   20.5   21.2   21.3   19.6   21.5   20.6
47189   20.9   19.2   18.2   20.2   21.7   21.4   22.0   22.6   22.1   20.2   21.9   21.9
47192   15.4   17.9   17.6   16.2   18.7   19.8   17.6   17.3   18.2   19.3   18.5   19.0
   96   19.7   20.2   18.7   19.8   20.0   18.0   16.4   16.9   17.5   18.4   19.1   17.9
