2014061600+000HOUR     2014061609LST
STNID     6H    30H    54H    78H   102H   126H   150H   174H   198H   222H   246H   270H
STNID 061615 061715 061815 061915 062015 062115 062215 062315 062415 062515 062615 062715LST
47008   18.2   14.3   13.5   15.6   14.3   17.1   19.6   19.2   21.0   18.4   17.7   21.2
47014   25.6   25.5   22.3   24.6   21.1   22.8   22.7   24.5   24.9   25.6   26.2   27.1
47041   22.1   17.9   16.9   16.8   20.3   20.0   19.7   22.8   26.3   26.6   22.5   25.1
47058   29.5   28.5   25.8   26.3   25.7   25.4   26.1   26.9   26.9   26.8   29.0   31.5
47069   28.2   27.0   26.4   26.0   21.5   26.1   25.5   24.5   21.1   24.8   27.8   30.3
47070   26.9   28.5   24.3   26.2   23.2   25.8   26.2   25.3   23.5   25.9   28.4   30.5
47090   27.4   21.0   22.4   22.0   22.7   18.6   21.6   23.2   24.7   24.1   23.6   23.6
47095   30.1   27.7   26.7   27.7   27.1   25.7   25.8   25.8   26.8   28.7   28.5   32.3
47098   31.4   30.0   26.5   29.6   27.9   27.6   27.9   29.4   27.7   28.2   31.2   33.1
47099   30.2   30.7   26.1   28.7   27.2   27.8   27.8   28.7   27.5   28.2   31.5   33.1
47100   26.1   19.7   18.8   20.4   20.7   18.4   19.6   21.3   21.9   23.1   21.5   24.4
47101   31.6   28.0   25.0   28.6   27.4   26.6   26.7   27.9   28.2   29.6   29.9   33.6
47102   23.1   23.4   22.5   22.4   22.1   20.9   21.0   19.4   19.0   21.4   23.6   24.4
47104   28.7   20.2   21.3   24.2   22.9   20.1   23.7   21.8   27.8   26.5   24.8   26.5
47105   29.4   21.3   22.3   24.6   23.4   19.9   23.9   24.8   27.8   26.8   24.2   27.7
47106   27.0   21.1   21.6   21.0   35.6   20.5   23.3   23.6   24.4   24.6   23.3   24.6
47108   29.7   28.9   25.7   28.0   27.3   26.0   27.8   26.9   26.6   28.6   28.3   32.8
47112   25.8   26.1   23.9   25.0   24.5   -9.9   24.1   23.5   23.2   24.6   26.8   28.9
47114   30.5   28.3   25.5   29.7   27.8   25.3   29.1   27.4   27.7   29.9   30.0   33.1
47115   25.7   22.9   20.8   20.1   21.9   22.9   22.3   23.7   24.7   23.9   22.6   23.5
47119   28.6   28.7   26.7   27.8   27.2   26.1   28.0   25.6   25.7   27.5   29.5   30.9
47121   30.4   29.4   25.8   27.7   28.6   25.5   27.8   28.8   28.2   28.6   28.3   33.1
47127   30.1   28.2   27.0   29.0   28.5   26.5   28.5   28.0   28.1   29.4   30.5   32.4
47129   27.9   25.8   25.1   27.6   26.3   25.5   25.9   25.5   23.6   26.5   28.8   27.5
47130   26.2   21.2   21.9   22.1   23.7   21.4   22.8   17.4   26.3   24.3   23.4   25.0
47131   30.6   28.1   26.7   29.7   29.4   26.6   28.7   27.6   27.2   28.0   30.1   31.7
47133   30.3   26.3   26.2   28.7   28.1   24.8   27.4   26.4   27.4   28.3   29.9   31.5
47135   28.9   25.7   28.4   27.7   29.2   22.7   26.1   25.6   25.6   28.0   28.4   29.7
47136   30.9   28.6   28.5   28.7   29.7   25.1   28.4   27.8   28.9   29.7   29.5   31.2
47137   30.6   26.9   26.9   29.4   28.1   24.5   28.6   27.1   27.9   29.2   29.8   31.2
47138   30.2   26.6   26.6   27.4   27.7   21.4   25.9   25.4   27.0   27.9   25.9   25.5
47140   27.7   25.1   24.0   25.2   28.1   24.3   26.1   24.4   24.5   25.9   27.8   28.8
47143   31.5   28.4   29.8   29.8   28.6   24.8   29.1   28.0   29.2   30.2   29.9   33.3
47146   31.3   27.5   28.2   30.8   29.3   25.6   29.0   27.1   29.2   29.9   31.3   33.5
47152   30.7   26.0   27.4   27.5   27.6   22.7   24.8   26.3   25.2   28.1   26.8   29.1
47155   29.0   24.8   26.6   26.7   24.5   21.1   26.4   24.7   23.9   27.5   26.8   29.8
47156   30.2   27.1   29.6   30.3   28.0   26.1   28.3   28.3   26.5   29.5   29.7   32.4
47159   27.0   23.2   25.1   24.8   25.9   20.2   23.8   24.0   25.1   27.0   26.4   26.7
47162   25.7   22.9   25.0   25.1   24.4   21.4   24.2   24.0   22.8   25.6   25.4   27.1
47165   27.4   22.5   26.1   25.5   25.1   22.8   25.1   24.9   24.5   27.0   33.6   28.9
47168   26.3   23.6   23.5   24.7   23.4   21.2   24.9   23.4   21.6   25.4   25.5   28.2
47169   21.7   20.0   21.5   23.1   20.6   21.1   22.8   22.4   23.9   23.5   25.0   24.7
47170   29.9   22.9   28.7   28.3   24.3   23.8   27.4   26.5   22.8   27.5   28.2   30.0
47172   30.4   25.8   27.6   27.8   25.8   25.2   26.6   26.4   25.2   27.6   29.1   30.8
47174   29.2   25.4   27.9   28.3   25.4   24.0   27.6   25.7   22.9   27.0   26.4   28.8
47175   26.8   20.6   25.7   26.2   21.3   21.9   24.7   24.1   22.7   25.7   27.1   28.0
47184   25.5   21.9   23.1   26.5   25.4   25.9   23.4   27.7   25.7   27.0   27.4   26.4
47185   23.5   20.5   22.6   25.5   24.7   22.0   22.6   26.5   24.4   25.3   26.9   26.2
47188   25.8   19.0   23.9   25.6   23.9   24.3   24.8   25.2   22.1   25.7   25.4   24.4
47189   25.2   20.8   25.8   26.5   24.4   24.5   25.3   25.7   24.3   27.1   27.4   26.5
47192   30.0   26.5   28.1   28.5   27.0   22.4   28.2   25.9   23.1   28.6   28.9   30.9
   96   21.8   22.2   21.9   19.1   19.0   21.5   19.8   20.5   21.3   22.1   22.5   22.8
