2014061512+000HOUR     2014061521LST
STNID    18H    42H    66H    90H   114H   138H   162H   186H   210H   234H   258H   282H
STNID 061615 061715 061815 061915 062015 062115 062215 062315 062415 062515 062615 062715LST
47008   16.0   12.7   11.0   16.6   17.8   15.5   22.1   22.3   21.1   21.5   22.9   22.4
47014   25.9   24.3   21.6   26.6   25.8   28.7   27.3   26.3   24.4   23.7   26.6   27.3
47041   24.6   14.8   18.6   16.5   19.2   18.2   21.6   25.4   28.8   27.9   26.5   29.0
47058   29.7   29.7   26.3   24.3   26.0   24.6   28.3   28.0   28.0   27.0   25.5   29.6
47069   27.3   27.6   24.5   25.0   24.9   23.3   27.7   26.9   27.0   25.8   24.5   27.1
47070   27.6   29.3   25.0   26.5   27.2   23.1   25.3   27.1   29.8   25.2   23.7   30.7
47090   26.3   20.8   20.0   22.1   21.6   16.5   21.2   21.9   24.7   28.1   23.5   27.1
47095   29.6   29.0   26.5   26.5   28.0   21.5   26.7   29.4   30.3   27.1   23.8   30.5
47098   30.7   31.5   27.6   27.9   29.9   22.3   28.9   30.1   31.3   28.9   26.7   30.6
47099   30.2   32.1   28.5   29.1   29.9   23.9   28.7   30.7   30.8   28.7   27.7   31.0
47100   26.2   18.3   20.4   19.9   22.3   20.1   19.6   24.7   24.7   21.8   21.3   25.2
47101   30.6   29.7   26.9   27.6   28.7   23.5   28.8   30.3   31.5   29.1   26.1   30.7
47102   22.7   23.9   22.2   19.6   23.3   20.8   24.8   24.7   23.5   20.6   21.2   22.9
47104   28.6   18.0   20.8   23.6   23.9   17.0   20.4   25.7   28.8   25.2   25.0   26.3
47105   29.3   19.2   21.9   24.2   24.8   19.3   20.3   27.1   29.3   28.4   26.5   27.3
47106   25.4   19.7   21.1   21.4   21.2   16.8   18.6   22.6   24.7   25.2   25.0   26.7
47108   29.8   29.5   27.3   27.5   28.8   23.5   30.6   30.9   30.5   27.5   24.6   32.0
47112   26.6   26.3   23.9   25.7   26.2   19.7   28.1   26.1   26.6   24.3   23.4   28.1
47114   29.4   29.0   28.5   27.7   29.0   24.1   28.6   29.3   30.7   25.9   25.9   30.7
47115   24.0   20.2   19.7   20.2   21.1   19.1   19.7   20.6   23.3   23.5   23.3   24.1
47119   29.1   29.2   27.4   27.5   28.5   25.3   31.5   30.3   28.9   25.7   25.3   30.8
47121   29.1   28.2   29.1   26.8   30.0   24.0   27.4   30.8   30.9   27.4   27.0   30.2
47127   29.1   28.6   29.2   27.8   30.1   24.1   29.2   29.2   29.9   25.8   25.9   29.1
47129   27.9   25.9   25.8   26.7   27.5   23.3   29.5   29.4   28.0   23.1   21.5   31.4
47130   24.8   19.0   21.0   21.8   24.1   21.1   20.3   21.6   25.3   25.3   25.0   23.9
47131   30.6   29.2   29.7   29.4   30.5   25.4   29.0   29.4   29.4   26.2   26.0   31.3
47133   29.1   27.3   28.8   29.5   29.2   24.5   27.8   28.0   28.5   25.8   25.9   30.7
47135   29.2   25.9   27.9   28.2   29.8   23.5   25.0   27.0   27.4   22.4   24.7   26.2
47136   30.9   27.6   28.6   28.0   29.1   24.8   25.6   29.4   29.8   25.6   27.1   28.4
47137   29.9   26.4   28.4   29.7   29.3   22.0   26.4   29.0   28.7   24.1   27.1   28.1
47138   28.7   23.0   23.2   27.3   28.8   21.0   21.9   24.0   24.4   25.0   28.8   22.6
47140   27.1   25.3   25.9   25.6   28.9   24.4   26.6   27.4   26.4   24.1   24.5   29.5
47143   31.9   28.4   28.8   30.7   29.5   26.1   24.7   27.5   27.0   27.5   30.8   29.1
47146   31.3   28.1   30.7   30.8   30.6   25.9   29.1   28.9   27.4   26.5   26.5   31.5
47152   31.6   25.7   25.8   27.9   27.1   25.5   20.8   25.0   24.4   23.2   28.5   25.3
47155   30.3   26.8   27.0   25.8   24.0   23.2   22.5   24.3   20.8   22.4   24.9   26.5
47156   30.5   27.4   30.8   30.3   28.9   25.1   28.2   28.6   26.4   25.4   25.6   29.8
47159   27.5   23.9   24.6   23.7   24.5   23.0   21.9   23.6   24.2   22.9   24.6   24.7
47162   26.1   25.2   25.9   25.0   24.2   21.4   22.0   23.8   20.1   21.2   22.9   24.9
47165   27.0   24.8   26.6   26.1   26.8   23.7   25.2   25.6   21.9   22.9   22.6   27.2
47168   26.8   23.3   26.1   22.7   21.9   23.0   21.8   22.8   20.9   22.5   22.8   24.4
47169   21.7   21.3   21.7   23.0   21.6   23.2   20.4   22.1   20.6   20.5   20.1   23.2
47170   27.8   24.7   28.5   27.2   23.9   25.7   24.0   24.6   21.8   24.1   24.3   24.8
47172   29.9   27.3   28.2   27.6   27.0   24.2   26.7   26.7   26.5   22.9   24.3   29.4
47174   29.8   27.4   28.7   28.0   25.2   25.9   24.5   25.4   23.5   24.4   22.9   27.7
47175   24.8   23.5   25.4   26.1   22.2   22.1   23.1   24.0   20.2   21.5   21.7   25.0
47184   24.9   21.6   23.8   26.6   23.2   26.7   21.1   23.1   22.7   21.7   24.0   22.6
47185   22.7   22.9   23.4   24.7   22.5   22.8   24.5   25.4   22.9   22.5   23.7   24.0
47188   25.4   20.5   23.2   25.3   22.6   23.6   21.6   23.0   23.4   20.3   21.5   21.7
47189   25.3   22.2   24.8   25.9   24.2   24.8   22.9   23.8   22.2   22.3   23.4   24.1
47192   30.8   28.3   28.5   28.2   27.4   25.2   24.1   27.0   22.3   24.4   24.6   27.5
   96   21.1   21.2   21.1   18.6   19.8   18.0   17.1   17.3   19.9   21.7   19.7   20.1
