2014061512+000HOUR     2014061521LST
STNID    18H    42H    66H    90H   114H   138H   162H   186H   210H   234H   258H   282H
STNID 061615 061715 061815 061915 062015 062115 062215 062315 062415 062515 062615 062715LST
47008   16.5   13.2   14.6   17.9   19.2   14.4   15.3   14.4   26.6   20.7   20.3   19.7
47014   26.7   26.5   24.3   23.8   26.6   22.7   22.5   22.9   21.9   21.6   22.8   25.1
47041   25.3   18.3   17.1   19.2   21.5   17.5   19.2   18.6   25.0   22.2   26.2   27.5
47058   30.3   28.6   24.9   26.6   26.5   20.3   23.1   22.8   23.5   23.3   25.5   29.9
47069   27.4   26.3   28.6   27.4   24.2   22.0   19.6   20.8   19.9   24.2   25.7   25.6
47070   26.2   26.5   28.3   28.1   26.3   21.1   22.0   21.1   20.0   22.1   24.2   25.9
47090   26.7   23.0   21.7   21.8   23.0   17.4   18.0   20.1   22.3   24.7   24.2   26.1
47095   28.9   28.5   29.7   26.7   28.9   21.0   21.1   22.1   21.2   23.6   25.6   28.2
47098   29.0   29.5   31.4   29.3   28.9   21.7   24.4   23.9   22.1   -6.5   27.2   28.7
47099   28.2   28.8   31.0   30.0   29.1   22.4   23.7   23.4   23.0   26.3   27.1   28.0
47100   26.7   22.2   20.9   20.3   22.1   18.5   17.7   19.0   18.9   20.1   20.5   24.2
47101   29.2   29.2   30.0   27.8   28.1   24.6   21.8   23.7   21.2   24.2   26.7   30.1
47102   23.5   23.2   22.2   21.1   22.7   19.6   18.1   16.4   18.1   20.7   18.6   22.6
47104   29.5   23.1   22.1   21.7   25.2   17.8   19.8   22.7   24.1   21.7   23.8   26.6
47105   30.3   22.7   23.3   22.0   26.2   16.9   19.6   24.1   26.6   25.0   25.9   27.3
47106   26.2   21.7   22.0   20.0   22.6   18.2   22.0   20.5   23.4   22.5   23.7   24.6
47108   27.3   27.3   30.6   28.5   28.9   23.0   24.1   22.8   21.2    5.8   24.3   28.1
47112   24.3   24.8   27.9   24.9   26.4   19.6   22.7   20.6   18.8   21.9   21.2   25.4
47114   28.2   27.3   28.9   30.0   28.4   25.8   25.7   24.4   22.7   25.0   25.1   29.4
47115   24.8   22.3   19.8   18.4   21.3   22.0   20.1   19.6   20.7   20.9   20.3   23.4
47119   27.4   26.0   29.0   27.9   28.3   24.0   23.5   23.2   22.0   24.3   24.9   28.3
47121   28.1   27.1   29.0   29.0   30.3   24.3   25.5   24.5   24.3   24.7   26.0   30.1
47127   27.3   25.7   29.0   29.2   28.9   24.3   25.8   25.9   25.1   25.2   26.1   28.5
47129   25.7   24.9   26.4   26.8   26.7   23.2   24.8   22.5   14.6   24.3   25.4   27.2
47130   26.6   21.6   22.7   21.2   23.7   22.3   22.2   21.4   24.4   21.6   23.1   25.7
47131   28.2   26.1   29.1   29.5   29.3   25.0   26.0   26.1   25.5   24.9   26.5   29.6
47133   28.3   24.3   29.8   29.8   28.1   24.4   25.6   25.5   25.0   25.9   27.0   28.5
47135   28.1   25.0   27.7   28.8   27.6   21.0   23.8   24.0   24.2   24.2   25.6   26.9
47136   29.6   26.4   27.9   29.3   29.0   24.1   25.7   26.5   25.6   26.0   26.4   29.8
47137   28.9   25.5   27.9   30.3   28.1   23.0   25.4   24.5   23.5   25.2   26.6   28.5
47138   29.9   24.3   24.7   28.4   29.3   19.8   24.3   23.2   23.3   25.8   28.1   28.0
47140   25.9   22.2   25.6   24.8   27.8   24.1   24.5   25.0   23.3   23.7   25.5   27.9
47143   30.7   28.2   29.9   30.9   27.6   25.2   26.5   25.1   27.7   27.9   29.2   30.0
47146   29.0   25.3   29.4   30.8   29.2   26.3   28.3   28.3   26.8   26.2   27.7   29.5
47152   30.3   27.1   27.1   28.6   26.2   22.3   23.3   23.2   24.2   26.8   29.3   27.7
47155   29.1   26.2   28.0   27.6   24.8   23.1   26.4   24.1   23.3   25.6   26.7   28.4
47156   27.9   25.8   30.1   30.8   26.9   26.4   28.1   27.7   27.5   26.8   28.2   30.5
47159   26.4   24.9   25.3   24.5   24.5   20.7   23.2   23.1   23.0   25.1   26.1   27.4
47162   24.2   23.0   26.3   24.6   23.4   20.7   22.7   24.1   21.2   24.3   25.4   26.2
47165   25.9   22.1   26.4   25.9   25.4   21.9   24.9   23.2   25.0   25.0   25.8   28.1
47168   25.3   22.0   26.1   24.1   21.5   22.3   25.0   22.5   21.3   23.5   24.5   27.5
47169   22.7   21.2   22.8   23.4   21.1   23.4   23.6   22.2   23.2   22.5   25.6   27.1
47170   27.6   22.9   28.9   29.6   24.6   26.2   26.8   25.5   23.2   25.2   27.0   29.6
47172   27.1   24.5   28.6   27.3   24.7   26.4   26.5   24.9   24.8   22.8   25.7   29.0
47174   27.8   24.3   28.9   29.0   22.8   24.5   27.1   25.0   23.9   25.3   26.8   28.3
47175   25.1   23.0   26.6   27.0   21.4   23.6   23.5   22.5   21.7   22.9   25.3   27.1
47184   25.1   21.3   25.7   26.9   24.2   27.2   21.1   26.4   25.0   27.3   29.0   28.1
47185   24.6   22.8   24.0   25.3   23.7   23.9   23.5   27.4   23.1   22.7   24.6   24.9
47188   25.1   20.9   26.0   27.1   23.1   26.4   23.1   23.5   22.4   24.8   25.6   26.8
47189   24.7   22.5   26.8   26.4   25.8   26.1   24.6   24.8   22.9   25.6   26.3   26.7
47192   29.2   25.4   28.3   28.9   25.7   24.0   27.6   26.0   25.1   25.4   26.9   28.6
   96   20.9   22.7   21.9   17.8   19.1   19.0   18.0   16.6   17.3   20.1   18.4   21.6
