2014061600+000HOUR     2014061609LST
STNID     6H    30H    54H    78H   102H   126H   150H   174H   198H   222H   246H   270H
STNID 061615 061715 061815 061915 062015 062115 062215 062315 062415 062515 062615 062715LST
47008   19.4   13.7   13.6   16.8   18.5   20.3   22.7   23.3   22.9   21.2   19.8   19.3
47014   26.9   22.8   20.7   24.1   27.4   26.7   27.7   26.5   27.7   25.2   25.8   24.6
47041   21.6   20.0   18.4   21.3   21.8   22.7   22.5   28.3   32.4   26.5   27.9   26.0
47058   30.7   29.2   27.2   25.6   26.4   26.8   29.7   30.3   29.2   28.7   30.0   32.2
47069   29.1   27.0   26.4   24.6   25.6   25.0   24.8   31.9   30.1   27.1   30.2   29.6
47070   28.5   28.1   27.4   22.5   26.8   25.3   22.5   30.4   31.2   27.9   32.1   31.1
47090   27.1   23.9   22.0   24.4   21.6   19.2   23.1   24.5   27.3   24.0   26.9   26.5
47095   30.5   30.3   28.8   23.3   27.6   26.2   24.8   31.0   32.9   30.4   32.5   32.2
47098   31.9   31.0   29.7   24.2   29.5   28.3   25.2   33.7   34.2   31.8   33.4   32.1
47099   30.8   30.2   30.5   24.5   29.7   27.3   26.4   32.6   33.1   29.8   33.0   32.4
47100   26.7   24.4   23.7   20.8   19.9   21.0   21.6   23.3   26.3   24.0   26.8   25.3
47101   31.8   30.3   28.1   23.8   28.9   27.2   26.2   31.7   32.5   31.0   32.9   32.4
47102   24.2   25.6   23.1   21.0   21.6   21.7   24.9   27.2   26.0   25.1   26.2   24.4
47104   28.3   25.6   23.6   27.1   22.7   21.6   22.7   25.7   29.9   27.9   28.2   25.6
47105   29.6   26.7   25.9   27.6   22.4   22.0   22.1   28.7   28.1   28.5   30.0   26.7
47106   27.1   23.2   22.8   28.8   20.4   21.1   28.5   23.8   26.8   26.2   27.2   26.1
47108   30.0   29.5   29.4   24.2   28.9   27.9   26.6   32.8   30.9   30.0   33.4   32.7
47112   26.2   26.3   24.7   22.6   27.5   23.4   22.8   30.8   27.6   26.4   30.2   30.5
47114   31.1   30.3   29.1   26.3   29.5   27.0   28.3   31.1   31.8   31.5   32.9   31.8
47115   26.7   23.5   22.6   24.8   19.0   20.5   20.4   22.2   25.3   26.2   24.8   23.5
47119   29.3   29.2   29.4   25.9   29.6   26.0   26.0   30.5   29.7   29.5   31.9   31.7
47121   31.7   30.8   30.7   27.4   28.0   25.9   28.5   31.2   32.9   31.1   32.4   31.3
47127   30.3   30.2   29.2   26.7   28.9   25.2   28.8   32.5   31.0   31.1   31.9   30.7
47129   27.7   26.7   26.9   25.9   28.0   23.9   26.4   28.1   27.0   27.1   29.0   30.4
47130   25.8   23.8   23.7   27.8   20.8   19.5   20.3   22.6   26.6   26.1   25.4   23.1
47131   30.6   29.8   29.9   28.7   30.6   25.7   27.9   32.3   30.4   28.3   30.5   31.2
47133   29.3   29.9   29.4   28.3   29.8   24.2   26.1   30.3   28.8   27.9   29.8   29.8
47135   28.8   29.3   29.3   27.8   27.0   22.4   24.3   29.8   26.3   26.8   27.8   26.7
47136   31.3   31.0   31.1   29.6   27.8   24.2   29.0   31.6   30.1   31.1   31.3   27.9
47137   30.0   30.2   30.5   28.8   27.8   24.0   27.9   33.2   29.6   27.9   29.5   28.1
47138   27.7   27.9   27.1   30.8   22.3   23.2   23.6   27.0   28.8   28.2   25.5   26.4
47140   27.8   27.0   27.2   25.0   29.0   24.7   26.2   28.5   27.7   26.1   28.7   28.9
47143   30.6   31.0   30.4   32.0   26.1   25.3   24.2   31.7   32.2   30.8   30.7   28.7
47146   31.2   28.8   31.4   30.7   31.7   26.7   27.3   30.5   30.0   28.1   31.3   31.2
47152   29.1   28.3   27.6   31.5   22.8   22.5   21.5   26.5   31.2   28.5   26.9   26.6
47155   29.2   27.0   27.7   30.4   24.9   23.2   23.7   26.2   27.6   25.9   26.6   26.4
47156   31.3   28.3   30.6   30.6   30.7   24.6   26.6   29.5   29.9   27.8   30.1   29.6
47159   26.7   25.6   25.9   27.6   24.5   22.6   23.5   26.1   28.4   26.2   26.7   25.9
47162   26.1   24.6   25.4   26.5   24.3   22.5   23.6   25.4   26.3   24.2   24.1   24.1
47165   27.6   25.2   27.4   26.3   28.0   19.3   22.3   25.8   27.1   26.0   26.0   25.0
47168   27.1   23.5   24.6   26.8   23.4   19.4   22.3   24.3   26.4   23.8   25.1   23.8
47169   23.4   22.6   24.3   24.3   24.9   22.4   20.8   24.4   26.1   22.9   25.1   22.9
47170   29.4   26.2   27.8   30.0   25.6   22.1   22.8   26.2   28.1   26.3   26.8   24.5
47172   31.2   27.1   29.5   27.2   29.3   24.8   25.3   28.1   30.7   26.1   27.8   27.1
47174   30.3   27.3   27.5   30.2   26.8   21.1   22.9   26.3   27.4   24.2   28.3   25.5
47175   26.3   23.1   26.6   26.5   24.8   21.7   22.6   24.2   26.0   23.8   24.2   23.3
47184   26.3   21.7   23.0   25.6   26.0   25.6   20.6   24.0   27.3   23.0   25.1   22.2
47185   24.0   22.4   24.8   25.4   26.6   24.8   24.5   24.7   24.8   23.5   25.6   25.8
47188   27.0   21.3   23.7   25.2   25.2   22.1   22.8   24.0   26.5   20.3   23.6   21.3
47189   26.9   22.4   25.4   26.0   26.1   24.6   24.0   24.6   25.1   23.0   25.5   24.6
47192   30.0   28.6   28.7   30.5   26.4   23.2   24.1   27.1   28.4   26.4   28.0   27.2
   96   23.1   22.3   22.3   21.3   19.2   20.4   20.3   20.4   21.3   23.2   23.5   22.9
