2014061512+000HOUR     2014061521LST
STNID    18H    42H    66H    90H   114H   138H   162H   186H   210H   234H   258H   282H
STNID 061615 061715 061815 061915 062015 062115 062215 062315 062415 062515 062615 062715LST
47008   17.8   12.9   14.9   16.0   16.3   16.3   21.1   18.2   18.1   18.3   18.1   19.5
47014   27.2   24.1   19.4   23.1   21.4   23.4   24.1   24.5   27.0   22.6   23.1   26.3
47041   23.9   16.9   17.3   19.0   19.5   20.8   20.2   21.7   25.7   25.2   24.5   24.6
47058   29.5   29.8   27.1   25.5   28.3   28.7   27.7   23.2   25.7   25.5   26.1   30.7
47069   27.5   26.1   27.9   28.6   27.0   27.6   25.9   20.1   23.3   24.1   25.7   28.7
47070   27.6   27.0   26.6   29.0   29.9   29.1   29.7   24.6   24.7   25.1   26.3   32.4
47090   26.3   20.9   21.4   23.1   23.4   19.8   22.3   21.3   24.0   23.9   22.9   24.8
47095   29.4   28.5   27.7   27.9   29.2   29.5   29.0   26.9   26.9   27.8   27.7   31.6
47098   30.4   29.4   28.5   30.7   31.0   31.8   30.8   27.5   29.1   27.3   31.6   33.4
47099   29.6   28.7   28.2   31.0   32.0   31.6   31.9   28.2   29.0   30.5   31.6   33.7
47100   25.8   19.9   18.4   21.2   21.3   19.9   20.1   20.2   20.5   22.8   22.1   24.1
47101   30.6   28.2   28.7   29.4   29.6   29.6   29.0   27.3   27.8   29.8   29.9   31.4
47102   22.1   23.5   22.1   22.8   24.0   24.7   22.2   18.5   19.5   20.3   21.3   26.3
47104   28.0   19.9   20.8   24.2   23.7   20.4   20.5   21.1   25.4   23.8   24.8   27.9
47105   28.6   20.4   21.2   24.7   25.3   21.7   21.2   21.9   28.3   26.4   25.0   26.6
47106   26.2   19.8   20.7   22.3   22.5   20.5   22.6   22.6   23.6   23.6   24.4   26.2
47108   29.1   26.1   28.0   30.1   30.3   30.5   30.4   27.6   28.4   29.4   29.9   32.8
47112   25.2   22.8   25.6   27.6   27.1   28.1   29.2   25.7   23.9   25.3   25.8   30.2
47114   29.4   26.2   29.4   30.4   29.5   30.3   31.4   27.9   27.6   30.3   30.7   33.8
47115   25.5   20.7   18.4   18.8   22.1   22.4   22.0   23.0   22.7   23.7   24.0   25.0
47119   27.4   26.5   27.5   28.8   29.0   30.7   31.7   27.7   26.5   28.2   28.7   32.0
47121   30.0   26.2   29.4   28.5   30.0   29.3   30.4   28.0   27.7   29.2   31.0   32.7
47127   29.0   26.2   29.1   29.6   29.9   29.9   30.7   28.9   28.6   30.3   31.2   32.5
47129   27.1   24.5   27.0   27.1   28.0   28.9   29.1   27.8   25.4   28.8   27.5   31.4
47130   25.4   19.4   20.5   22.1   23.6   19.3   22.3   21.3   26.2   24.0   24.4   25.9
47131   29.9   26.1   27.8   30.0   29.7   30.2   30.2   29.2   27.3   29.2   30.8   32.4
47133   28.4   25.4   27.5   29.8   28.5   30.1   29.6   27.4   27.3   29.0   30.0   30.7
47135   28.8   26.4   26.8   27.2   28.4   26.9   26.9   25.6   25.1   27.6   27.7   28.7
47136   31.0   25.7   28.0   28.9   29.2   28.7   29.2   29.0   27.4   30.2   31.9   31.3
47137   30.2   27.0   27.3   29.8   28.7   27.3   27.9   26.5   26.9   28.6   29.1   30.0
47138   29.5   25.2   24.9   26.0   26.9   24.3   24.5   24.9   27.2   25.2   27.4   26.3
47140   25.8   23.9   24.5   25.7   28.0   30.2   28.7   26.3   23.7   27.8   29.1   31.2
47143   32.3   27.8   29.0   30.1   28.3   28.2   27.6   27.5   30.6   30.4   31.6   31.3
47146   29.7   24.6   29.3   29.7   30.1   32.0   30.4   29.4   29.4   30.8   31.6   32.6
47152   32.1   25.9   26.1   26.8   26.0   26.5   25.9   26.0   28.3   28.1   30.0   28.8
47155   30.6   24.2   27.6   26.3   25.5   25.5   26.6   26.2   26.1   26.9   28.0   29.2
47156   30.9   25.0   29.4   30.0   29.3   31.4   29.8   29.2   28.5   29.4   30.0   31.6
47159   28.2   23.7   25.2   24.8   25.4   26.3   25.5   25.4   25.6   26.8   26.8   28.1
47162   26.5   23.1   26.0   25.5   24.7   25.7   25.8   25.5   24.4   25.4   26.0   25.6
47165   27.3   21.8   26.6   25.5   26.8   27.9   27.3   27.1   27.7   39.3   28.7   28.5
47168   27.1   21.9   25.3   24.5   23.9   24.3   24.5   24.5   24.3   25.9   26.3   26.3
47169   22.3   17.3   21.7   22.7   22.4   21.7   20.6   22.9   24.0   24.1   24.7   23.9
47170   30.1   21.4   26.6   27.0   25.4   25.3   26.2   27.7   27.5   27.7   28.6   27.7
47172   29.3   22.8   28.1   27.7   27.6   30.0   28.6   28.1   25.7   28.9   31.6   30.5
47174   30.4   21.6   27.4   27.2   25.8   27.8   27.3   27.1   27.2   29.1   28.8   29.1
47175   26.6   20.1   26.1   25.4   23.3   23.5   24.8   25.6   24.6   25.3   27.1   25.1
47184   25.5   19.7   23.0   25.2   26.7   23.5   25.6   23.9   27.2   27.0   28.3   25.3
47185   22.4   18.6   23.7   25.7   25.7   24.7   24.9   26.0   24.4   25.5   26.4   25.4
47188   25.4   19.2   22.4   25.0   24.4   22.5   24.5   22.8   26.1   26.3   27.1   24.0
47189   25.1   19.9   24.6   26.1   25.7   24.6   25.8   25.5   26.3   27.0   27.8   24.8
47192   30.9   23.6   28.5   27.9   26.9   27.7   28.2   28.2   27.8   28.1   29.2   29.1
   96   23.1   21.1   20.5   19.6   19.8   20.7   22.2   21.5   21.6   22.5   23.4   23.8
