2014061512+000HOUR     2014061521LST
STNID     9H    33H    57H    81H   105H   129H   153H   177H   201H   225H   249H   273H
STNID 061606 061706 061806 061906 062006 062106 062206 062306 062406 062506 062606 062706LST
47008   14.4   12.6   12.8   12.0   13.0   14.9   14.0   13.4   15.9   16.0   14.7   12.5
47014   14.4   16.6   16.6   15.8   15.5   16.2   13.7   15.2   14.5   16.5   14.6   13.6
47041   16.4   16.0   13.8   13.7   17.0   17.4   17.7   16.3   19.1   18.2   16.8   17.2
47058   17.8   18.5   19.3   18.4   19.5   20.0   20.4   18.2   18.8   20.5   19.9   19.4
47069   18.9   19.9   19.4   18.2   19.0   20.5   21.2   20.0   19.1   17.0   16.3   17.7
47070   17.1   17.4   18.4   18.2   17.8   19.1   20.0   18.3   17.3   16.9   16.6   18.4
47090   22.1   18.5   16.1   15.8   17.5   17.7   17.6   16.8   16.2   20.7   15.1   17.8
47095   15.5   16.7   15.4   17.6   17.3   17.8   18.2   16.5   18.3   17.7   17.7   18.0
47098   16.1   15.9   16.2   18.5   17.5   18.0   18.8   17.5   19.5   17.8   18.6   18.4
47099   15.6   17.5   16.5   18.3   19.9   19.0   19.0   17.7   18.7   15.9   16.4   17.1
47100   13.8   13.7   11.0   12.6   15.7   13.9   11.2   13.3   13.1   13.5   13.5   12.9
47101   17.0   17.3   15.8   18.1   18.2   19.7   19.0   17.0   19.2   18.4   19.2   19.0
47102   17.0   16.3   14.8   15.5   15.9   17.0   17.9   16.5   17.3   17.1   15.9   16.5
47104   21.3   18.2   15.4   15.1   18.1   18.1   17.7   15.9   18.1   20.5   18.7   20.3
47105   24.1   19.3   15.8   15.7   18.9   19.0   17.8   16.7   17.7   22.2   20.2   21.9
47106   21.9   18.4   15.1   15.1   17.7   16.8   16.4   15.4   14.8   20.3   20.1   21.1
47108   18.9   19.4   19.8   20.1   18.1   20.9   21.1   18.2   22.8   19.8   20.1   18.5
47112   16.9   17.5   20.4   17.5   18.7   20.4   20.4   20.6   20.2   20.4   20.3   20.8
47114   16.6   17.6   17.4   19.0   17.8   18.6   19.9   17.5   17.5   16.0   17.9   18.9
47115   20.9   18.7   14.3   12.3   13.7   17.2   17.1   15.0   12.7   17.3   18.5   17.4
47119   16.4   17.2   19.3   17.4   19.3   19.8   19.5   19.7   20.1   19.8   20.0   20.4
47121   15.3   15.6   14.3   16.4   18.1   16.6   16.5   16.0   15.5   16.6   17.3   17.9
47127   15.7   17.1   16.4   18.2   17.4   18.2   19.4   16.0   19.1   15.4   17.0   18.0
47129   16.1   17.3   16.9   15.8   17.5   18.6   18.0   20.2   18.6   18.9   18.3   20.1
47130   20.0   18.5   15.1   15.1   16.7   17.0   16.4   15.7   14.7   20.1   18.2   19.0
47131   18.2   19.9   19.4   19.2   17.9   21.1   20.4   19.6   19.9   20.4   20.4   20.7
47133   18.2   19.8   19.0   19.7   17.2   20.5   20.5   18.0   20.0   20.5   20.5   20.8
47135   15.8   17.7   15.7   16.6   16.5   16.8   18.1   16.7   16.3   18.6   17.1   17.6
47136   17.5   18.2   16.9   17.0   18.5   18.6   17.6   17.7   16.9   18.6   16.8   18.5
47137   18.0   18.2   17.2   17.2   18.0   18.8   18.4   17.6   17.5   19.5   19.2   19.1
47138   22.6   21.6   18.0   17.8   18.7   19.9   19.0   16.7   16.6   22.6   20.6   21.8
47140   16.6   17.4   18.0   16.2   18.5   19.9   20.5   19.4   18.9   17.4   16.4   17.9
47143   20.8   21.5   18.3   18.5   19.8   20.5   19.6   18.3   19.2   22.0   20.9   21.4
47146   17.8   18.5   19.1   17.9   16.4   20.9   20.2   18.4   19.4   19.5   18.7   21.4
47152   19.7   18.3   16.0   17.3   18.9   18.3   17.8   18.1   18.1   21.4   20.4   19.7
47155   17.8   19.4   18.5   17.7   19.0   19.9   20.5   18.4   18.1   20.7   19.3   21.3
47156   19.2   19.0   19.4   19.0   18.6   20.7   21.0   18.9   19.7   20.7   19.8   22.0
47159   19.5   19.6   19.9   17.6   19.2   20.4   19.6   18.9   19.8   21.4   21.0   21.7
47162   17.7   18.6   17.3   17.4   17.3   19.4   19.1   18.5   18.2   19.3   19.2   20.6
47165   17.8   17.8   18.8   17.0   17.5   19.7   19.0   19.3   19.9   19.5   20.0   21.5
47168   19.5   19.3   18.4   18.5   20.0   20.5   19.9   19.8   19.8   20.4   20.7   22.5
47169   17.1   16.0   18.5   18.9   16.5   17.5   18.7   17.8   19.4   17.4   16.6   17.6
47170   17.3   18.0   17.8   16.6   17.8   18.5   18.8   19.1   19.6   19.2   19.0   20.9
47172   16.5   15.9   17.3   17.3   16.9   19.4   18.4   18.9   17.1   18.1   17.9   20.8
47174   14.9   16.4   15.7   15.8   16.5   18.3   17.6   16.1   16.2   18.1   14.3   19.8
47175   16.6   16.1   16.2   15.9   16.7   16.2   16.4   16.4   18.4   18.3   18.0   19.1
47184   18.8   17.4   17.5   17.7   19.1   19.7   19.8   20.1   20.1   21.9   21.4   20.1
47185   19.3   17.5   17.1   19.2   20.5   20.2   19.6   16.9   20.4   18.5   18.6   20.6
47188   18.0   17.6   15.7   17.0   18.7   20.4   20.2   21.4   20.3   19.3   20.7   18.7
47189   20.3   18.2   17.7   19.1   20.3   20.3   21.0   21.6   20.8   19.9   22.1   20.5
47192   16.2   18.4   15.2   16.9   17.0   17.2   18.3   18.6   17.0   19.5   17.6   19.4
   96   20.0   19.5   14.8   16.6   18.0   15.5   16.0   15.1   14.7   17.4   17.9   17.7
