2014061512+000HOUR     2014061521LST
STNID    18H    42H    66H    90H   114H   138H   162H   186H   210H   234H   258H   282H
STNID 061615 061715 061815 061915 062015 062115 062215 062315 062415 062515 062615 062715LST
47008   16.3   12.9   12.0   17.0   14.9   17.2   19.0   18.2   20.5   22.4   22.3   20.6
47014   25.9   26.9   21.4   25.6   23.5   22.9   22.4   21.3   24.2   24.6   23.9   27.4
47041   23.3   15.5   17.3   18.0   18.5   22.6   21.7   22.7   30.1   31.4   32.5   27.9
47058   29.5   30.3   26.3   26.3   27.2   27.6   27.4   27.4   27.8   30.7   30.4   29.8
47069   26.2   25.2   28.8   25.5   23.9   26.8   26.3   27.2   27.6   29.7   28.7   30.3
47070   25.8   26.5   28.4   25.7   26.2   27.8   25.5   26.5   30.0   28.1   27.7   30.5
47090   25.1   20.7   21.0   22.4   20.6   21.7   22.2   20.8   24.4   27.7   29.4   25.0
47095   28.1   29.6   27.4   28.1   28.6   25.9   26.6   26.4   29.5   29.8   29.3   30.3
47098   28.9   29.6   29.4   29.8   29.0   28.5   26.2   28.8   31.1   31.5   30.3   34.2
47099   28.0   29.0   29.8   28.4   28.6   29.9   27.6   29.6   29.0   31.4   30.7   34.3
47100   25.0   20.8   22.0   23.4   21.7   19.2   19.6   19.4   23.3   24.3   25.8   23.8
47101   28.4   29.2   28.0   29.5   27.9   28.3   25.1   25.6   29.0   30.6   30.9   32.3
47102   22.6   22.6   21.7   21.0   22.9   24.3   22.0   21.0   23.0   25.3   23.6   23.2
47104   27.8   20.1   22.1   23.6   22.0   20.0   22.6   19.8   26.4   27.4   28.5   25.5
47105   28.6   20.8   23.2   24.4   22.2   19.3   23.8   22.2   26.6   28.5   30.3   28.0
47106   25.1   19.8   20.5   22.2   20.9   21.1   22.8   22.9   23.4   27.5   27.3   26.2
47108   28.1   27.6   28.2   28.0   29.0   29.0   26.3   28.7   30.4   29.6   30.2   33.1
47112   24.6   24.5   25.8   23.5   26.6   26.3   24.6   26.4   28.1   25.8   26.5   29.5
47114   27.7   28.8   29.2   30.1   27.6   30.3   28.1   26.4   28.9   29.1   29.6   33.3
47115   24.1   21.2   20.3   20.0   21.8   22.5   23.0   22.9   24.1   24.1   25.4   23.9
47119   27.6   27.6   28.6   27.3   28.6   28.4   27.2   25.6   28.7   27.8   28.1   30.9
47121   27.7   29.1   30.2   30.1   28.2   27.9   26.2   25.6   28.6   29.6   31.1   33.5
47127   27.4   28.3   28.7   29.3   28.4   27.7   28.6   26.9   28.7   28.2   28.8   32.1
47129   26.5   25.7   25.9   27.3   28.7   27.1   25.5   25.0   27.6   26.1   26.8   27.9
47130   24.7   20.2   21.3   22.7   22.1   18.0   22.9   20.1   25.3   26.3   28.1   25.8
47131   28.9   28.6   28.7   29.7   29.4   26.5   26.4   27.0   28.1   29.0   30.5   31.9
47133   28.2   27.0   28.6   29.7   28.5   25.6   26.1   25.9   27.8   30.0   29.7   31.3
47135   28.1   26.2   28.5   29.0   28.8   21.4   23.9   23.7   25.7   28.8   29.6   27.5
47136   29.6   28.1   29.6   30.8   29.9   24.5   27.0   24.5   29.5   29.1   29.9   31.1
47137   28.8   27.0   28.4   30.4   28.6   24.5   26.7   23.9   27.4   29.2   30.0   29.9
47138   29.2   23.7   23.4   30.0   27.8   19.3   25.2   28.0   28.3   31.3   31.6   25.6
47140   25.9   25.0   25.6   25.6   29.1   25.2   25.0   23.3   24.8   27.5   28.2   29.8
47143   31.6   27.7   29.7   32.1   29.2   25.0   27.5   24.2   30.7   31.4   30.5   31.6
47146   30.2   27.8   30.4   30.6   29.7   26.1   27.5   25.8   28.6   30.9   29.4   30.4
47152   31.5   24.0   26.4   29.8   27.1   21.7   23.9   23.4   28.0   29.2   29.4   25.2
47155   29.9   24.4   27.3   28.8   25.0   21.2   25.4   21.9   28.7   28.2   26.0   24.2
47156   29.8   25.1   30.2   31.1   28.1   26.6   27.6   25.0   28.8   32.1   27.9   28.7
47159   26.7   22.0   25.4   24.8   26.1   20.1   24.2   22.8   26.7   28.1   26.1   23.3
47162   26.3   23.1   25.9   25.3   25.4   20.6   22.1   22.2   24.2   25.6   21.3   23.7
47165   26.7   23.2   26.6   27.0   26.1   23.0   24.9   22.6   26.4   28.5   24.8   26.0
47168   26.3   22.3   25.9   23.6   21.6   21.7   25.3   21.4   26.3   26.8   23.2   24.6
47169   21.6   20.3   22.2   22.7   20.0   21.1   23.7   20.9   24.6   25.4   21.0   25.0
47170   27.7   24.8   27.7   28.5   24.7   25.1   26.1   25.8   26.7   28.6   24.4   26.3
47172   28.9   25.4   28.8   27.4   26.7   25.3   25.3   23.6   25.7   27.6   24.9   28.5
47174   29.6   24.9   29.2   29.3   25.2   24.2   28.0   23.9   29.3   28.8   23.9   25.2
47175   26.0   22.0   26.5   26.3   20.7   23.3   24.4   21.7   24.5   26.6   21.7   24.3
47184   24.3   19.7   24.9   25.5   25.3   23.1   24.5   23.5   25.4   26.3   21.9   23.8
47185   22.1   21.0   23.7   24.0   23.5   19.8   23.1   23.7   23.3   23.3   22.0   21.9
47188   25.0   21.6   23.6   25.2   22.2   22.4   25.8   20.6   26.4   23.4   17.5   22.2
47189   24.5   22.5   25.6   25.1   23.2   22.6   25.1   24.8   24.6   24.2   21.2   22.8
47192   30.4   26.2   28.6   29.6   27.2   22.8   27.8   23.4   28.7   29.3   26.9   25.6
   96   21.4   22.0   20.8   17.9   18.6   19.6   18.8   18.9   20.4   22.2   22.7   20.7
