2014061512+000HOUR     2014061521LST
STNID     9H    33H    57H    81H   105H   129H   153H   177H   201H   225H   249H   273H
STNID 061606 061706 061806 061906 062006 062106 062206 062306 062406 062506 062606 062706LST
47008   14.6   12.6   12.3   11.6   12.4   13.7   13.3   13.5   14.8   14.9   14.9   14.5
47014   15.5   16.8   16.4   16.0   16.3   15.9   15.4   15.5   15.8   15.8   15.8   15.7
47041   17.4   15.5   14.7   15.3   16.7   15.5   16.5   16.0   17.5   17.6   18.1   17.9
47058   17.9   18.6   19.1   18.4   19.4   19.6   18.4   18.9   18.7   19.4   19.6   19.6
47069   18.7   19.8   19.7   18.9   19.1   20.3   19.1   18.9   17.9   18.0   18.3   18.9
47070   17.5   17.9   18.7   18.6   18.4   18.7   18.4   17.9   16.8   17.7   18.1   19.1
47090   21.7   16.7   16.5   16.3   17.7   17.3   17.1   16.8   17.9   18.0   17.9   18.2
47095   16.2   17.7   16.7   17.9   17.8   17.5   17.0   16.6   17.5   17.8   18.1   18.3
47098   16.6   17.2   17.5   18.9   18.3   18.3   18.1   17.0   17.8   17.7   18.2   18.8
47099   16.0   17.2   17.9   18.5   18.7   19.2   18.3   17.7   18.1   16.9   17.2   18.7
47100   14.5   14.1   12.2   13.7   14.3   11.8   12.3   12.9   13.4   13.8   14.2   14.4
47101   17.3   18.8   17.6   18.8   18.7   18.5   18.1   17.7   18.2   18.5   19.0   19.2
47102   15.7   16.2   15.5   15.5   15.9   17.1   14.5   15.4   15.3   16.1   16.2   16.4
47104   21.4   17.3   15.9   16.3   17.5   16.9   16.9   16.4   18.7   18.7   18.6   18.6
47105   24.2   17.9   16.3   17.2   18.6   17.7   16.7   17.7   19.3   20.2   19.9   19.9
47106   22.0   17.5   16.0   16.6   17.4   16.2   16.6   16.5   17.5   19.1   18.9   19.1
47108   18.8   19.6   19.3   20.0   19.5   20.3   19.0   18.1   20.0   19.2   19.7   19.9
47112   17.2   17.8   18.3   18.5   19.6   20.1   18.6   18.9   17.8   19.5   20.1   20.3
47114   17.2   18.7   18.1   18.9   18.8   18.9   18.8   18.2   16.5   17.5   17.9   18.7
47115   20.6   18.4   15.4   14.8   15.4   17.2   16.9   17.3   15.9   17.2   17.5   17.9
47119   16.6   17.8   18.7   18.3   19.7   19.8   19.2   19.0   18.9   19.5   19.9   20.4
47121   15.7   17.3   16.1   17.3   17.6   17.6   17.6   17.1   16.7   17.3   18.0   18.0
47127   16.5   18.1   17.7   18.5   18.4   18.8   19.0   18.1   18.4   16.6   17.3   17.9
47129   16.1   17.1   16.3   16.2   17.9   18.8   17.6   18.1   18.5   18.4   18.9   19.2
47130   20.8   17.9   15.7   16.0   16.7   16.3   16.3   16.1   16.9   18.1   17.8   17.8
47131   18.7   20.2   18.9   19.4   20.0   19.9   19.8   19.7   19.5   20.1   20.4   20.7
47133   18.2   20.1   18.6   19.4   19.8   18.6   19.8   19.3   19.4   20.0   20.4   20.5
47135   16.9   18.0   16.1   17.3   17.5   17.6   17.4   17.1   17.1   17.5   17.8   18.0
47136   17.8   19.1   17.3   17.9   19.0   18.3   17.5   17.5   18.0   18.3   18.5   18.7
47137   18.5   18.7   17.3   18.2   18.7   18.2   17.7   17.8   17.8   18.8   19.0   19.3
47138   22.7   20.7   18.5   19.0   19.8   18.2   18.7   18.6   19.8   20.3   20.4   20.7
47140   17.1   17.7   17.8   17.6   19.2   19.0   18.9   18.9   19.0   18.2   17.8   18.6
47143   21.0   22.3   18.7   19.6   20.6   19.7   19.1   18.7   19.6   20.5   20.9   21.0
47146   17.8   19.2   18.2   18.7   19.2   18.8   19.6   19.4   19.5   19.9   19.8   20.2
47152   20.3   19.5   16.8   17.8   19.0   18.0   17.7   18.2   18.9   19.6   20.0   20.0
47155   18.0   20.4   18.4   18.6   18.8   20.1   19.6   18.8   19.1   19.8   20.0   20.1
47156   18.8   19.6   18.6   19.4   20.4   20.5   20.2   19.4   19.6   20.2   20.4   20.7
47159   19.9   20.5   19.1   18.8   19.7   19.5   19.5   18.9   19.6   20.5   20.7   20.8
47162   17.8   19.1   17.1   17.7   17.5   18.8   18.7   18.2   18.6   19.1   19.3   19.5
47165   18.3   18.3   17.1   17.8   18.2   20.1   19.8   18.9   19.3   19.9   19.9   20.2
47168   19.8   20.1   18.7   19.2   19.8   20.1   19.7   19.4   19.9   20.5   20.7   20.8
47169   17.4   17.0   17.0   18.2   17.0   18.0   18.0   16.9   18.8   17.6   17.6   18.0
47170   18.3   18.6   17.6   17.6   18.3   20.8   20.2   19.3   19.4   19.8   19.8   19.9
47172   17.1   17.2   16.6   17.4   18.5   19.8   18.8   17.8   17.9   18.6   18.7   19.1
47174   14.5   17.5   15.5   16.6   17.3   18.0   17.7   16.8   16.1   16.5   17.0   17.2
47175   17.4   16.7   14.7   16.0   16.8   16.6   17.2   16.8   17.6   18.0   18.3   18.1
47184   19.3   18.5   17.3   18.0   19.8   20.8   20.5   20.7   21.1   21.5   21.7   21.3
47185   19.6   17.8   17.6   18.7   20.0   20.4   19.9   19.8   20.5   18.8   19.2   19.7
47188   19.0   18.5   17.3   17.3   18.9   20.4   20.2   20.2   20.3   20.4   20.3   20.2
47189   20.6   18.5   17.8   19.0   21.4   20.5   21.0   21.1   21.4   21.3   21.5   21.4
47192   16.0   18.7   16.4   17.4   17.6   18.6   18.8   18.1   18.0   18.3   18.7   18.7
   96   19.7   19.4   17.0   17.6   18.2   17.3   16.7   16.0   17.1   18.1   18.5   18.6
