2014061600+000HOUR     2014061609LST
STNID    21H    45H    69H    93H   117H   141H   165H   189H   213H   237H   261H   285H
STNID 061706 061806 061906 062006 062106 062206 062306 062406 062506 062606 062706 062806LST
47008   12.1   12.1   13.8   10.2   10.9   11.6   16.0   19.5   14.3   14.4   13.4   14.3
47014   16.7   17.3   16.7   16.7   16.7   13.7   13.9   15.9   15.3   16.1   16.4   17.0
47041   16.9   15.8   15.0   16.7   15.4   12.6   16.5   17.9   18.7   18.8   18.8   18.9
47058   20.2   19.7   17.4   19.0   19.0   17.4   17.3   18.9   19.0   19.0   19.1   20.1
47069   19.1   20.4   18.8   17.4   18.8   18.8   19.6   19.5   18.1   19.0   19.5   19.2
47070   19.1   19.7   18.1   18.9   16.0   17.0   18.2   16.6   17.3   19.0   19.3   19.0
47090   18.8   16.3   15.9   19.1   16.4   16.6   16.3   19.4   19.4   16.7   15.1   18.1
47095   18.3   16.9   17.4   17.3   15.7   15.4   15.6   15.1   17.1   18.6   18.8   18.7
47098   18.6   17.5   17.9   18.1   16.8   15.8   16.8   15.9   17.1   18.1   19.6   19.3
47099   18.2   18.5   18.4   17.4   14.3   17.0   17.1   17.6   18.1   17.7   18.9   17.9
47100   14.2   11.2   13.0   13.1    8.9   10.7   12.3   13.6   13.7   12.7   13.1   14.6
47101   19.1   17.4   18.7   17.3   16.8   16.3   16.0   17.9   18.0   18.2   20.4   18.5
47102   15.6   14.0   13.9   14.8   11.9   15.1   14.2   14.8   15.6   15.2   15.6   16.6
47104   18.6   15.7   15.8   19.7   15.6   15.7   14.2   20.7   20.4   18.5   16.5   17.9
47105   19.6   16.6   16.4   21.8   17.7   16.3   15.5   22.3   20.2   19.1   18.3   18.7
47106   19.5   16.9   17.1   19.8   16.8   16.2   15.3   20.3   20.1   18.7   17.4   18.2
47108   21.3   18.9   19.8   19.8   18.1   20.0   20.1   19.3   19.5   19.5   21.7   21.1
47112   18.3   19.0   18.5   17.8   18.5   19.8   18.3   20.8   18.4   20.4   21.0   22.3
47114   18.7   18.1   18.6   17.9   17.7   17.5   18.4   16.8   14.8   17.7   18.2   20.1
47115   20.7   16.6   15.8   18.9   13.7   15.0   15.6   19.1   18.7   18.6   18.3   16.9
47119   18.7   18.6   17.6   18.5   18.1   21.2   16.6   18.2   19.5   19.3   20.8   21.9
47121   17.2   17.0   17.2   15.7   16.3   17.2   14.3   17.0   16.2   16.2   17.9   18.3
47127   18.0   18.1   17.7   17.4   18.2   19.3   17.1   17.0   18.3   17.3   17.1   19.0
47129   17.0   16.3   15.2   18.3   17.7   18.3   17.0   17.6   19.4   18.9   18.9   20.1
47130   19.5   16.1   16.7   17.9   15.0   16.0   15.9   18.4   18.4   16.8   16.9   17.1
47131   20.3   17.6   18.6   20.4   17.9   18.8   18.5   19.4   19.0   20.2   21.1   22.2
47133   19.9   18.0   18.8   19.8   18.8   18.5   19.1   19.3   18.7   20.4   21.6   22.0
47135   17.9   16.5   17.0   17.2   18.7   16.0   14.8   16.9   17.0   17.2   16.7   19.1
47136   20.2   17.6   17.0   17.7   16.8   17.1   14.1   18.6   17.6   17.6   17.6   17.8
47137   20.0   16.9   18.1   18.7   18.1   16.7   14.0   18.1   18.1   18.1   18.8   20.1
47138   23.5   17.9   18.3   23.1   16.9   17.2   19.3   21.6   20.5   20.0   19.7   20.4
47140   17.4   16.0   16.9   16.2   18.6   17.5   18.6   19.2   20.4   18.3   17.0   17.6
47143   22.7   17.4   18.3   20.8   18.5   17.1   16.3   20.9   19.6   19.8   20.9   21.8
47146   18.8   18.1   18.1   20.5   19.2   17.2   17.9   18.2   19.3   20.0   20.7   21.8
47152   20.6   15.4   17.0   20.1   18.8   17.5   15.0   19.2   19.7   19.3   19.4   20.0
47155   19.0   17.6   17.7   20.3   19.9   18.8   17.7   20.3   20.4   17.1   19.9   20.4
47156   20.0   17.5   18.7   20.8   19.2   18.9   18.5   20.4   20.6   20.6   20.9   22.3
47159   20.1   16.4   19.3   19.8   19.8   18.8   17.7   20.1   20.2   18.8   20.4   21.4
47162   19.0   18.3   16.0   17.5   18.6   18.3   15.8   19.3   19.1   17.9   19.5   20.2
47165   18.4   17.0   16.0   18.4   18.1   18.3   18.9   19.3   20.0   19.1   20.9   18.9
47168   19.8   18.2   18.7   19.7   20.6   19.7   18.3   19.5   20.4   20.0   20.7   22.0
47169   15.5   13.7   14.6   17.9   15.3   15.4   18.0   16.0   19.0   16.8   16.2   17.5
47170   17.7   16.1   17.9   17.4   19.9   18.2   17.4   18.5   20.3   18.0   20.7   20.9
47172   17.7   15.7   17.0   18.5   17.7   17.0   16.4   16.0   19.3   16.8   19.7   21.5
47174   19.1   16.8   16.6   17.0   16.9   16.7   15.4   16.1   18.0   17.7   17.3   19.3
47175   15.7   12.5   15.1   15.8   15.9   14.7   16.4   18.4   18.2   16.5   18.8   19.2
47184   17.2   18.0   17.0   18.7   20.7   18.2   18.2   21.1   20.7   18.5   21.8   21.5
47185   16.9   16.1   18.7   20.4   20.1   18.3   18.9   20.4   20.9   17.9   18.3   19.5
47188   17.2   18.4   15.9   17.2   19.9   19.3   20.3   19.4   18.5   19.7   22.0   21.9
47189   17.7   18.1   17.3   18.7   19.5   19.0   20.7   21.9   20.5   20.6   23.6   22.2
47192   18.3   16.6   15.7   18.0   19.2   16.6   15.8   18.0   19.6   19.2   17.9   18.2
   96   21.1   18.8   16.7   19.5   19.4   14.9   15.3   18.1   18.9   19.6   19.1   18.8
