2014061600+000HOUR     2014061609LST
STNID    21H    45H    69H    93H   117H   141H   165H   189H   213H   237H   261H   285H
STNID 061706 061806 061906 062006 062106 062206 062306 062406 062506 062606 062706 062806LST
47008   12.4   12.4   12.6   12.0    9.9   11.5   13.3   16.2   14.8   15.2   13.5   13.9
47014   15.5   16.5   15.4   17.0   16.2   14.2   14.3   16.8   15.1   15.8   15.3   15.9
47041   16.7   15.5   15.5   15.1   15.6   14.1   16.3   17.2   18.5   17.3   16.8   17.2
47058   19.3   17.8   17.4   19.2   18.7   16.8   17.7   18.9   20.8   19.6   19.2   19.1
47069   20.1   19.6   17.5   17.2   20.4   18.0   18.9   18.5   17.4   19.1   19.8   19.2
47070   18.5   18.4   17.4   18.4   17.9   15.8   16.7   18.4   16.2   18.2   17.9   18.0
47090   18.6   17.4   17.0   16.6   16.0   16.5   17.4   17.9   19.4   17.0   16.9   16.9
47095   18.2   17.6   17.0   18.6   18.7   14.7   15.8   15.8   18.5   16.8   17.6   17.6
47098   17.7   17.3   17.5   18.5   18.3   13.9   15.9   16.8   17.9   18.8   18.2   17.9
47099   17.8   16.9   17.6   18.3   17.8   15.0   16.5   17.4   19.5   18.0   17.1   16.4
47100   14.7   12.5   13.0   15.6   11.3   13.2   13.4   11.0   12.7   12.4   13.9   14.0
47101   19.5   18.2   17.3   19.7   17.3   16.7   16.3   18.0   18.3   18.3   18.7   18.8
47102   16.8   16.0   16.9   14.6   13.3   13.5   15.1   16.1   17.0   15.4   16.7   16.3
47104   18.7   16.5   15.3   17.1   15.5   16.3   16.6   16.4   18.7   18.0   17.0   17.7
47105   19.1   16.9   16.7   17.7   17.4   16.8   17.5   20.5   20.3   18.8   17.5   17.8
47106   19.2   16.7   18.9   17.3   16.3   18.7   17.5   18.0   20.4   19.0   19.4   18.5
47108   19.8   19.0   18.2   20.1   19.0   17.7   17.8   18.4   18.2   19.5   20.1   19.6
47112   18.4   17.4   17.5   17.8   18.2   17.4   18.0   18.7   17.6   19.7   21.6   21.7
47114   18.3   19.5   17.9   18.8   19.5   17.0   17.6   18.7   18.6   16.2   17.7   17.9
47115   19.4   18.2   18.7   16.6   14.7   19.2   16.9   17.1   17.1   17.4   17.9   17.3
47119   19.0   16.9   16.2   18.7   17.4   18.1   17.5   18.0   19.5   19.1   20.6   20.2
47121   15.5   17.6   16.1   18.3   17.4   19.0   16.1   16.6   17.7   17.1   18.2   18.5
47127   17.4   18.6   16.8   17.1   19.1   17.8   18.2   18.4   19.3   16.7   17.4   17.8
47129   16.3   15.8   16.0   17.2   20.3   17.3   15.6   17.3   19.2   18.5   18.7   19.0
47130   19.5   15.9   16.9   17.0   14.1   16.9   17.3   16.5   19.1   16.0   16.7   16.5
47131   20.0   18.3   18.4   19.6   19.3   19.1   18.7   18.9   20.1   19.8   20.7   20.3
47133   19.6   18.4   18.5   19.7   19.1   18.6   18.6   19.4   19.6   19.8   20.4   20.2
47135   17.8   17.1   16.8   16.8   19.6   18.2   15.9   16.4   18.1   16.7   18.8   17.6
47136   19.0   17.1   18.6   18.9   18.4   18.8   16.1   18.2   18.3   17.6   19.2   18.8
47137   19.8   17.7   18.5   19.2   17.7   19.2   15.8   18.0   18.4   18.6   19.5   19.1
47138   22.8   18.7   20.5   19.5   17.5   22.0   20.3   20.6   21.0   19.5   18.2   19.1
47140   17.8   16.4   17.3   17.9   20.7   16.3   16.4   19.3   20.2   19.5   18.5   18.8
47143   22.6   19.7   21.7   20.4   18.7   20.9   16.9   19.8   21.0   18.9   18.9   19.4
47146   19.0   17.8   18.7   20.4   22.1   16.7   17.2   18.8   19.5   20.2   20.5   19.5
47152   21.1   17.0   18.9   19.7   20.0   19.7   16.2   17.6   19.4   18.5   17.6   17.8
47155   19.6   18.1   20.4   20.5   20.3   18.9   18.8   19.4   19.7   19.6   19.4   20.4
47156   19.7   18.4   19.6   21.4   22.5   17.0   18.7   19.8   20.3   19.7   19.6   20.5
47159   20.6   19.0   20.7   20.0   20.0   19.5   18.5   19.8   20.7   19.3   20.0   20.0
47162   19.3   17.5   18.3   18.5   21.1   18.2   17.2   18.6   18.8   19.0   19.8   19.6
47165   18.4   17.7   16.6   19.2   20.1   17.8   17.0   18.2   19.8   20.5   19.6   20.4
47168   20.3   18.5   20.4   19.8   21.1   18.9   19.1   19.8   19.7   19.8   21.0   20.4
47169   16.4   16.1   15.8   18.8   18.0   14.9   17.2   16.8   18.9   16.9   17.5   18.3
47170   17.9   16.1   19.2   18.3   22.1   16.8   16.7   19.7   20.2   20.1   19.2   19.9
47172   18.4   16.4   18.1   19.3   21.9   15.9   15.4   15.8   18.7   17.7   19.9   19.6
47174   18.1   14.7   17.7   18.0   20.4   15.3   14.4   15.1   16.8   14.7   16.1   17.2
47175   15.7   15.1   16.1   17.0   17.4   12.6   14.1   18.0   17.6   17.4   16.4   18.0
47184   17.5   19.1   17.9   20.1   21.3   18.3   17.5   21.0   21.8   21.8   20.7   21.7
47185   17.4   16.8   19.3   20.7   19.2   18.9   18.0   21.6   21.1   20.7   18.8   19.2
47188   18.5   19.1   16.3   19.6   20.0   19.4   19.9   20.9   19.3   21.2   20.9   21.5
47189   17.9   18.9   17.9   20.7   19.7   19.5   19.7   21.8   21.2   21.9   22.3   22.3
47192   18.9   15.3   18.9   19.1   20.1   19.6   15.6   16.3   17.6   19.4   18.7   18.3
   96   19.7   19.9   17.5   18.5   22.2   18.6   14.6   17.2   18.2   18.7   19.3   18.7
