2014061512+000HOUR     2014061521LST
STNID    18H    42H    66H    90H   114H   138H   162H   186H   210H   234H   258H   282H
STNID 061615 061715 061815 061915 062015 062115 062215 062315 062415 062515 062615 062715LST
47008   18.7   12.1   12.6   11.3   15.2   16.2   16.6   21.7   21.8   18.1   19.5   19.8
47014   25.9   23.5   23.8   21.9   20.5   22.0   23.0   24.7   26.9   25.5   26.3   25.6
47041   26.1   16.2   15.4   21.0   18.2   19.3   20.1   26.5   28.1   26.6   26.2   27.0
47058   30.2   29.6   26.1   25.3   24.8   27.2   24.8   27.5   29.2   29.7   29.3   26.3
47069   28.6   27.0   25.7   24.9   24.1   27.0   24.9   29.6   29.7   29.1   28.7   25.4
47070   28.0   28.1   26.6   26.2   26.6   27.0   24.4   26.0   31.7   31.3   29.6   29.0
47090   27.4   23.6   20.1   22.2   23.6   20.8   20.3   21.3   25.9   26.2   23.8   25.5
47095   29.1   30.9   26.2   26.1   27.4   28.2   21.8   25.9   31.0   31.2   31.4   31.2
47098   30.6   31.5   28.8   28.0   29.3   28.8   25.0   28.8   33.3   33.6   33.1   32.7
47099   30.3   30.8   29.6   28.4   29.1   28.8   27.2   28.4   33.6   31.6   31.2   30.9
47100   26.1   22.4   17.9   22.0   22.6   19.4   17.6   18.5   23.1   25.1   23.8   27.5
47101   30.2   30.5   26.5   27.9   28.2   27.3   25.5   26.8   31.1   31.8   31.9   32.1
47102   22.8   23.9   22.7   18.3   22.7   23.7   21.0   22.3   26.1   26.7   23.7   23.2
47104   29.1   22.4   20.0   25.2   24.6   22.5   22.1   23.5   28.0   26.6   25.2   27.8
47105   30.0   23.7   20.6   25.9   25.7   23.0   22.7   24.3   28.7   27.3   25.4   29.3
47106   26.9   22.3   20.3   26.9   23.5   21.2   20.7   24.7   24.7   25.8   25.2   27.8
47108   28.9   29.2   28.3   27.7   27.2   27.2   28.0   28.0   31.7   31.0   32.0   30.6
47112   25.1   25.1   25.9   24.8   24.7   23.3   26.6   15.1   27.6   26.4   26.5   25.4
47114   29.6   29.8   28.6   28.9   28.6   25.2   28.5   25.7   30.3   31.4   31.2   31.5
47115   25.7   22.9   18.3   19.6   22.6   23.2   21.5   20.8   22.4   22.8   22.0   23.1
47119   27.9   27.9   28.0   27.9   26.8   26.5   28.3   26.3   29.8   29.7   29.8   29.2
47121   29.6   30.4   29.4   29.4   29.4   27.7   26.6   25.8   30.4   30.6   31.5   32.2
47127   29.0   29.5   29.3   28.2   28.9   27.1   28.6   27.9   30.5   30.6   30.6   30.0
47129   26.2   24.9   25.7   27.2   27.3   23.8   26.6   24.8   26.5   27.3   27.5   26.8
47130   25.2   21.9   20.8   22.6   24.7   20.7   22.5   22.1   24.7   24.7   23.8   25.9
47131   29.3   29.1   28.6   28.6   30.3   25.3   28.1   27.4   29.5   29.5   29.6   30.0
47133   28.5   28.0   28.1   28.9   29.0   25.5   27.0   25.8   28.3   29.3   29.7   29.5
47135   28.6   27.0   25.6   27.1   28.2   22.1   25.0   25.5   27.1   28.7   28.7   29.9
47136   29.8   30.0   28.4   28.3   29.9   25.1   28.7   27.7   30.3   30.0   29.3   29.1
47137   29.9   28.4   27.8   28.7   28.8   24.9   29.1   27.4   28.2   29.7   29.8   29.9
47138   28.7   27.0   23.5   26.8   29.7   23.9   24.9   23.9   25.2   25.8   25.7   27.1
47140   25.9   25.5   26.0   25.7   27.8   23.3   26.7   25.0   26.4   27.7   27.1   27.8
47143   31.4   29.8   28.5   29.3   30.9   25.4   26.6   26.9   28.5   30.0   30.2   30.1
47146   30.0   28.8   30.5   30.2   31.2   26.2   29.1   27.9   30.1   31.2   31.4   31.1
47152   31.0   27.3   26.2   27.1   28.8   22.6   22.3   24.3   27.1   27.8   28.1   28.3
47155   30.6   26.9   27.1   25.9   26.3   22.4   25.1   25.0   26.2   26.9   26.2   27.0
47156   30.3   26.7   31.3   29.8   30.5   24.1   27.9   27.9   28.4   30.0   30.7   30.0
47159   27.8   25.4   25.6   24.7   26.1   20.6   23.8   24.1   25.1   27.0   25.9   26.8
47162   26.2   24.4   25.7   25.4   25.3   22.2   24.1   23.3   23.5   25.7   25.2   24.9
47165   26.9   23.5   26.4   26.3   26.9   24.1   23.4   23.2   45.9   42.7   30.0   25.6
47168   27.3   23.6   25.7   23.8   23.5   20.8   23.8   22.6   23.3   24.6   24.9   24.0
47169   22.1   20.9   21.5   23.0   21.3   20.1   20.1   21.7   24.5   24.0   24.1   24.0
47170   29.4   24.9   28.6   26.8   26.5   22.0   24.2   26.0   26.2   26.7   27.1   25.4
47172   29.5   27.7   28.3   26.9   28.4   24.0   27.4   25.1   26.4   27.9   28.2   27.0
47174   30.1   27.7   28.4   27.0   27.5   22.2   24.7   25.1   24.6   27.6   27.3   27.3
47175   26.9   23.0   26.1   25.6   23.3   20.1   23.3   23.6   24.6   25.7   26.2   23.5
47184   24.6   20.8   23.9   26.3   26.5   25.3   19.6   25.3   26.5   27.5   28.0   26.4
47185   22.7   20.4   23.2   25.4   24.1   22.8   21.4   24.6   22.2   23.7   25.6   24.6
47188   25.4   22.1   23.3   25.5   24.6   22.8   22.3   24.1   25.1   23.0   25.0   23.9
47189   25.1   21.7   24.9   25.9   24.5   24.7   23.5   25.2   25.6   25.4   26.5   24.2
47192   30.8   28.1   28.2   27.3   28.6   21.4   27.3   24.2   25.9   27.8   27.8   27.9
   96   23.0   21.8   20.6   18.9   19.7   21.9   19.7   18.3   19.2   22.2   21.5   22.8
