2014061600+000HOUR     2014061609LST
STNID     6H    30H    54H    78H   102H   126H   150H   174H   198H   222H   246H   270H
STNID 061615 061715 061815 061915 062015 062115 062215 062315 062415 062515 062615 062715LST
47008   17.6   13.7   13.3   14.5   16.4   17.5   20.2   21.2   20.4   20.2   19.6   19.6
47014   26.4   24.6   21.6   23.2   22.6   23.7   24.8   25.0   25.4   24.7   24.6   24.9
47041   23.9   17.1   18.4   19.1   18.1   19.2   21.6   27.7   27.4   25.9   25.1   24.5
47058   30.0   28.9   26.3   24.8   25.8   25.1   26.1   27.4   27.5   26.3   27.4   27.2
47069   28.1   26.6   26.9   25.1   24.6   25.1   25.5   27.5   25.5   25.4   26.9   26.9
47070   27.3   27.0   26.4   26.0   26.3   24.9   25.9   27.4   27.1   26.2   27.2   28.5
47090   27.5   21.2   21.9   22.6   20.1   18.8   21.9   24.1   24.9   24.5   24.3   24.0
47095   30.2   28.2   27.4   26.5   26.7   24.0   26.0   27.6   28.8   28.0   28.7   29.2
47098   31.4   29.7   29.0   28.1   28.7   26.3   28.4   30.2   30.1   28.7   29.8   30.7
47099   30.3   29.6   29.0   28.3   28.8   26.8   28.3   30.0   30.0   28.9   30.1   30.7
47100   26.9   20.7   21.0   21.8   20.6   18.9   19.9   21.5   23.0   22.6   22.9   22.6
47101   31.5   28.4   27.4   27.9   27.7   26.2   26.5   29.0   29.5   28.7   30.0   29.6
47102   23.3   23.8   22.2   21.5   22.5   22.0   21.9   23.4   22.6   22.3   22.3   23.0
47104   29.1   21.2   22.4   24.7   21.8   19.2   23.3   24.9   27.0   25.4   25.1   25.1
47105   29.8   22.3   23.5   25.1   21.9   20.3   22.8   26.3   27.2   26.5   26.4   26.2
47106   27.1   21.5   22.0   23.4   21.1   19.3   23.5   24.5   24.7   24.4   24.3   24.4
47108   29.7   28.5   28.3   27.7   28.4   26.3   27.8   29.3   28.9   27.7   29.2   30.0
47112   25.9   25.5   25.6   24.6   26.7   22.3   23.7   26.4   25.5   24.9   26.3   27.3
47114   30.6   28.3   28.7   29.4   28.6   26.8   29.3   28.7   29.1   29.2   30.2   30.1
47115   26.2   22.0   19.7   20.9   20.7   19.6   21.7   22.5   23.5   23.0   23.0   22.6
47119   28.8   28.0   27.8   27.6   28.7   26.9   27.2   27.9   27.8   27.5   28.6   29.4
47121   30.7   28.3   28.1   29.2   29.0   25.9   28.0   29.1   29.8   29.1   29.3   29.8
47127   30.0   27.9   28.6   28.9   28.8   26.4   28.9   28.8   29.1   28.8   29.8   30.0
47129   27.8   26.5   26.7   27.1   27.5   25.7   26.6   26.7   26.2   25.9   27.2   28.0
47130   26.0   20.7   22.0   24.2   22.1   20.9   22.3   23.4   25.1   24.5   24.4   24.3
47131   30.5   27.9   28.9   29.7   29.6   26.8   28.0   28.7   28.6   28.2   28.9   29.7
47133   29.9   26.8   28.7   29.5   28.8   26.3   27.5   27.7   27.9   27.9   28.7   29.2
47135   29.0   26.2   27.6   28.3   26.7   22.9   25.4   26.0   26.4   26.1   26.6   27.1
47136   31.0   27.8   29.2   29.8   28.5   25.4   28.2   28.0   28.7   28.7   29.3   29.2
47137   30.4   27.5   28.7   29.7   28.0   25.2   28.1   27.4   28.1   27.5   28.1   28.3
47138   29.4   25.2   24.9   29.0   26.1   22.8   25.5   26.1   26.6   26.4   25.7   26.0
47140   27.6   25.0   25.9   26.2   28.1   25.5   26.4   25.7   25.9   26.6   27.2   27.8
47143   31.6   28.6   29.7   31.5   28.2   26.4   27.4   28.1   29.7   29.1   29.6   29.9
47146   31.2   26.9   30.2   31.0   29.9   27.8   28.8   28.8   29.4   29.0   29.9   30.3
47152   31.1   26.7   26.6   29.4   26.2   23.4   24.5   25.9   27.5   26.6   26.6   27.0
47155   29.6   25.1   27.5   27.9   25.3   24.5   25.7   25.7   26.4   25.8   26.0   26.3
47156   30.5   26.3   30.7   30.8   28.7   26.6   28.3   28.4   28.6   28.4   29.1   29.7
47159   27.5   24.4   25.5   25.6   25.3   22.7   24.4   24.7   26.1   25.5   25.5   25.5
47162   26.0   23.3   25.8   25.4   24.7   22.7   24.4   24.4   24.0   24.1   24.2   24.7
47165   27.1   22.7   26.7   26.6   25.8   23.4   25.2   25.0   26.0   26.7   26.7   27.7
47168   26.3   21.7   25.6   24.5   23.5   22.5   24.1   23.7   24.0   24.2   24.6   24.9
47169   22.2   20.3   22.8   23.5   22.0   21.5   22.5   23.1   24.1   22.7   23.8   24.0
47170   29.0   22.5   28.9   27.2   24.8   23.6   25.7   26.1   26.1   25.9   26.4   26.6
47172   30.2   25.1   28.6   28.2   27.1   25.3   26.2   26.2   26.3   26.1   27.4   28.2
47174   29.3   23.6   28.8   28.7   25.1   24.0   26.2   25.9   26.0   25.4   26.4   26.9
47175   25.5   20.7   26.3   25.6   22.2   21.8   24.4   23.8   23.9   24.1   24.5   24.9
47184   25.9   21.1   24.2   26.6   25.5   23.8   22.9   25.5   25.6   25.4   25.8   25.3
47185   23.7   20.9   24.3   25.2   24.7   22.9   23.6   25.9   23.7   23.8   23.9   24.7
47188   26.3   20.4   23.9   25.3   23.3   22.7   23.5   24.2   24.6   22.8   23.5   23.5
47189   25.9   21.2   25.9   25.9   24.9   24.2   24.5   25.0   24.2   24.2   25.2   25.3
47192   30.1   25.5   28.8   29.0   26.8   25.2   26.9   27.1   26.5   26.2   27.0   27.4
   96   22.3   21.8   21.2   19.5   19.5   18.9   19.0   19.6   20.7   21.6   21.6   21.7
