2014061512+000HOUR     2014061521LST
STNID    18H    42H    66H    90H   114H   138H   162H   186H   210H   234H   258H   282H
STNID 061615 061715 061815 061915 062015 062115 062215 062315 062415 062515 062615 062715LST
47008   17.5   14.5   12.4   14.6   18.1   20.4   20.7   17.6   15.2   18.0   18.1   19.4
47014   25.3   25.3   23.3   20.5   25.5   27.5   26.4   25.7   26.4   25.4   23.5   23.0
47041   22.5   16.3   18.6   21.6   17.1   21.0   21.1   23.3   26.3   24.1   23.7   25.7
47058   29.7   27.0   27.1   21.7   25.4   25.0   27.7   29.7   29.4   29.4   27.4   26.4
47069   26.3   21.6   26.5   24.1   23.8   25.1   25.0   28.6   24.0   27.1   26.2   24.4
47070   26.1   22.7   26.3   25.7   23.0   23.1   24.0   28.3   21.8   26.5   26.0   26.1
47090   25.8   18.8   19.9   26.6   17.8   18.1   22.3   21.2   23.3   22.5   22.9   24.7
47095   29.0   27.6   27.7   25.2   23.5   22.5   24.1   28.7   26.2   27.6   28.4   27.3
47098   29.9   27.2   28.5   26.5   26.1   24.0   25.3   29.7   24.3   28.5   28.7   27.2
47099   29.2   24.7   28.5   27.9   26.0   24.1   26.4   29.8   24.2   29.8   29.6   28.5
47100   26.3   19.3   18.1   22.0   16.7   16.4   19.0   21.9   22.0   20.4   20.2   20.9
47101   30.2   27.4   28.0   25.8   26.4   23.0   24.7   29.9   24.5   28.4   28.2   27.5
47102   22.6   22.6   24.0   17.7   21.2   21.7   23.8   25.2   21.8   26.0   19.4   20.2
47104   28.8   18.6   20.0   27.2   19.9   19.5   23.0   22.8   25.5   23.7   23.2   23.2
47105   29.5   19.3   20.1   27.6   19.5   20.6   22.7   23.5   27.0   24.2   22.7   23.1
47106   25.9   19.1   20.2   25.6   19.9   17.8   20.4   21.4   21.6   21.6   23.7   24.5
47108   28.6   24.8   27.9   26.5   26.3   24.9   26.7   30.5   24.1   28.5   28.5   27.9
47112   24.5   20.9   25.7   24.2   23.4   22.1   23.2   26.4   22.3   27.3   25.5   26.6
47114   29.4   27.3   29.4   27.8   27.6   24.4   28.1   29.5   25.6   26.2   24.9   27.8
47115   24.4   20.7   18.8   21.2   21.4   19.0   22.0   20.7   22.1   20.9   20.0   21.0
47119   28.6   25.3   27.9   26.9   25.2   25.8   26.4   29.1   24.0   27.0   27.4   28.0
47121   28.9   27.0   28.8   28.8   26.8   24.9   25.3   30.0   26.4   26.8   25.2   27.3
47127   29.1   26.6   28.6   27.2   27.1   24.9   27.2   29.0   25.6   27.1   26.0   27.6
47129   27.7   23.7   27.7   25.4   24.9   24.7   25.6   27.0   25.7   26.0   25.3   26.7
47130   25.4   18.8   19.6   25.0   23.0   19.0   21.3   21.1   22.0   22.8   23.1   22.2
47131   30.3   25.6   28.4   27.8   28.0   25.9   26.3   28.3   24.9   26.2   26.0   27.7
47133   29.4   24.3   28.0   27.6   26.4   25.5   25.7   26.9   24.6   26.8   26.8   27.2
47135   29.1   24.0   24.9   25.8   27.7   21.4   23.5   24.8   25.4   23.5   22.6   23.2
47136   31.0   25.7   25.9   27.7   28.8   25.2   27.4   27.1   23.9   26.6   25.3   26.7
47137   30.2   25.5   26.4   27.9   27.2   25.9   27.1   26.8   24.7   26.3   25.4   24.9
47138   29.8   23.5   22.5   27.5   28.7   20.0   23.6   23.0   22.3   22.2   22.4   22.5
47140   27.4   21.9   26.2   25.0   25.5   23.8   25.0   25.5   25.5   26.8   27.8   27.1
47143   32.0   25.9   24.7   29.6   30.8   24.6   24.9   27.0   27.4   25.6   24.9   25.3
47146   31.3   23.3   29.6   28.7   28.9   25.8   27.3   27.3   27.8   28.6   28.9   28.1
47152   32.0   23.8   21.5   27.2   28.8   19.1   22.1   23.3   23.0   22.0   23.4   22.2
47155   30.3   23.7   24.1   25.6   26.0   21.3   23.9   24.0   22.0   23.9   23.6   22.8
47156   29.9   25.1   29.0   28.3   28.9   25.0   26.5   27.6   28.1   28.1   29.3   27.5
47159   28.1   22.9   22.7   23.7   24.5   19.5   23.0   23.3   23.5   24.4   24.6   21.9
47162   25.5   23.3   23.7   24.0   24.6   22.5   22.8   22.7   21.6   22.0   22.0   23.1
47165   26.3   22.3   25.0   24.7   25.7   21.2   24.0   23.1   25.4   27.1   26.5   26.2
47168   26.4   22.6   23.5   22.6   23.2   20.0   23.5   21.7   22.6   22.6   22.1   23.6
47169   23.6   19.1   22.8   23.5   23.4   20.4   21.5   22.2   23.7   24.0   25.3   23.7
47170   26.9   22.3   25.7   27.0   27.0   21.8   24.0   23.0   25.7   25.4   24.2   23.7
47172   29.6   23.3   27.5   24.9   26.4   24.1   24.5   25.1   24.8   24.4   26.1   26.3
47174   29.3   23.1   24.9   26.2   26.4   21.5   25.4   23.7   23.8   25.2   24.6   25.4
47175   24.0   20.7   24.1   25.2   24.3   21.4   23.2   21.7   23.8   23.4   23.9   23.8
47184   25.2   21.8   20.5   24.8   25.2   24.2   20.6   23.3   24.7   24.9   22.4   20.5
47185   24.7   20.2   22.4   24.6   24.5   24.1   23.2   26.3   23.1   24.4   25.0   24.9
47188   26.2   21.1   20.6   24.6   24.3   23.7   22.5   23.3   23.2   21.7   22.8   21.1
47189   26.2   21.0   22.9   25.2   25.5   25.1   23.2   24.3   24.0   23.9   24.3   23.4
47192   30.5   24.5   25.7   27.3   27.6   21.9   25.6   24.4   24.3   24.7   24.6   22.7
   96   21.7   21.4   20.2   19.3   19.8   18.4   19.1   19.4   20.8   19.4   19.9   21.3
