2014061600+000HOUR     2014061609LST
STNID    21H    45H    69H    93H   117H   141H   165H   189H   213H   237H   261H   285H
STNID 061706 061806 061906 062006 062106 062206 062306 062406 062506 062606 062706 062806LST
47008   12.7   11.4   13.4   11.9   12.4   11.9   13.8   16.3   16.5   17.0   14.0   14.9
47014   16.8   17.6   14.7   15.1   16.6   15.1   14.6   16.5   16.4   14.5   14.4   16.5
47041   16.3   15.0   15.3   15.8   16.0   13.2   17.8   17.4   17.8   17.2   17.0   18.0
47058   19.0   18.5   20.1   18.4   19.7   17.6   18.0   19.5   19.0   18.6   20.0   19.4
47069   19.5   19.8   20.6   19.6   20.4   18.1   19.6   18.4   17.5   18.2   20.2   20.1
47070   18.9   19.3   19.6   17.8   17.6   17.6   18.0   18.3   16.5   18.7   19.9   18.7
47090   18.6   17.5   17.4   16.6   18.1   17.1   19.1   19.8   19.2   20.4   17.2   16.7
47095   18.4   16.9   18.1   18.6   16.2   16.0   15.5   16.6   17.8   19.1   18.1   18.2
47098   18.2   17.2   19.6   19.1   17.3   15.7   17.2   17.2   17.7   17.8   18.2   18.6
47099   18.7   17.3   20.2   18.9   17.6   17.2   17.5   17.3   18.6   18.3   18.9   17.1
47100   13.4   11.8   14.4   14.5   13.1    9.1   13.8   13.4   13.5   15.1   15.9   11.7
47101   19.1   17.8   20.5   18.8   17.4   15.8   18.0   17.9   18.6   19.0   17.6   19.3
47102   15.4   15.1   15.5   14.6   15.4   15.6   14.6   16.2   14.7   14.4   16.9   17.0
47104   19.7   16.7   16.3   17.3   16.1   16.0   18.2   19.7   19.9   19.8   17.8   16.7
47105   20.2   17.1   17.1   18.1   18.8   16.7   19.5   22.0   20.7   21.2   19.0   18.8
47106   18.1   17.2   16.5   18.0   17.7   16.6   19.1   20.9   19.7   20.8   18.2   16.9
47108   20.8   19.2   20.1   20.7   19.4   18.1   19.1   18.7   19.8   19.7   20.3   19.2
47112   18.2   18.0   18.4   19.6   19.9   18.3   18.5   19.1   17.6   19.8   21.1   19.3
47114   19.1   18.1   18.8   19.6   18.3   15.3   17.9   18.6   15.7   16.9   15.7   19.3
47115   19.3   17.6   15.2   16.7   14.5   16.4   18.4   21.6   18.4   18.9   17.4   16.7
47119   18.3   16.9   18.6   19.5   18.6   20.0   17.8   20.9   19.9   19.1   20.8   21.0
47121   17.2   17.5   18.5   18.8   15.3   15.0   17.1   17.1   16.7   19.1   16.4   17.9
47127   18.4   17.9   18.3   19.8   17.2   17.3   18.2   17.5   18.7   16.9   16.3   19.2
47129   16.3   15.0   17.1   18.2   19.3   17.7   16.9   19.7   19.9   18.3   19.3   18.8
47130   20.1   16.5   15.9   16.4   17.1   17.0   16.4   19.0   19.1   18.6   17.8   18.5
47131   20.0   18.4   20.1   20.9   18.3   17.3   19.0   20.5   19.7   20.4   20.6   20.6
47133   19.8   18.9   19.4   20.8   16.6   18.0   18.6   19.9   19.8   20.1   20.5   21.0
47135   17.7   15.1   17.5   18.2   17.7   14.9   16.5   17.7   17.7   17.5   17.7   17.6
47136   19.2   16.6   19.3   18.8   18.6   16.7   17.3   18.7   19.1   19.1   19.2   17.7
47137   19.2   17.2   19.3   19.3   17.0   16.7   16.4   19.2   18.5   19.0   18.6   19.1
47138   22.5   18.7   19.2   20.7   18.0   17.6   20.9   22.0   21.3   21.4   20.4   19.8
47140   18.1   17.0   17.6   18.3   16.4   16.8   18.6   19.7   19.4   16.4   18.0   18.1
47143   21.6   17.1   21.0   20.0   16.9   16.9   18.7   21.6   20.1   20.6   19.8   21.9
47146   19.2   16.6   19.1   19.1   13.9   16.8   19.2   19.5   19.5   20.9   20.3   20.2
47152   20.2   18.0   17.6   18.4   17.8   16.3   17.0   19.7   20.1   19.4   18.7   19.7
47155   19.1   18.6   18.9   19.4   19.5   18.1   18.6   20.6   19.9   20.3   19.7   20.4
47156   19.5   17.3   19.2   20.9   18.0   16.2   19.7   20.3   19.7   20.2   20.4   21.1
47159   19.3   18.8   18.9   20.0   18.2   18.3   19.4   21.2   20.2   20.4   19.9   20.7
47162   18.5   18.9   17.5   18.5   19.0   16.7   18.2   19.3   19.0   19.3   19.0   19.6
47165   18.5   17.4   17.2   19.3   18.8   18.0   18.0   18.6   19.2   20.0   20.5   21.4
47168   19.7   19.1   19.4   19.7   19.6   19.2   19.5   20.7   19.7   21.2   20.1   21.2
47169   16.1   15.6   15.5   16.8   16.7   16.1   18.2   16.5   19.0   14.8   17.2   16.5
47170   18.5   16.3   18.7   19.1   18.9   18.3   17.6   19.2   19.4   20.2   19.2   20.6
47172   17.5   16.0   17.4   18.4   16.6   15.0   16.5   18.0   18.6   15.6   17.9   18.1
47174   17.3   14.5   15.9   18.0   17.1   14.2   15.9   18.0   18.1   15.5   17.4   17.9
47175   16.1   13.6   16.4   16.0   15.2   13.2   17.0   19.1   17.6   19.3   18.4   19.3
47184   17.9   18.0   19.5   19.3   20.7   17.9   18.6   21.2   20.5   22.0   22.7   22.4
47185   17.1   16.4   20.2   18.9   19.6   19.2   20.8   21.1   20.1   17.9   18.7   17.8
47188   17.7   17.9   18.4   19.2   19.4   18.8   20.5   19.5   18.7   21.1   22.6   22.3
47189   18.2   18.0   19.6   19.5   21.6   19.5   20.9   20.9   19.5   22.5   23.5   23.4
47192   18.5   15.8   16.8   18.0   17.7   17.1   18.1   18.3   18.7   18.4   18.1   18.2
   96   19.8   19.6   16.8   18.0   20.3   14.4   16.0   19.7   19.3   18.7   17.5   16.9
