2014061512+000HOUR     2014061521LST
STNID     9H    33H    57H    81H   105H   129H   153H   177H   201H   225H   249H   273H
STNID 061606 061706 061806 061906 062006 062106 062206 062306 062406 062506 062606 062706LST
47008   14.6   12.5   11.9   11.0   12.7   11.9   12.3   14.9   14.4   16.6   15.3   13.8
47014   16.6   17.0   16.4   16.5   16.8   16.4   15.3   16.4   15.5   16.8   16.8   17.2
47041   17.9   14.8   14.5   14.6   17.0   14.3   16.2   15.4   17.4   18.5   18.5   18.6
47058   18.2   19.0   19.5   19.0   20.2   18.8   16.2   18.2   18.7   18.8   20.0   20.2
47069   18.7   21.1   21.3   20.2   19.7   18.9   17.3   17.3   18.3   17.4   19.2   20.8
47070   18.1   19.6   18.8   18.7   17.9   17.4   16.1   17.3   17.1   19.3   18.3   20.8
47090   21.2   15.3   16.3   15.0   18.3   16.6   16.6   15.9   16.0   17.8   18.1   19.7
47095   16.3   18.5   16.1   17.6   18.8   16.7   15.5   16.5   17.4   17.2   18.8   19.7
47098   16.9   18.5   17.9   18.6   19.2   16.0   16.6   16.6   17.3   17.3   18.1   19.1
47099   17.3   18.8   19.2   18.7   18.2   18.9   16.7   16.8   17.8   18.4   18.1   20.2
47100   15.4   13.5   12.1   12.7   15.0    9.3   10.2   12.2   11.6   13.7   15.1   15.0
47101   17.5   19.6   16.9   17.7   19.9   16.8   16.5   16.6   17.7   18.7   19.0   20.1
47102   16.9   17.1   17.9   16.0   18.1   17.2    7.7   14.1   15.0   16.1   16.8   17.6
47104   21.3   16.6   16.3   16.1   17.7   16.2   16.3   15.6   17.1   20.0   19.4   20.5
47105   23.7   17.0   16.4   16.4   18.2   16.4   14.9   16.1   17.2   20.5   20.2   21.5
47106   22.3   17.1   16.0   15.8   17.5   14.8   15.1   15.8   14.9   19.7   19.6   20.1
47108   19.0   20.2   19.8   20.7   20.3   19.2   16.6   17.0   19.6   18.2   21.0   19.9
47112   18.7   18.4   20.6   19.6   19.9   19.0   16.3   17.4   18.6   19.7   20.0   20.6
47114   17.6   19.3   18.7   19.4   19.8   19.0   18.4   17.6   16.1   17.2   19.8   20.2
47115   21.0   18.1   15.9   13.7   14.5   15.8   16.0   17.9   14.8   15.0   16.3   17.6
47119   18.0   18.9   20.4   19.0   20.6   17.4   18.1   19.0   19.6   18.5   20.2   20.8
47121   16.8   17.5   16.1   17.9   18.9   18.7   16.2   16.7   15.8   17.6   18.2   18.8
47127   17.2   18.8   18.3   19.7   19.2   17.3   18.4   18.0   18.2   16.3   19.0   19.7
47129   16.7   18.0   18.2   17.0   18.3   15.8   16.6   18.6   19.0   18.1   19.4   19.7
47130   20.4   16.9   15.3   15.6   16.2   15.8   15.2   15.5   14.9   17.8   18.7   19.8
47131   19.7   21.3   18.7   19.5   20.8   18.3   18.5   19.4   19.8   19.2   21.0   20.4
47133   18.8   20.6   18.1   19.2   19.9   13.9   19.4   19.2   19.7   19.6   20.7   20.3
47135   17.1   18.8   15.4   18.1   18.7   17.4   17.0   16.3   17.7   17.9   18.5   19.0
47136   18.6   19.6   17.5   17.8   19.6   18.2   16.0   17.2   16.8   17.8   20.0   19.7
47137   19.1   18.9   17.1   18.0   19.1   17.4   16.3   17.0   17.2   18.8   19.4   19.1
47138   22.8   19.4   17.6   18.3   19.6   16.9   18.6   18.0   18.3   20.6   20.9   21.6
47140   19.0   18.7   18.7   19.9   18.9   15.6   16.7   19.4   19.1   18.5   18.6   20.7
47143   21.2   22.9   16.9   19.7   19.6   19.1   19.0   18.1   19.3   20.6   21.4   22.1
47146   18.7   19.8   18.8   19.2   19.7   12.5   18.5   18.9   19.9   20.1   19.5   21.1
47152   20.4   19.5   14.8   17.7   18.7   17.0   17.3   17.7   18.1   18.2   20.2   21.1
47155   18.2   20.6   17.7   19.3   19.2   20.9   18.5   18.8   19.2   19.6   19.7   21.0
47156   20.1   20.3   17.9   19.4   21.1   21.1   19.6   21.1   19.7   21.1   20.3   21.1
47159   19.8   21.5   18.3   18.4   19.9   18.8   18.7   18.4   18.5   20.0   21.0   21.6
47162   17.8   19.8   16.6   17.5   18.0   20.0   17.1   18.3   18.4   19.1   19.5   20.2
47165   19.6   18.3   16.8   18.7   18.9   20.8   19.9   17.8   18.7   18.6   19.3   20.3
47168   19.8   20.3   17.7   19.5   20.3   19.3   18.3   18.9   19.3   20.0   20.8   22.2
47169   19.5   18.4   17.5   19.1   18.3   18.4   18.4   17.2   19.1   17.2   18.9   20.6
47170   19.9   18.8   17.4   17.8   19.5   22.7   18.7   19.1   20.0   18.3   19.2   20.9
47172   18.6   18.3   16.2   19.2   19.3   17.5   16.5   16.2   18.9   18.9   17.1   18.6
47174   15.0   16.8   15.1   16.3   17.3   15.5   16.3   16.7   17.6   19.0   18.2   18.4
47175   19.0   16.8   14.1   17.0   16.9   15.6   14.4   16.9   17.3   16.9   18.1   19.2
47184   21.5   19.5   17.9   18.5   21.0   23.1   20.2   22.1   21.6   21.3   21.0   21.8
47185   20.8   18.3   17.8   18.8   20.7   21.0   19.2   20.4   20.1   18.6   18.5   20.6
47188   20.1   19.3   18.4   17.8   20.0   20.7   21.7   18.9   20.8   19.6   19.8   21.0
47189   22.4   18.7   18.9   20.0   21.6   21.2   22.4   21.5   20.9   20.4   20.8   22.3
47192   15.8   18.9   14.3   18.0   18.1   19.8   18.9   18.4   18.3   17.6   19.0   19.7
   96   20.1   19.3   17.1   17.8   17.0   16.6   17.1   14.9   16.8   16.5   18.4   18.3
