2014061512+000HOUR     2014061521LST
STNID     9H    33H    57H    81H   105H   129H   153H   177H   201H   225H   249H   273H
STNID 061606 061706 061806 061906 062006 062106 062206 062306 062406 062506 062606 062706LST
47008   14.8   12.0   11.8   12.9   10.5   14.9   14.5   10.1   13.5   15.1   13.6   12.0
47014   15.5   17.8   17.0   17.1   16.3   15.0   15.8   14.8   15.0   16.9   19.1   18.5
47041   17.4   14.8   13.7   15.3   16.8   16.0   16.6   16.6   17.5   19.5   19.4   18.1
47058   17.5   19.5   19.2   19.6   19.0   19.8   19.6   18.7   19.1   21.1   21.1   18.8
47069   19.2   20.2   20.5   19.6   17.9   20.5   18.8   17.3   18.8   17.7   17.4   20.5
47070   17.3   18.7   19.0   19.8   18.5   20.0   19.4   17.6   16.9   20.7   16.1   21.0
47090   20.8   17.8   16.0   16.4   18.0   16.2   16.4   17.2   19.8   20.1   17.5   18.8
47095   16.2   17.7   16.1   18.6   18.1   18.5   18.2   17.1   17.8   19.1   18.2   19.6
47098   16.7   17.5   17.1   19.8   18.5   21.0   19.3   16.8   18.8   19.2   18.8   20.0
47099   16.0   17.8   18.5   19.8   19.2   20.1   19.6   19.1   18.9   19.9   15.6   20.2
47100   14.0   13.7   10.5   13.9   14.3   11.2   13.7   15.2   15.3   12.8   16.0   17.5
47101   17.3   18.7   16.5   20.3   19.1   19.0   19.1   18.2   19.1   18.1   20.1   20.5
47102   16.7   17.5   16.5   16.8   16.0   16.6   14.6   16.1   16.7   19.2   15.5   15.0
47104   21.3   18.0   14.8   15.6   16.9   17.0   16.2   18.1   20.0   18.9   18.6   17.2
47105   23.9   18.7   15.2   16.9   19.9   16.9   16.8   19.8   22.1   19.8   19.1   21.3
47106   21.7   18.7   15.4   16.0   18.9   16.9   16.4   18.5   20.2   17.1   18.5   20.5
47108   19.1   20.1   20.0   21.2   19.6   21.1   19.4   17.4   19.8   20.0   18.9   18.4
47112   17.9   18.7   18.4   18.5   19.5   21.2   19.9   18.6   19.2   20.5   19.0   19.4
47114   17.0   18.9   18.2   19.4   18.9   19.7   19.4   19.1   16.4   18.5   18.7   19.0
47115   20.5   19.6   16.5   14.5   17.5   18.1   17.9   19.6   19.0   17.3   18.2   17.8
47119   17.0   18.3   19.4   19.3   18.8   20.9   19.7   18.4   18.6   20.3   19.1   20.4
47121   15.8   17.3   15.1   17.6   18.1   17.5   17.8   17.6   17.0   17.9   20.0   19.6
47127   16.0   18.3   17.5   18.5   19.4   18.1   19.2   18.2   18.4   16.0   19.0   17.9
47129   16.3   17.5   17.1   17.5   18.5   20.8   19.1   18.6   19.3   20.0   14.2   19.9
47130   20.8   19.7   14.9   15.6   18.9   16.7   17.0   17.2   18.9   16.8   16.7   20.9
47131   18.2   19.7   19.1   19.9   20.2   19.7   21.2   19.8   19.4   20.5   20.7   20.8
47133   17.5   19.9   18.5   19.7   19.4   18.8   20.8   19.5   19.6   20.0   20.8   20.9
47135   15.9   18.0   16.2   17.9   17.8   19.5   18.4   17.2   17.9   17.8   18.6   18.8
47136   17.5   19.5   16.6   18.2   20.2   20.1   19.1   18.6   18.6   18.6   19.7   20.9
47137   18.0   19.1   16.8   18.6   20.1   19.6   19.1   18.4   18.6   19.5   18.2   20.1
47138   22.3   22.4   17.8   19.4   20.7   16.9   19.8   21.4   21.5   20.1   20.6   22.3
47140   17.5   18.1   18.2   19.4   19.0   19.2   20.5   18.7   19.8   18.8   21.6   19.4
47143   20.8   21.9   18.0   20.4   20.9   20.6   20.9   20.4   20.8   22.6   20.9   22.8
47146   17.6   19.3   17.7   19.1   20.6   19.1   21.3   20.0   17.9   18.5   23.3   22.1
47152   20.2   19.2   16.6   18.0   18.6   19.1   18.5   19.7   19.8   20.3   20.9   22.4
47155   18.0   19.9   19.0   18.8   18.5   20.5   19.5   19.8   20.0   20.6   18.1   22.0
47156   18.7   19.0   18.7   20.2   21.7   20.4   22.0   18.9   18.8   20.9   22.3   22.2
47159   20.1   20.1   19.7   18.7   19.3   19.2   19.8   20.9   21.1   22.1   17.1   21.0
47162   17.8   18.9   16.7   17.2   17.9   18.8   19.8   19.1   19.5   20.0   18.2   20.8
47165   17.7   17.9   17.1   18.7   18.9   18.8   20.7   18.5   20.5   21.0   21.3   20.6
47168   19.7   20.0   19.4   19.1   19.6   19.7   21.2   19.9   20.7   21.3   20.7   21.4
47169   18.5   18.4   18.7   18.6   18.6   19.1   18.9   18.9   19.5   18.1   18.9   18.9
47170   18.2   18.8   17.2   18.3   19.2   20.9   20.2   19.3   19.2   19.8   22.5   21.4
47172   16.7   16.2   16.6   19.6   19.5   20.7   21.1   20.7   21.8   19.5   19.4   21.2
47174   14.6   18.0   15.1   16.8   18.0   18.9   20.2   18.0   14.6   17.3   19.1   20.6
47175   17.1   16.8   14.3   17.1   17.3   17.7   18.3   18.6   19.1   19.8   20.9   18.7
47184   19.4   17.9   17.4   18.5   21.2   21.5   21.3   20.3   21.1   21.7   23.9   22.9
47185   19.6   18.5   18.0   19.2   21.0   19.0   19.4   20.0   21.0   19.8   20.8   20.4
47188   19.1   18.4   17.4   17.7   20.9   19.8   18.6   18.9   20.8   20.3   21.8   21.7
47189   20.8   18.3   18.4   19.6   23.0   20.6   20.8   20.9   21.6   21.8   22.3   22.5
47192   16.2   19.0   15.8   17.3   18.3   18.0   20.1   18.6   18.8   18.8   19.9   21.5
   96   19.4   19.7   18.0   17.3   19.9   19.2   16.8   18.4   18.7   17.3   20.8   14.3
