2014061600+000HOUR     2014061609LST
STNID    21H    45H    69H    93H   117H   141H   165H   189H   213H   237H   261H   285H
STNID 061706 061806 061906 062006 062106 062206 062306 062406 062506 062606 062706 062806LST
47008   12.5   12.6   12.9   12.3   12.0   13.4   13.1   15.3   15.4   15.7   15.0   17.3
47014   17.0   16.5   16.3   15.6   15.7   16.3   17.0   17.2   17.4   15.8   16.0   18.0
47041   16.1   15.5   15.5   15.3   15.9   16.3   17.2   18.4   19.3   18.9   18.3   18.3
47058   19.0   17.9   19.0   19.8   19.9   18.9   18.1   18.6   20.4   19.5   19.3   20.5
47069   20.1   19.4   19.6   16.8   23.1   21.7   20.9   20.5   18.4   19.0   18.8   20.0
47070   19.2   18.2   18.7   19.4   20.2   18.5   18.8   19.1   17.8   20.2   17.7   20.2
47090   17.3   16.9   17.5   17.9   18.0   17.2   16.2   18.0   19.8   17.7   19.5   18.9
47095   18.8   18.4   17.2   19.6   18.5   16.3   17.1   17.1   17.5   18.7   19.3   20.6
47098   18.6   17.5   18.8   20.4   18.9   17.1   17.5   18.0   18.0   19.6   19.0   20.1
47099   18.6   17.2   18.2   18.9   19.0   17.6   17.7   17.8   19.1   20.3   18.7   20.9
47100   14.8   13.0   12.3   15.2   13.8   10.6   11.1   12.0   13.5   13.6   16.5   18.6
47101   19.3   18.4   18.5   20.8   19.2   17.0   16.7   18.5   18.9   19.1   19.6   20.5
47102   14.5   14.4   14.9   14.4   15.7   17.7   15.0   16.0   16.0   14.9   13.1   15.4
47104   18.6   17.0   15.9   18.3   17.0   16.3   15.9   17.1   19.9   17.9   19.5   19.7
47105   19.5   17.4   16.7   18.7   18.1   17.0   16.6   19.6   20.2   19.3   21.7   21.1
47106   18.4   16.7   17.3   17.0   16.8   16.6   15.9   18.2   20.1   18.2   20.6   21.9
47108   20.7   19.7   21.1   21.6   23.4   20.7   19.9   21.2   20.2   19.5   17.7   20.0
47112   18.5   17.6   18.8   18.3   21.4   20.8   20.1   19.8   19.8   21.7   20.2   19.9
47114   19.0   19.0   18.7   20.9   19.6   19.2   18.3   18.9   17.1   17.5   17.8   20.4
47115   17.5   16.4   16.6   15.4   15.8   15.5   17.0   17.5   17.9   17.3   18.4   17.8
47119   19.4   18.5   18.3   19.8   22.8   19.4   18.7   20.3   19.9   19.7   19.7   20.2
47121   17.7   16.7   16.7   18.2   18.1   17.0   15.0   16.5   17.4   17.7   19.9   20.2
47127   18.9   18.3   18.1   20.3   20.2   18.6   18.1   17.7   18.6   16.8   17.4   20.6
47129   17.4   15.8   16.4   17.9   18.8   19.2   17.1   19.8   19.3   18.5   19.3   19.9
47130   17.3   16.0   16.5   16.2   16.6   16.7   16.9   16.9   19.3   15.9   19.4   18.8
47131   20.4   19.0   20.4   21.3   21.8   19.3   20.0   19.9   19.6   20.1   20.4   22.2
47133   20.6   19.4   19.6   19.8   21.5   19.8   19.9   19.9   18.7   19.3   19.9   21.9
47135   18.1   15.7   16.3   17.6   17.3   16.1   15.9   16.8   17.6   16.6   17.7   19.3
47136   19.6   16.0   17.6   18.6   19.5   17.1   15.5   17.7   19.5   17.5   19.7   21.3
47137   19.9   16.4   17.6   19.0   18.0   17.3   14.8   18.2   18.3   17.8   19.3   21.1
47138   22.0   18.7   18.2   19.8   19.5   18.4   19.4   19.6   20.2   19.0   22.0   22.3
47140   18.2   17.1   17.8   18.1   20.2   18.1   20.2   19.5   19.2   18.1   18.4   21.2
47143   22.0   18.6   19.4   19.9   19.7   18.0   16.0   20.1   19.8   18.8   21.0   22.0
47146   20.3   17.5   19.5   20.5   21.0   17.1   18.7   19.2   19.6   19.3   21.1   22.9
47152   19.6   15.7   17.3   17.9   18.9   17.4   17.2   18.7   17.8   17.6   20.5   20.5
47155   18.3   18.5   19.1   19.8   19.1   20.5   19.3   19.3   17.8   19.6   21.0   21.7
47156   20.2   18.5   19.6   20.5   21.8   18.9   20.4   20.1   19.1   19.4   20.6   21.9
47159   19.5   18.6   19.0   20.2   20.4   19.7   19.1   19.6   20.0   19.3   20.7   21.7
47162   17.7   17.8   16.9   18.6   18.7   19.1   18.8   18.3   18.1   18.7   20.1   20.8
47165   18.6   18.4   18.1   19.7   19.1   18.4   20.3   20.7   18.0   19.2   21.0   21.7
47168   19.1   18.8   19.0   20.2   20.6   20.0   19.6   19.8   19.3   20.0   21.1   21.6
47169   17.8   18.0   16.6   18.3   18.1   17.0   18.5   18.4   18.1   17.5   19.0   20.4
47170   18.4   16.7   18.2   19.9   19.6   19.2   18.9   20.4   18.1   19.6   21.6   21.0
47172   18.7   16.6   16.7   18.8   20.8   17.7   18.8   18.3   18.7   18.2   20.5   23.2
47174   17.6   14.3   15.7   17.0   19.3   16.4   17.8   17.2   17.4   17.1   18.0   19.4
47175   16.5   14.7   16.1   17.0   16.2   14.1   16.9   19.0   16.1   17.7   19.9   19.9
47184   18.5   19.1   19.1   20.3   20.2   19.0   19.1   21.9   20.3   21.8   23.2   22.3
47185   18.6   18.3   18.7   20.3   19.5   18.2   19.9   21.2   20.1   19.1   21.5   22.6
47188   18.4   18.9   17.6   20.5   19.5   21.3   19.8   20.4   18.9   20.2   22.0   20.6
47189   18.8   19.7   19.2   20.8   20.1   18.5   20.8   21.9   19.3   21.8   23.1   22.9
47192   17.7   15.5   16.4   17.2   18.9   17.1   17.4   18.3   18.5   17.8   20.3   21.3
   96   18.6   19.1   15.9   18.6   19.5   17.0   15.7   17.3   18.8   17.9   17.6   15.7
