2014061600+000HOUR     2014061609LST
STNID     6H    30H    54H    78H   102H   126H   150H   174H   198H   222H   246H   270H
STNID 061615 061715 061815 061915 062015 062115 062215 062315 062415 062515 062615 062715LST
47008   18.2   14.1   12.8   16.3   14.9   15.3   24.0   20.6   19.2   17.9   19.1   -999
47014   25.8   26.2   22.8   23.9   21.8   23.5   23.0   23.9   23.9   23.2   23.1   -999
47041   22.2   16.7   16.1   16.6   17.2   18.3   17.3   24.8   25.9   24.7   25.1   -999
47058   30.2   27.2   28.2   26.8   25.5   25.8   25.8   26.2   25.1   22.3   27.4   -999
47069   28.4   24.9   26.3   27.0   23.2   24.9   26.3   23.7   22.7   24.4   28.4   -999
47070   26.9   26.1   26.5   26.9   27.1   24.5   25.1   25.3   24.3   25.8   28.1   -999
47090   26.9   19.5   21.9   21.8   21.1   17.9   19.4   22.5   24.9   23.7   23.1   -999
47095   30.2   27.4   26.9   26.3   27.9   24.6   23.9   26.8   25.4   27.2   28.4   -999
47098   31.6   28.5   28.6   29.0   30.2   26.7   27.0   28.9   28.5   30.4   31.8   -999
47099   30.1   28.4   29.6   29.3   30.0   26.2   26.9   28.1   28.0   30.5   32.5   -999
47100   26.8   20.6   18.5   19.8   21.7   17.7   17.9   20.3   21.3   22.9   24.1   23.2
47101   32.0   28.0   26.8   27.1   27.9   24.2   23.7   27.8   27.9   29.1   31.3   30.3
47102   23.8   24.5   22.8   22.6   22.1   21.1   21.5   22.3   19.9   20.7   23.1   28.5
47104   28.9   20.1   19.9   21.9   24.0   18.2   21.2   24.0   24.8   24.8   26.2   25.9
47105   29.4   21.6   20.7   22.5   24.6   19.6   20.0   25.1   21.9   27.7   28.0   23.7
47106   26.2   20.9   19.8   22.0   24.7   16.8   19.4   22.0   23.9   25.4   25.3   25.0
47108   29.0   27.8   27.6   27.6   29.4   25.3   25.7   27.4   -999   -999   -999   -999
47112   25.7   24.5   24.9   24.0   26.1   21.4   23.3   24.3   23.1   25.0   27.7   26.6
47114   31.0   28.5   28.0   28.8   28.9   24.2   25.9   26.4   28.1   29.3   32.4   32.4
47115   25.9   20.8   18.2   19.1   19.9   19.2   19.2   20.5   20.1   21.7   23.9   24.3
47119   28.9   28.3   27.3   27.2   29.1   25.1   24.3   25.4   25.5   27.3   30.2   28.6
47121   30.8   29.4   25.6   28.1   30.4   24.3   23.6   28.3   28.8   30.2   30.8   32.5
47127   30.6   28.4   27.6   28.3   30.5   25.4   25.8   28.0   28.1   29.5   32.0   31.0
47129   27.9   26.6   27.3   26.4   27.3   24.9   25.8   26.0   25.0   26.5   27.9   26.5
47130   26.3   20.2   21.7   21.9   23.1   17.7   20.2   22.6   22.4   25.2   26.4   25.1
47131   31.1   28.3   28.5   29.3   30.1   24.9   25.1   27.9   27.7   29.8   31.8   29.1
47133   30.7   27.1   28.3   28.6   29.0   25.7   25.7   27.2   26.6   29.9   31.4   27.0
47135   29.8   25.3   26.9   26.7   27.7   22.5   23.7   25.3   25.6   28.6   29.4   28.8
47136   31.2   28.2   28.5   28.1   29.6   25.1   26.7   27.6   26.8   30.2   32.0   29.7
47137   31.0   27.7   28.1   28.8   28.9   24.6   27.8   26.6   27.5   29.7   30.7   28.2
47138   30.2   23.2   25.0   25.8   25.7   21.9   24.5   24.9   26.1   27.4   27.4   28.2
47140   28.5   24.7   25.9   24.9   29.1   23.6   24.7   25.3   24.6   28.3   29.7   26.1
47143   32.5   28.8   29.1   29.7   29.7   26.9   26.1   26.8   28.8   30.4   31.7   30.7
47146   32.0   27.5   30.2   30.5   31.6   26.9   27.1   28.7   28.3   31.9   32.7   29.0
47152   31.4   27.0   24.8   26.7   27.0   21.7   21.1   23.8   25.5   27.6   28.8   27.8
47155   30.5   24.8   26.1   26.4   26.6   26.4   22.9   23.8   26.4   26.8   27.8   27.4
47156   30.7   25.4   30.1   30.5   31.0   24.4   27.9   27.7   27.8   30.9   31.2   28.6
47159   27.5   24.5   24.2   23.9   25.1   23.0   23.2   23.9   24.1   26.0   26.6   26.4
47162   26.4   22.3   24.8   25.0   24.7   22.3   23.3   24.1   23.9   24.9   25.7   25.0
47165   26.7   22.1   26.6   26.2   27.9   21.1   23.6   22.9   25.7   27.8   27.5   26.1
47168   26.4   20.3   23.6   22.6   24.9   21.3   21.0   21.6   24.0   25.6   27.0   25.9
47169   22.5   19.9   23.2   23.2   23.8   19.0   19.9   22.8   23.9   25.6   24.2   22.1
47170   27.8   21.0   26.5   27.0   26.3   19.0   24.1   24.4   26.7   27.9   28.2   26.7
47172   30.3   25.5   28.4   27.5   29.9   24.4   24.8   26.4   25.2   30.2   31.2   27.3
47174   29.3   22.3   27.6   27.6   27.6   19.9   23.2   24.8   25.7   29.1   30.6   28.1
47175   23.7   18.8   25.7   25.8   24.5   18.3   24.2   22.9   24.8   27.1   26.3   23.9
47184   26.2   21.1   23.2   26.7   26.4   21.2   20.0   24.1   26.2   27.7   25.5   20.5
47185   24.0   20.3   23.8   26.0   26.3   24.6   22.0   26.6   25.3   26.6   26.6   24.0
47188   26.6   21.4   22.2   24.9   24.0   18.7   22.7   19.5   26.0   24.0   24.5   19.7
47189   26.4   21.2   24.6   25.7   25.5   23.8   23.2   22.7   25.0   25.7   25.2   23.7
47192   30.8   25.2   27.7   27.6   28.7   25.1   23.0   25.0   26.8   29.0   28.9   27.2
   96   21.3   21.6   20.7   18.1   18.4   17.6   16.7   16.6   18.0   20.1   22.0   22.8
