2014061600+000HOUR     2014061609LST
STNID    21H    45H    69H    93H   117H   141H   165H   189H   213H   237H   261H   285H
STNID 061706 061806 061906 062006 062106 062206 062306 062406 062506 062606 062706 062806LST
47008   12.4   11.7   12.3   13.8   13.3   13.4   14.3   15.3   13.6   16.6   18.8   13.1
47014   16.3   17.6   16.2   16.3   15.3   15.7   14.1   16.1   15.2   16.4   16.6   17.2
47041   15.5   14.5   15.4   16.8   16.5   16.2   17.5   17.6   18.3   17.0   19.2   18.0
47058   20.2   20.1   17.4   19.8   19.2   19.2   18.8   18.3   18.5   19.2   19.5   19.7
47069   21.1   19.6   18.7   18.9   21.6   19.7   20.2   21.0   19.6   18.1   18.5   22.3
47070   19.2   18.2   18.0   19.2   19.4   17.4   17.8   19.3   18.9   18.4   18.0   21.7
47090   17.3   16.6   17.1   18.0   17.8   17.7   18.0   18.1   19.2   20.5   17.5   20.1
47095   18.6   16.5   17.5   18.7   18.0   16.4   17.6   18.5   19.1   17.5   18.3   18.6
47098   18.1   18.0   16.8   18.3   19.4   18.0   18.1   19.0   18.3   17.1   18.4   20.2
47099   17.9   17.6   16.6   17.5   18.9   18.2   18.6   18.3   18.5   17.3   17.8   21.2
47100   13.0   11.7   14.0   14.8   12.9   13.3   15.0   14.2   14.3   14.3   13.5   15.0
47101   19.5   18.1   17.8   19.4   19.2   17.7   19.6   19.3   19.0   18.6   18.9   19.6
47102   14.5   15.1   16.0   14.9   15.8   17.2   13.7   16.1   15.6   16.2   15.5   16.3
47104   17.0   16.1   16.6   17.9   17.9   17.0   18.3   18.6   19.0   21.9   20.7   18.5
47105   18.2   16.2   17.7   18.6   18.1   17.5   19.4   19.2   19.4   22.0   21.3   19.7
47106   18.3   16.7   17.6   17.7   17.1   17.3   18.5   18.2   18.9   21.6   20.7   19.0
47108   20.4   19.4   18.1   20.8   22.3   20.4   20.2   19.5   19.8   19.1   19.3   22.5
47112   19.0   17.1   16.0   17.3   21.5   20.0   19.8   18.4   18.8   19.2   18.2   24.0
47114   19.3   17.9   18.5   19.2   19.2   19.6   19.2   19.4   17.5   18.8   18.9   19.2
47115   17.9   16.9   17.2   16.5   15.8   17.3   18.5   18.7   15.7   19.1   19.0   17.4
47119   19.3   18.1   16.0   18.1   20.2   19.4   19.0   19.4   18.8   20.4   20.3   21.6
47121   17.7   15.8   17.7   18.3   17.7   17.2   17.4   18.3   17.9   18.0   19.0   17.8
47127   18.4   16.8   17.4   17.5   19.0   20.0   19.8   19.4   18.8   17.8   17.9   18.6
47129   16.4   16.8   15.6   17.1   18.9   18.2   16.2   18.8   17.9   18.6   18.1   20.5
47130   18.6   15.8   15.9   17.2   16.6   16.3   17.7   16.8   18.6   19.5   18.8   17.6
47131   20.0   18.8   19.1   20.9   20.4   19.1   21.2   19.6   19.9   20.7   20.9   21.0
47133   19.7   17.0   19.4   20.5   20.9   19.4   20.9   20.6   19.8   20.9   21.0   21.1
47135   18.1   15.6   17.0   17.5   18.6   16.3   17.8   17.7   18.1   19.2   19.0   17.9
47136   19.6   17.4   17.5   19.2   19.5   17.9   16.4   18.4   18.8   19.6   19.0   19.0
47137   19.7   16.2   18.2   19.5   18.9   17.3   16.3   18.6   18.8   20.0   20.6   18.9
47138   22.6   19.0   19.1   23.6   18.2   18.2   18.8   20.0   21.4   22.2   21.1   20.7
47140   17.3   17.1   17.1   16.7   19.8   17.0   19.4   20.2   20.0   17.1   17.9   18.9
47143   22.2   18.0   19.2   21.1   19.7   18.1   19.0   21.0   21.4   22.2   21.8   20.7
47146   19.4   17.2   18.7   20.3   21.9   19.4   19.1   19.8   19.4   19.8   19.5   19.9
47152   20.2   16.0   17.2   20.0   18.0   18.1   17.5   19.2   19.7   20.3   19.8   19.2
47155   18.6   18.0   18.5   19.5   20.5   19.4   19.4   20.2   20.6   20.1   18.1   20.8
47156   19.5   17.6   19.4   20.3   20.9   19.2   20.0   21.2   20.5   20.3   19.9   21.6
47159   19.9   17.1   18.3   20.2   18.5   19.6   20.0   20.5   20.2   21.0   19.2   20.8
47162   18.7   18.2   17.9   18.8   18.8   18.3   18.6   19.7   19.6   18.8   17.7   20.6
47165   18.9   17.0   16.4   18.5   19.7   18.4   19.0   20.5   19.9   17.8   18.8   20.5
47168   19.6   18.4   18.8   20.0   20.0   19.7   19.8   21.4   20.5   19.7   19.3   21.7
47169   16.4   15.1   16.0   18.1   16.2   16.3   18.5   17.0   18.9   17.3   18.0   18.1
47170   18.2   16.9   18.4   17.8   19.8   18.6   19.1   19.7   20.7   17.0   17.6   20.5
47172   17.8   16.1   17.4   18.3   19.2   19.2   19.0   18.1   18.3   18.1   18.8   19.9
47174   17.3   16.8   16.5   16.0   18.7   17.4   17.3   19.3   20.3   18.2   18.5   18.4
47175   15.2   13.4   14.5   16.9   16.0   15.5   17.3   18.1   18.8   16.6   16.1   17.5
47184   17.2   17.8   18.2   20.2   20.6   19.5   19.6   20.6   20.9   19.5   19.0   19.9
47185   16.6   16.7   19.2   20.5   19.0   19.4   19.7   20.9   20.2   18.7   19.4   18.8
47188   17.1   18.5   17.4   20.0   19.6   18.9   20.0   21.1   19.5   18.4   19.3   20.2
47189   17.5   18.5   18.6   19.9   20.5   20.0   20.7   21.5   20.5   20.0   20.7   22.0
47192   18.2   17.2   16.1   17.4   18.9   17.5   19.4   19.5   18.5   18.8   18.0   19.3
   96   18.5   18.9   15.2   18.6   19.7   16.8   16.2   17.1   17.1   19.4   18.8   18.4
