2014061512+000HOUR     2014061521LST
STNID    18H    42H    66H    90H   114H   138H   162H   186H   210H   234H   258H   282H
STNID 061615 061715 061815 061915 062015 062115 062215 062315 062415 062515 062615 062715LST
47008   18.3   14.3   15.1   18.5   18.5   17.8   16.4   19.3   21.5   20.0   19.8   19.3
47014   26.9   25.8   23.7   24.4   25.4   25.1   26.9   24.5   25.6   23.9   25.0   24.4
47041   25.7   16.3   15.3   16.0   20.0   22.2   16.9   23.8   26.5   28.2   25.6   28.6
47058   29.4   30.6   28.6   21.9   23.3   26.9   27.3   28.5   27.6   26.5   29.8   27.0
47069   26.9   23.5   27.0   24.3   24.2   27.7   27.6   30.5   25.8   25.0   27.6   27.5
47070   26.7   26.6   27.3   26.0   24.9   28.0   27.6   29.3   28.1   26.1   29.8   30.0
47090   26.9   19.8   19.7   18.5   20.5   22.0   24.7   21.8   24.5   26.3   24.2   27.2
47095   29.1   28.9   27.9   21.6   24.5   26.6   27.7   28.8   30.4   28.2   31.4   30.2
47098   29.8   29.8   30.6   24.4   28.0   30.1   31.1   31.8   31.3   30.1   33.6   32.5
47099   28.8   28.8   29.4   26.7   27.7   30.2   31.5   31.8   30.9   28.1   33.7   32.1
47100   26.3   20.6   18.4   18.3   20.6   21.9   19.7   21.8   24.5   25.3   25.3   29.1
47101   29.8   29.4   28.6   23.5   25.9   28.3   28.2   30.3   30.3   30.6   32.5   32.0
47102   22.7   23.2   22.7   20.2   22.4   24.0   23.7   25.1   22.4   21.7   24.4   22.1
47104   29.5   19.8   18.9   20.9   24.0   23.3   21.2   23.7   27.7   25.4   25.7   29.4
47105   30.1   21.4   19.6   21.4   24.7   24.9   21.1   23.4   28.2   28.2   28.3   31.1
47106   26.2   21.2   19.9   19.1   20.5   21.9   22.2   22.3   23.7   25.5   26.6   29.0
47108   28.9   28.0   29.4   24.8   26.4   30.7   30.9   31.9   29.8   29.7   32.6   32.2
47112   25.8   25.1   26.6   21.9   25.6   26.4   29.0   29.1   25.9   25.5   27.9   28.4
47114   28.7   29.4   29.6   26.6   28.7   30.3   28.6   30.3   29.7   31.2   32.5   31.8
47115   25.2   21.6   17.8   16.2   19.7   22.6   17.9   20.4   22.0   24.7   24.4   24.4
47119   28.4   28.6   29.3   25.4   27.4   30.0   29.9   31.0   28.2   29.2   30.1   30.6
47121   29.3   29.0   29.4   24.3   29.0   31.0   27.4   30.8   30.1   32.2   32.4   32.0
47127   28.0   28.2   29.3   27.0   28.4   30.2   28.8   31.2   30.0   30.7   31.1   31.0
47129   26.7   25.6   27.6   24.8   27.4   29.4   29.5   31.0   26.3   27.5   28.9   30.0
47130   25.4   20.7   20.3   19.8   22.7   23.5   20.4   21.4   26.8   25.1   26.4   27.7
47131   29.1   28.7   29.7   28.2   29.9   29.7   29.7   32.3   28.9   29.9   31.2   32.0
47133   28.4   27.1   29.1   28.2   29.5   28.5   29.3   30.2   30.0   29.7   30.1   29.1
47135   28.0   25.0   26.1   27.4   28.1   24.9   25.9   29.5   27.4   28.4   27.7   27.9
47136   30.3   28.3   28.0   26.9   26.9   29.3   28.0   30.7   29.0   31.6   31.4   30.1
47137   29.0   27.2   27.7   28.4   28.0   28.5   29.3   31.9   28.8   29.0   28.7   30.2
47138   29.8   23.6   22.7   26.6   26.9   25.1   23.5   23.4   25.9   28.8   26.9   26.7
47140   26.5   25.6   27.1   25.2   28.7   26.1   29.2   29.4   26.1   28.3   29.0   29.0
47143   30.8   27.9   28.2   30.2   28.3   27.8   26.8   34.0   30.1   30.9   31.3   29.6
47146   29.3   26.9   31.3   30.3   31.3   27.6   31.2   31.4   31.4   31.2   30.6   30.2
47152   30.6   24.9   24.5   27.4   26.0   25.0   22.9   23.3   28.9   28.8   27.8   26.3
47155   28.2   24.8   26.6   26.2   25.2   23.6   25.4   27.1   26.4   27.5   26.1   23.6
47156   28.1   26.5   32.6   30.2   30.3   27.2   30.1   31.0   30.8   30.8   30.4   26.5
47159   26.3   23.9   24.6   23.6   24.9   25.0   24.5   24.3   26.9   26.6   25.7   23.0
47162   23.7   23.6   26.4   24.0   24.6   23.9   26.0   24.9   23.7   24.2   24.4   22.8
47165   26.0   22.2   27.4   26.2   27.0   26.7   27.2   27.8   27.4   27.3   27.3   24.8
47168   24.2   22.5   25.8   23.3   24.2   24.5   25.3   25.2   25.1   25.6   24.4   23.3
47169   20.3   19.5   22.8   23.1   24.5   20.8   22.5   23.1   25.8   23.4   24.9   20.5
47170   26.0   24.5   28.4   27.7   26.0   23.4   27.4   27.6   28.3   27.5   26.3   24.5
47172   27.4   25.7   29.7   26.7   28.7   26.2   29.1   30.0   28.7   28.1   29.2   27.4
47174   27.4   25.1   29.1   28.2   27.6   24.5   27.6   27.1   28.8   27.5   28.1   25.5
47175   23.7   20.6   27.3   26.4   23.7   23.5   25.2   25.7   26.1   26.9   25.4   21.1
47184   24.2   20.5   24.2   26.5   25.7   22.5   24.6   24.2   24.8   25.7   26.5   22.7
47185   22.2   19.2   24.8   24.3   24.3   25.9   25.5   26.9   24.0   23.6   24.9   23.5
47188   24.5   20.1   23.7   25.9   24.1   23.2   23.3   23.7   25.6   20.9   23.7   19.6
47189   24.7   20.4   26.0   25.8   24.4   25.0   25.2   25.3   23.9   23.1   25.7   22.2
47192   28.7   26.4   28.4   28.0   27.9   24.2   27.9   29.3   28.3   27.8   27.9   22.8
   96   21.2   21.9   19.7   16.4   17.1   19.4   17.5   17.0   17.3   21.5   22.2   21.8
