2014061600+000HOUR     2014061609LST
STNID    21H    45H    69H    93H   117H   141H   165H   189H   213H   237H   261H   285H
STNID 061706 061806 061906 062006 062106 062206 062306 062406 062506 062606 062706 062806LST
47008   12.5   11.7   13.1   13.4   12.7   12.5   14.3   14.7   15.2   17.5   15.9   15.6
47014   17.0   16.9   15.7   16.3   15.4   15.5   15.9   14.6   16.0   16.7   15.5   15.7
47041   15.9   14.8   14.5   15.3   15.4   13.3   17.1   17.1   18.3   17.1   18.1   18.0
47058   18.7   19.0   17.0   19.9   18.4   17.7   17.5   18.0   18.8   20.3   18.5   18.8
47069   19.5   19.7   18.7   20.2   19.6   20.7   18.8   19.4   16.8   18.2   17.5   18.2
47070   18.2   18.0   18.5   19.1   18.4   18.6   18.6   17.9   16.1   15.3   16.3   17.5
47090   16.3   16.9   15.6   17.8   17.0   16.4   18.2   18.2   20.9   19.6   16.8   17.1
47095   17.0   17.3   17.6   18.9   17.6   16.8   17.2   16.4   17.8   16.5   18.2   18.3
47098   16.9   16.6   18.4   20.2   19.0   17.2   18.8   16.8   18.0   17.2   18.5   18.0
47099   17.2   17.0   18.3   19.2   18.0   17.7   19.5   18.8   17.2   14.0   16.8   16.4
47100   13.6   12.2   13.1   14.3   11.6   13.2   12.1   12.9   15.5   13.9   13.5   17.7
47101   18.4   17.6   20.2   19.5   17.5   17.8   18.0   18.1   18.4   18.1   18.9   18.5
47102   15.9   14.6   14.6   16.1   12.8   15.0   13.6   15.1   15.8   17.3   14.3   14.4
47104   17.4   15.7   15.2   17.3   15.0   16.1   17.8   18.0   21.6   20.6   17.1   16.6
47105   17.9   16.4   15.9   17.9   16.8   15.9   16.3   20.4   22.1   22.0   16.7   18.5
47106   18.0   16.1   15.6   16.9   15.6   17.0   16.3   18.4   21.1   21.3   17.7   18.4
47108   19.7   18.4   20.7   22.0   19.3   21.0   20.4   18.5   20.4   20.0   17.7   18.4
47112   18.2   17.0   19.5   19.8   18.7   21.3   18.9   19.6   17.6   19.9   18.1   20.9
47114   17.5   18.3   19.4   19.9   19.9   20.2   19.5   18.3   17.4   18.6   17.3   17.5
47115   17.2   16.0   15.0   13.8   13.8   16.8   16.9   17.6   18.1   19.7   15.4   16.4
47119   18.0   16.9   18.9   20.0   19.8   20.0   19.3   18.4   17.6   21.6   18.1   19.3
47121   16.1   16.3   18.1   17.6   16.9   18.8   17.5   17.8   17.3   18.0   19.5   19.4
47127   17.8   18.3   19.2   20.5   18.4   19.9   18.6   17.8   19.6   16.9   18.1   17.5
47129   17.1   15.5   16.7   18.2   19.9   19.7   17.6   19.2   18.0   18.8   17.7   18.5
47130   17.0   15.4   15.5   16.0   14.7   16.6   16.1   16.4   19.0   20.1   14.6   18.3
47131   20.2   18.4   20.1   21.2   17.4   21.1   19.0   18.8   20.3   21.7   19.6   19.7
47133   19.8   18.9   20.2   21.0   18.0   21.1   19.7   18.0   20.2   21.2   19.4   19.8
47135   17.9   18.1   17.6   17.8   16.3   18.7   17.7   16.8   17.8   19.9   17.6   17.4
47136   19.1   17.8   18.5   19.3   17.1   18.4   19.1   16.7   18.9   19.2   19.1   18.9
47137   19.4   18.3   19.1   18.7   17.0   18.8   19.0   17.4   18.8   19.6   19.3   19.3
47138   20.4   18.2   17.5   19.2   16.1   18.8   19.3   19.0   22.6   23.8   18.5   20.6
47140   17.6   16.8   17.0   18.0   19.0   20.7   17.9   18.3   20.0   16.2   17.6   17.3
47143   22.5   20.8   19.5   20.8   17.7   20.6   20.0   18.6   21.4   21.8   19.3   19.5
47146   18.7   18.3   19.5   20.7   18.1   22.2   19.8   19.7   19.5   18.8   20.3   20.3
47152   21.3   18.7   17.2   19.8   17.7   17.5   17.8   18.2   21.3   22.7   19.4   17.9
47155   20.3   20.0   19.1   20.1   18.1   20.7   18.0   18.2   20.4   20.0   19.8   20.3
47156   19.6   19.0   19.8   20.4   21.2   21.0   18.6   20.2   19.7   20.1   20.0   19.3
47159   20.7   19.6   18.5   19.9   18.3   20.4   18.9   18.9   21.8   22.9   18.3   19.0
47162   19.6   18.2   16.3   18.6   18.1   19.7   16.8   17.5   19.3   18.8   17.9   19.2
47165   18.0   18.0   17.5   18.4   20.4   20.3   18.7   17.7   19.8   19.2   19.6   19.4
47168   20.1   19.3   20.0   19.8   20.3   20.1   19.1   19.1   21.4   20.5   20.4   20.2
47169   15.5   16.7   15.9   18.6   16.3   15.9   17.5   14.9   19.0   17.4   16.4   16.8
47170   18.2   16.7   19.2   18.2   20.0   19.9   18.8   17.6   19.3   19.3   20.7   19.5
47172   17.5   17.1   18.4   18.4   19.9   19.2   16.5   14.7   16.2   18.3   19.7   17.4
47174   17.5   16.6   17.8   16.2   17.4   20.5   17.6   17.5   15.0   18.3   19.9   15.9
47175   15.2   15.0   16.0   17.0   16.8   17.8   16.0   16.5   18.1   17.0   18.1   18.2
47184   17.6   17.9   18.2   20.1   20.5   20.9   18.8   20.0   21.3   20.5   23.8   22.3
47185   16.7   17.6   18.8   20.9   19.2   20.5   20.0   19.6   21.2   17.5   18.2   17.6
47188   17.6   18.1   17.0   18.8   19.1   17.1   20.8   19.1   19.9   20.0   21.3   20.3
47189   17.3   17.9   18.3   19.9   20.1   21.0   21.5   20.8   22.0   20.0   21.9   21.7
47192   20.0   18.2   17.9   17.8   17.9   19.9   18.5   19.6   17.6   19.1   19.5   18.9
   96   19.1   18.6   14.3   17.5   20.1   17.1   15.3   14.9   20.2   19.8   17.4   14.6
