2014061600+000HOUR     2014061609LST
STNID    21H    45H    69H    93H   117H   141H   165H   189H   213H   237H   261H   285H
STNID 061706 061806 061906 062006 062106 062206 062306 062406 062506 062606 062706 062806LST
47008   12.0   11.6   12.3   10.2   10.9   12.4   13.7   16.4   15.0   15.3   15.0   14.7
47014   16.3   17.5   15.4   15.9   16.0   15.8   14.7   15.8   16.6   17.1   17.0   16.5
47041   14.0   13.6   14.7   14.8   15.8   13.7   17.0   18.6   19.6   18.9   19.1   18.5
47058   19.4   19.0   18.1   19.8   20.0   17.7   17.7   18.5   19.2   20.0   19.8   20.4
47069   20.0   20.8   18.1   16.2   20.7   19.2   18.4   19.6   18.9   18.4   17.2   17.1
47070   18.8   18.6   18.5   18.1   19.2   17.6   17.4   19.1   17.8   19.3   19.2   17.1
47090   15.0   15.0   15.7   16.5   15.8   15.0   16.8   15.6   18.6   17.3   15.9   18.2
47095   18.4   17.2   17.8   18.4   17.5   16.0   16.6   17.2   18.2   18.5   18.5   18.2
47098   17.9   19.1   17.4   18.7   19.3   16.8   17.6   17.7   17.7   18.3   18.1   18.2
47099   17.6   18.4   16.8   16.8   19.3   16.8   17.6   18.7   18.0   18.6   20.0   17.2
47100   13.2   10.4   12.8   14.2   12.1   15.1   10.5   10.8   15.2   16.5   16.3   15.9
47101   18.8   18.1   19.6   18.9   19.8   17.2   16.9   18.2   18.6   19.1   17.8   19.5
47102   15.4   14.5   13.7   12.6   16.3   15.9   13.1   15.2   14.7   14.7   13.8   15.1
47104   16.4   14.0   15.3   16.5   16.3   15.5   16.1   15.6   18.9   19.2   18.3   19.0
47105   17.1   14.2   16.5   17.8   16.4   15.1   15.4   18.8   18.9   18.7   20.5   20.1
47106   18.2   15.2   15.4   16.6   15.4   17.2   15.7   16.1   17.1   16.9   17.9   19.5
47108   19.9   19.2   17.9   20.6   20.1   18.3   18.6   19.8   20.3   20.6   19.2   18.2
47112   17.4   16.2   16.0   16.7   21.2   17.0   18.0   19.1   19.4   21.5   21.0   20.0
47114   18.7   18.1   18.9   19.3   20.3   19.3   19.0   18.7   18.2   19.0   18.5   18.9
47115   18.0   14.5   16.2   15.7   16.6   18.2   16.8   16.4   15.5   15.9   15.9   16.7
47119   17.9   16.8   15.9   18.0   20.1   15.2   19.5   19.8   19.5   21.1   19.5   20.2
47121   17.5   15.4   18.4   18.0   16.2   19.7   17.7   16.7   18.5   18.6   16.7   18.3
47127   17.3   17.9   18.0   18.4   19.4   18.9   18.0   18.1   19.9   19.1   17.6   19.0
47129   14.8   14.9   15.2   17.2   20.2   16.4   16.9   19.6   19.5   19.1   19.7   19.3
47130   19.2   14.9   14.8   17.3   15.9   16.6   15.6   14.8   17.5   17.8   17.9   19.4
47131   19.4   19.3   19.2   20.2   20.0   19.8   18.2   19.0   21.1   20.0   20.1   21.6
47133   19.6   18.7   19.7   19.8   18.3   19.5   18.9   18.5   21.6   20.3   20.1   21.2
47135   18.1   15.4   17.2   17.6   18.1   18.9   16.5   17.2   18.7   18.3   17.9   19.9
47136   20.3   16.7   17.0   19.4   19.4   19.1   18.8   17.8   18.2   18.7   20.5   20.4
47137   19.8   16.8   18.6   19.6   17.6   19.0   17.7   18.0   19.5   18.3   19.0   20.2
47138   20.5   16.8   17.2   21.6   19.0   21.8   18.7   18.9   19.8   17.4   21.2   22.4
47140   15.8   15.9   15.7   15.5   20.3   18.8   19.2   18.3   20.8   18.1   18.8   17.6
47143   22.4   18.1   19.0   20.4   18.7   21.7   19.0   19.0   21.2   19.7   22.1   21.3
47146   18.8   17.0   18.6   20.7   17.7   19.7   18.7   19.8   20.1   20.3   20.5   21.9
47152   21.3   17.5   17.0   18.9   19.0   21.3   16.3   17.1   18.6   19.6   22.2   20.4
47155   19.4   17.9   19.0   19.7   19.6   20.8   18.5   19.0   18.9   17.5   20.8   21.0
47156   18.9   17.7   19.4   20.6   20.8   19.1   19.3   19.3   20.6   19.9   20.8   21.4
47159   20.5   18.1   18.7   20.2   19.2   20.8   18.6   19.0   20.4   20.5   20.9   21.4
47162   18.9   18.0   16.2   18.5   17.7   21.0   18.0   18.3   18.5   18.6   19.5   19.6
47165   18.9   17.7   16.9   18.9   19.4   20.0   19.4   19.3   18.9   20.1   20.8   19.6
47168   19.9   18.7   19.8   19.9   20.3   19.9   19.3   19.9   19.6   19.6   21.1   20.0
47169   16.0   15.3   14.9   17.2   17.0   14.0   18.4   14.8   19.0   17.1   15.2   16.3
47170   18.1   15.6   18.9   18.0   20.6   18.9   19.3   19.3   19.6   20.0   21.6   19.1
47172   16.6   16.8   16.8   18.2   20.5   16.8   17.0   17.3   17.7   19.9   18.5   20.4
47174   16.2   13.5   16.7   15.9   18.4   16.4   15.8   16.6   18.4   14.6   17.7   19.5
47175   16.4   13.7   15.4   15.7   17.6   16.1   15.8   17.3   17.5   17.7   19.8   18.3
47184   17.8   17.7   18.3   19.6   20.9   21.1   20.3   20.8   20.1   22.3   22.8   21.4
47185   17.1   16.7   18.8   20.3   19.9   20.6   20.2   21.1   20.3   17.5   18.4   20.1
47188   17.2   18.2   16.9   18.7   18.7   20.9   19.7   22.0   17.5   20.8   21.8   18.9
47189   17.9   17.7   18.2   19.0   19.8   21.0   22.8   23.1   19.7   21.5   22.8   20.9
47192   18.0   15.1   16.2   16.8   18.9   21.9   18.7   19.0   18.9   17.2   20.5   19.6
   96   19.8   18.5   14.9   19.1   20.9   16.8   13.7   15.6   17.0   17.3   16.5   17.0
