2014061512+000HOUR     2014061521LST
STNID     9H    33H    57H    81H   105H   129H   153H   177H   201H   225H   249H   273H
STNID 061606 061706 061806 061906 062006 062106 062206 062306 062406 062506 062606 062706LST
47008   14.7   12.9   11.5   10.2   11.4   13.0   12.9   12.6   17.3   15.5   14.6   15.2
47014   16.2   16.6   16.4   16.0   15.3   15.0   13.9   13.7   15.8   13.8   14.7   13.4
47041   17.3   16.5   15.5   16.2   16.3   15.7   16.8   14.7   17.1   16.7   18.7   18.4
47058   17.6   18.2   19.2   18.1   19.4   19.5   18.7   18.9   18.5   19.1   19.1   18.9
47069   16.9   19.1   18.8   18.8   19.7   22.5   19.6   20.2   15.9   15.6   16.3   18.5
47070   16.4   18.0   18.8   18.7   19.0   19.4   19.1   18.6   14.3   14.6   16.7   18.1
47090   20.7   16.8   17.2   18.5   17.6   16.9   16.3   16.4   20.0   17.1   16.3   16.9
47095   15.9   17.7   16.9   18.5   19.1   17.6   16.5   16.1   17.2   15.9   17.5   18.5
47098   15.8   17.4   17.9   19.6   17.8   18.9   17.1   17.4   17.2   16.7   18.5   18.4
47099   15.1   17.0   18.3   18.7   18.2   18.9   17.5   17.1   16.5   14.4   15.4   18.0
47100   13.9   14.2   13.4   14.9   14.2   11.5   11.1   11.6   14.7   13.5   12.4   15.2
47101   17.2   18.7   18.4   19.6   19.3   18.4   16.8   16.8   18.2   16.8   18.1   19.3
47102   14.3   16.0   14.7   14.1   16.2   18.0   14.5   15.6   15.1   15.3   15.4   15.4
47104   20.9   17.2   16.6   17.1   17.2   16.1   16.2   14.6   20.7   20.0   18.0   17.3
47105   23.4   17.8   16.9   18.7   18.1   17.0   16.5   17.3   21.2   21.9   19.5   18.5
47106   21.4   17.1   17.1   16.7   16.8   15.0   15.5   15.3   19.5   21.2   19.2   17.6
47108   17.9   19.8   19.1   19.8   20.5   21.3   18.0   19.7   21.1   18.5   20.1   19.5
47112   16.3   17.3   18.5   18.5   19.7   21.9   19.5   19.9   14.5   17.8   20.9   20.4
47114   16.6   19.3   18.4   18.7   19.1   19.6   17.9   19.5   15.5   15.8   17.4   19.4
47115   20.2   18.6   15.6   14.9   13.5   15.4   16.3   16.3   15.3   18.4   16.7   17.6
47119   16.2   17.5   18.9   17.6   19.3   22.3   18.6   19.4   17.1   18.8   20.0   21.0
47121   15.4   17.7   16.4   18.0   17.4   18.7   16.0   15.2   16.8   17.1   17.0   18.0
47127   16.2   18.3   17.5   19.1   18.6   19.5   18.0   18.0   18.5   14.3   16.8   18.3
47129   16.2   16.4   16.9   15.7   19.1   19.1   16.2   18.8   17.8   17.7   18.3   20.0
47130   20.2   18.2   16.5   16.1   16.5   15.4   15.7   15.7   18.6   18.9   17.1   15.8
47131   18.7   20.3   18.6   20.2   21.0   21.2   18.2   19.7   19.3   20.2   20.7   20.5
47133   18.3   20.2   19.1   20.2   21.6   20.6   18.3   19.1   20.5   20.0   20.8   20.3
47135   16.6   18.1   15.6   17.3   17.7   16.6   15.9   16.0   16.9   17.3   17.2   18.3
47136   17.2   19.4   16.7   18.4   19.4   17.4   16.3   17.2   17.1   17.7   17.6   18.3
47137   17.8   19.1   17.0   19.2   19.9   19.2   15.8   16.5   18.5   19.1   18.6   18.3
47138   21.8   22.0   17.7   20.1   18.8   17.8   17.2   18.2   21.3   21.3   20.6   19.2
47140   17.6   17.3   16.7   17.6   19.0   18.2   17.0   17.4   18.9   16.7   16.4   19.0
47143   20.7   22.1   17.2   19.7   21.0   19.4   16.0   17.6   20.5   21.7   20.4   19.9
47146   18.2   19.2   18.5   18.8   21.0   19.3   16.6   18.7   19.4   18.9   19.8   19.9
47152   19.6   20.0   16.0   18.7   19.1   16.8   16.2   16.9   20.1   19.8   20.3   18.3
47155   18.3   21.0   17.6   18.9   19.8   21.0   20.0   18.4   20.1   19.4   20.5   19.5
47156   19.6   19.9   18.0   19.7   21.8   20.0   16.9   19.5   20.6   20.6   21.0   19.7
47159   19.5   20.3   18.0   19.3   19.3   19.6   18.6   18.2   20.6   21.4   20.7   19.9
47162   17.8   19.6   16.4   18.1   17.8   18.9   18.7   17.0   19.5   18.5   19.2   19.3
47165   18.8   18.1   16.7   17.0   19.6   18.5   17.5   19.9   20.0   20.0   19.4   20.1
47168   19.6   19.9   17.7   19.7   20.4   18.9   18.6   18.7   21.1   20.6   20.2   20.1
47169   16.3   15.2   15.5   18.3   17.0   17.2   17.9   15.8   19.7   16.6   17.7   17.8
47170   19.0   17.9   16.5   17.5   19.1   18.7   18.7   19.2   18.5   19.4   19.3   19.6
47172   18.3   18.2   16.1   16.1   20.7   18.4   15.1   14.4   15.8   18.7   18.6   19.4
47174   14.5   16.9   14.9   16.9   19.2   16.0   13.9   13.0   15.9   16.1   17.1   15.4
47175   18.2   16.0   14.0   15.2   17.9   14.4   15.0   16.7   19.0   18.1   16.5   16.5
47184   20.4   18.0   16.0   17.6   19.2   18.8   18.7   20.4   21.5   19.8   20.1   20.3
47185   18.9   17.3   16.4   19.1   20.1   19.7   19.1   20.5   21.6   17.7   17.7   18.6
47188   19.8   18.2   15.8   17.3   18.6   17.9   19.2   21.3   19.7   20.0   19.3   18.9
47189   20.9   17.7   17.5   18.5   21.6   19.3   18.6   21.8   21.5   20.0   20.3   20.5
47192   16.5   18.9   15.1   17.2   18.7   17.8   17.4   15.6   16.5   17.0   19.0   18.8
   96   19.9   19.3   16.7   18.3   16.8   15.9   14.9   13.3   16.0   19.2   17.6   19.4
