2014061600+000HOUR     2014061609LST
STNID    15H    27H    39H    51H    63H    75H    87H    99H   111H   123H   135H   147H   159H   171H   183H   195H   207H   219H   231H   243H   255H   267H   279H
STNID 061700 061712 061800 061812 061900 061912 062000 062012 062100 062112 062200 062212 062300 062312 062400 062412 062500 062512 062600 062612 062700 062712 062800LST
47090    6.0    9.5    8.5   -999    4.5    9.5    8.0   -999    9.0   -999   -999   -999   -999   -999   -999   -999   -999   -999   -999    3.0    6.0    0.5    0.0
47095    4.0    6.5    7.5    8.5    7.5    8.0    8.0    9.0   -999   -999   -999   -999    0.0    0.0   -999    1.0   -999    0.0   -999    0.0    0.0    0.0    0.0
47100    7.0    9.5    8.0    8.5    3.5    7.5    6.5    9.5    8.0   -999   -999    8.5   -999   -999   -999   -999    0.0   -999    0.0    0.0    0.0    0.0    0.0
47101    7.0    6.5    8.0    9.0    7.5    9.0    7.0    9.0    9.5   -999   -999   -999   -999   -999   -999    0.0   -999    0.0    0.0   -999   -999   -999   -999
47102    6.0    5.0    1.0    0.5    0.5    4.0    8.5    9.5   -999    7.5   -999   -999    0.0    9.5    0.0   -999    0.0    0.0   -999   -999    0.0    0.0    0.0
47104    5.0   -999    9.0   -999    2.0    8.5    5.5   -999    9.5   -999   -999   -999   -999   -999   -999   -999   -999   -999   -999   -999   -999   -999   -999
47108    3.5    7.5    5.0    6.5    6.0    5.5    7.0    8.5    8.5   -999   -999   -999    0.0   -999    0.0   -999    0.0   -999    0.0   -999   -999   -999   -999
47112    5.5    5.5    4.0    5.0    4.5    4.0    6.5    9.0    8.5   -999   -999   -999    0.0   -999    0.0   -999   -999    0.0    0.0    0.0    0.0    0.0    0.0
47114    5.5    7.5    7.5    8.0    7.0    7.0    6.5    7.5    8.5   -999   -999   -999    0.0    0.0    0.0    7.0   -999    0.0    0.0    6.0    8.0    0.0   -999
47115    6.0    7.5    9.5    9.0    7.5    7.5    5.0    9.5    6.5   -999   -999    3.0    0.0   -999    0.0   -999    0.0   -999   -999    0.0    0.0    0.0    0.0
47119    5.0    6.5    5.0    6.0    3.5    4.5    6.0    7.5    8.5   -999   -999   -999    0.0    0.0    0.0    0.0   -999    0.0    3.5    0.0    0.0    0.0    0.0
47129    6.0    7.5    3.0    3.0    0.5    3.0    6.0    8.5    9.0   -999   -999   -999    0.0    0.0    0.0    0.0    0.0   -999    1.0    0.0    0.0    0.0    0.0
47130    7.5   -999    9.0    8.0    5.0    5.5    6.0    9.5   -999   -999   -999    9.5   -999    0.0   -999    0.0   -999    0.0   -999   -999   -999   -999   -999
47131    5.0    9.0    5.0    7.0    4.5    2.0    5.5    7.5    6.5   -999    9.5    8.5   -999   -999   -999   -999   -999   -999   -999    0.0    0.0    0.0    0.0
47133    6.5    8.0    7.0    7.0    5.0    1.5    6.0    7.5   -999   -999    9.5   -999   -999    0.0    0.0    0.0    0.0    0.0   -999    6.5   -999   -999    7.5
47136    5.5    9.5    7.5    6.0    5.0    6.0    2.5    7.0    7.5    7.5   -999    9.5    0.0   -999   -999   -999   -999   -999   -999   -999   -999   -999   -999
47138    4.0   -999    9.0    7.5    1.5    6.0    4.0    7.0    9.5   -999   -999    8.5    0.0    0.0   -999    0.0   -999    0.0   -999    0.0   -999   -999    0.0
47140    6.5   -999    6.5    6.5    2.0    2.0    6.0    8.5    9.5   -999   -999    9.5    0.0    0.0   -999    0.0   -999    0.0   -999   -999   -999   -999   -999
47143    5.5    9.5    7.0    5.0    1.5    1.5    9.5    8.0    8.0   -999   -999    9.5   -999   -999   -999   -999   -999   -999    0.0    0.0    0.0    0.0    0.0
47146    6.5    9.0    6.0    4.0    3.5    3.5    6.5    7.5    9.5   -999   -999   -999    0.0    0.0   -999   -999   -999   -999    0.0    0.0    0.0    0.0    0.0
47152    3.5   -999    9.0    2.5    0.0    2.5    6.0    8.0   -999   -999   -999    7.0    0.0   -999   -999   -999   -999    5.0   -999    0.0    0.0    0.0    0.5
47155    5.0    9.5    9.5    1.0    1.5    1.0    5.5    7.5   -999   -999   -999   -999   -999    0.0    0.0    0.0   -999   -999   -999    0.0    0.0    0.0    0.0
47156    6.0   -999    7.0    1.5    2.5    3.0    5.0   -999   -999   -999   -999   -999   -999   -999    0.0   -999    0.0   -999   -999   -999   -999   -999   -999
47159    5.5    9.5    9.5    3.5    1.0    2.0    5.5    8.0   -999   -999   -999    7.5   -999    0.0   -999    0.0   -999    0.0   -999    0.0    0.0    0.0    0.0
47162    3.5    9.5    9.5    1.5    0.5    3.0    2.5    8.0   -999   -999   -999    8.0    0.0    0.0   -999    0.0   -999    0.0   -999    0.0    9.5   -999   -999
47165    7.5   -999    8.0    1.5    1.0    5.0    7.5    8.0   -999    8.0   -999    6.5    0.0   -999   -999    0.0   -999   -999    0.0    0.0    0.0    0.0    0.0
47168    6.5   -999    9.0    0.5    1.5    2.0    6.5    8.5   -999   -999   -999    4.0    0.0   -999   -999    0.0   -999   -999    0.0    0.0    0.0    0.0   -999
47169    9.0   -999    8.0    2.0    2.0    5.5    9.5    9.5   -999   -999   -999    1.5   -999    0.0    0.0   -999    0.0   -999   -999    2.5    0.0    0.0    0.0
47170    8.5   -999    9.0    2.0    1.0    3.0    5.0    8.0   -999   -999   -999    9.5   -999    0.0   -999    0.0   -999    0.0   -999    0.0    0.0    0.0    0.0
47172    6.5    9.5    7.5    2.0    0.5    2.0    7.5    9.5   -999   -999   -999   -999   -999    0.0   -999    0.0   -999   -999    0.0    0.0    0.0    0.0    0.0
47174    5.5   -999    9.0    1.0    2.5    3.5    6.0   -999   -999   -999   -999   -999   -999    0.0   -999   -999   -999    0.0    0.0    0.0    0.0   -999   -999
47175    8.0   -999    8.0    0.0    2.0    5.5    7.0   -999   -999   -999   -999    8.0    0.0    0.0   -999    0.0   -999   -999    0.0    8.0    7.5   -999   -999
47184   -999   -999   -999    4.5    3.5    3.0    6.5   -999   -999    9.5   -999    8.5   -999   -999   -999    0.0   -999    0.0   -999    0.0    0.0    0.0    0.0
47185   -999    9.5   -999    5.0    3.5    2.0   -999   -999   -999    9.5   -999   -999    0.0    0.0   -999    0.0    0.0    0.0    0.0    0.0    0.0    0.0    0.0
47188   -999   -999   -999    8.0    4.5    3.0    7.0   -999   -999   -999   -999    8.5   -999    0.0   -999    0.0   -999    0.0   -999    0.0    0.0    0.0    0.0
47189   -999   -999   -999    6.0    2.0    3.0    7.5   -999   -999   -999   -999   -999   -999    0.0    0.0   -999   -999    3.0   -999    0.0    0.0    0.0    0.0
47192    6.0    9.5   -999    0.5    3.5    2.5    6.0    7.5   -999   -999   -999   -999    3.0    0.0   -999   -999   -999   -999   -999    8.0   -999   -999   -999
47232    5.5    9.0    5.0    5.0    2.5    2.5    6.0    8.0    9.5   -999   -999   -999    0.0    0.0   -999    0.0   -999   -999   -999    0.0   -999    0.0    0.0
47235    7.5    9.0    2.0    3.5    3.0    3.5    7.5    8.0    9.5   -999   -999   -999   -999    0.0    0.0    0.0    0.0    0.0   -999   -999   -999   -999   -999
47284    6.5    9.5    7.5    2.5    2.5    4.0    5.5    8.5   -999   -999    8.0    8.5    0.0    0.0    0.0    0.0   -999    0.0   -999    0.0    0.0    0.0    0.0
47110    5.0    6.5    4.0    6.0    5.0    5.0    7.0    8.5    9.5   -999   -999   -999   -999   -999   -999    0.0   -999    0.0   -999    0.0    0.0    0.0    0.0
47113    7.5    6.0    4.5    4.0    4.5    5.0    7.5    8.5   -999   -999   -999   -999    0.0   -999    0.0   -999    0.0    0.0    5.5    0.0    0.0    0.0    0.0
47128    5.5    8.5    8.0    6.0    5.0    4.5    7.5    8.0    7.0    9.0   -999   -999   -999    0.5    0.0    0.0    0.0    0.0   -999    0.0    0.0    0.0    0.0
47151    5.5    9.5    9.0    4.0    0.0    4.5    4.0    7.0   -999   -999   -999    9.0    0.0    0.0    0.0    0.0   -999   -999   -999    0.0    0.0    0.0    0.0
47163    6.0    9.5    8.5    2.0    1.0    3.5    8.0   -999   -999   -999   -999   -999    8.5    0.0    0.0    0.0    0.0    0.0    0.0    0.0    0.0    0.0    0.0
47167    5.0   -999    9.0    1.0    2.0    2.5    6.5    8.0   -999   -999   -999    8.0   -999   -999   -999   -999    0.0   -999   -999   -999   -999   -999   -999
47139    6.0    9.5    9.0    7.5    1.0    7.5    5.0    7.0    9.0   -999   -999    5.0   -999    0.0    0.0    0.0   -999   -999   -999    0.0    0.0    0.0    0.0
47142    6.0    8.5    7.5    4.5    1.5    2.5    9.0    7.5    9.0    8.5   -999    9.0   -999    0.0   -999   -999    0.0   -999   -999   -999   -999   -999   -999
47153    6.5    9.0    9.0    3.0    1.0    1.5    7.5    8.0   -999   -999   -999    8.5   -999    0.0   -999   -999    0.0   -999   -999    0.0    0.0   -999   -999
47158    6.5   -999    8.0    2.0    2.0    4.0    6.0   -999   -999   -999   -999   -999   -999   -999   -999   -999    0.0   -999    0.0    0.0    0.0   -999   -999
47161    6.0    8.5    9.5    2.0    4.0    3.5    4.0    7.5   -999   -999   -999    8.5   -999   -999   -999   -999   -999   -999    0.0    7.5    0.0   -999   -999
47182   -999   -999   -999    7.0    1.0    5.0    7.0   -999   -999    9.5   -999   -999   -999   -999   -999    0.0   -999    0.0   -999    0.0    0.0    0.0    0.0
