2014061512+000HOUR     2014061521LST
STNID    18H    42H    66H    90H   114H   138H   162H   186H   210H   234H   258H   282H
STNID 061615 061715 061815 061915 062015 062115 062215 062315 062415 062515 062615 062715LST
47008   18.0   13.9   11.0   16.1   18.2   19.3   20.6   21.9   20.9   19.7   18.7   19.3
47014   25.3   27.0   19.9   26.7   23.8   23.6   26.8   25.8   25.9   25.8   23.7   26.4
47041   23.0   17.9   17.2   15.2   19.1   20.9   24.9   28.0   26.2   22.7   23.7   26.0
47058   29.3   27.6   26.4   24.9   25.7   27.3   28.4   28.4   28.9   30.5   28.8   30.3
47069   27.8   27.7   25.5   27.7   24.9   24.2   26.5   31.2   28.9   30.1   27.5   28.3
47070   25.9   26.8   26.5   27.5   25.5   24.1   26.1   29.2   30.3   30.4   28.9   31.3
47090   27.1   20.3   21.2   21.5   18.7   21.4   22.3   23.9   25.3   23.1   23.0   25.5
47095   28.4   27.4   27.2   26.4   24.0   24.9   27.0   29.3   31.5   30.0   29.2   32.2
47098   29.7   28.0   29.5   28.7   26.8   26.1   27.6   31.7   31.9  -33.4   31.5   33.0
47099   28.7   30.1   28.2   29.4   27.5   26.4   28.7   32.0   31.8   31.9   31.7   33.6
47100   25.3   18.8   19.7   19.1   18.8   20.6   21.5   23.7   24.2   23.1   25.1   24.7
47101   29.4   26.3   26.4   27.9   25.1   27.3   26.9   30.7   30.4   30.3   31.4   32.8
47102   23.1   24.0   22.6   23.5   23.8   22.8   23.6   25.8   25.7   28.0   23.3   26.5
47104   28.5   19.4   21.5   21.8   20.5   22.9   25.2   25.7   27.2   23.0   24.3   25.7
47105   29.5   20.6   22.3   22.3   21.6   24.7   26.1   27.6   27.4   24.0   27.4   26.6
47106   26.3   20.4   21.2   21.5   19.8   21.8   22.1   23.0   23.8   23.9   24.1   26.0
47108   28.6   28.2   26.9   28.5   26.6   26.7   28.6   32.0   32.1   16.7   31.2   32.8
47112   24.1   25.8   25.8   25.7   25.7   26.1   25.9   21.3   30.5   28.8   27.1   30.4
47114   29.0   26.7   28.3   29.3   26.3   29.1   30.8   31.7   30.2   26.4   31.7   33.8
47115   24.9   21.9   21.1   17.8   18.4   18.3   20.8   23.2   22.9   22.2   23.2   24.0
47119   28.2   27.9   27.4   28.0   27.2   28.6   28.7   30.7   31.2   31.0   30.0   32.4
47121   29.2   27.1   29.3   29.1   25.0   29.1   29.4   31.2   31.8   30.9   32.7   34.6
47127   28.7   26.5   28.2   28.3   25.1   29.3   29.0   30.9   31.1   31.2   31.7   31.5
47129   26.7   24.9   24.9   26.4   24.6   27.1   27.2   29.2   30.0   30.4   29.4   29.3
47130   26.0   20.4   20.8   22.4   19.8   21.7   23.2   23.4   23.3   24.0   25.5   26.6
47131   29.6   25.4   28.2   28.6   27.3   29.2   28.9   31.4   31.4   31.3   31.1   33.0
47133   29.4   24.5   27.0   29.0   27.2   28.5   29.0   30.3   31.2   30.7   29.7   31.5
47135   28.8   24.9   26.0   27.2   23.8   24.8   27.5   28.8   27.9   28.4   28.5   29.3
47136   30.6   26.5   28.5   27.4   25.3   26.8   28.3   30.7   30.5   30.6   31.9   31.7
47137   30.0   25.5   27.5   28.3   24.5   27.7   28.0   29.7   29.2   29.5   29.8   30.7
47138   29.8   23.7   23.5   27.7   24.7   24.0   23.0   24.3   26.1   25.6   24.4   26.8
47140   26.4   23.7   25.7   26.9   26.8   27.6   29.4   28.6   29.0   29.0   29.2   31.4
47143   31.9   27.8   30.2   28.8   23.1   29.1   28.4   31.3   30.6   30.6   31.3   31.8
47146   30.7   23.8   30.1   30.6   28.8   30.7   31.7   32.1   32.2   32.1   31.9   33.4
47152   31.1   26.0   26.3   28.7   22.4   24.6   25.6   27.4   27.6   27.2   26.7   28.0
47155   29.9   25.4   28.5   28.2   23.0   25.0   24.9   27.0   29.3   28.6   27.8   28.0
47156   30.3   24.9   31.1   31.0   29.4   30.2   32.3   31.9   31.4   30.9   32.1   30.4
47159   27.6   25.4   26.5   25.5   23.8   24.6   25.6   27.0   27.4   27.1   26.5   26.9
47162   26.1   24.4   27.0   25.6   23.8   24.2   27.0   26.3   25.8   25.2   24.9   26.5
47165   27.3   22.1   27.6   27.3   26.7   26.2   28.6   28.7   28.5   27.8   30.2   28.2
47168   26.6   23.4   26.7   23.7   23.7   23.1   24.1   26.5   27.1   25.6   26.3   26.0
47169   23.3   19.7   23.4   23.9   24.9   23.5   24.0   24.9   24.4   25.2   25.6   24.2
47170   29.5   23.3   29.4   29.9   25.2   25.6   26.8   28.0   27.3   28.7   28.5   27.8
47172   29.9   23.2   29.2   28.7   28.0   28.6   30.4   30.8   30.2   30.1   32.2   32.5
47174   30.0   25.2   28.7   29.3   25.8   26.5   28.0   28.9   30.8   29.5   30.3   28.2
47175   26.7   21.9   27.3   26.9   23.9   23.8   27.1   27.3   25.9   26.6   29.1   25.9
47184   26.6   21.5   24.5   26.6   26.6   24.1   24.7   25.0   26.1   28.7   28.1   24.6
47185   23.8   20.4   24.9   27.0   26.3   24.7   25.9   27.7   26.4   25.3   27.2   24.6
47188   26.1   20.1   23.8   26.9   24.2   23.5   26.4   24.9   26.0   27.1   26.7   24.0
47189   25.2   20.9   26.0   26.9   25.7   25.2   26.9   25.9   26.7   27.2   26.5   24.6
47192   30.6   26.2   29.1   27.9   25.6   27.2   28.0   28.8   30.0   30.1   29.4   28.5
   96   22.6   21.8   20.6   18.6   17.7   17.8   19.1   19.7   20.9   20.8   22.2   22.5
