2014061512+000HOUR     2014061521LST
STNID     9H    33H    57H    81H   105H   129H   153H   177H   201H   225H   249H   273H
STNID 061606 061706 061806 061906 062006 062106 062206 062306 062406 062506 062606 062706LST
47008   15.0   12.3   12.1   12.9   13.2   13.3   11.9    8.8   13.2   12.8   14.0   15.6
47014   16.3   16.3   16.7   14.7   15.0   16.0   16.9   18.6   14.9   14.8   15.0   15.4
47041   17.7   15.6   13.4   14.8   16.6   16.9   16.7   15.0   15.7   16.5   18.1   19.0
47058   18.7   19.4   18.0   17.9   19.4   19.8   19.6   18.4   18.5   19.5   19.8   19.2
47069   19.4   19.8   19.7   19.5   18.5   20.6   18.2   16.4   16.7   18.3   20.1   18.5
47070   18.9   18.4   17.1   17.4   17.4   18.8   18.6   15.2   14.6   17.0   17.6   19.0
47090   21.5   16.7   16.2   14.2   18.4   17.0   16.5   16.5   20.2   19.0   15.1   17.7
47095   16.9   17.7   15.5   16.2   17.8   18.1   15.5   14.5   16.0   16.5   17.6   17.7
47098   17.2   17.5   15.7   17.2   18.1   18.8   16.3   13.5   16.4   16.6   18.0   18.2
47099   17.0   17.9   15.5   18.4   18.8   18.7   16.7   15.8   16.6   16.4   16.3   18.3
47100   14.6   13.2   11.3   12.0   13.5   11.5    9.6   11.5   12.3   11.4   12.1   12.8
47101   17.7   17.9   15.5   16.5   18.4   18.5   16.6   16.8   17.2   18.1   16.8   18.8
47102   16.7   16.8   16.5   16.2   16.4   15.9   16.8   14.8   14.8   16.2   17.2   16.0
47104   21.1   17.4   15.3   15.0   17.6   16.7   16.0   17.0   20.8   17.6   17.0   17.7
47105   23.8   18.3   15.3   15.7   18.5   17.4   15.7   16.8   19.5   17.8   18.3   18.6
47106   22.5   17.7   15.8   15.5   17.1   15.5   14.6   16.6   19.6   18.2   16.2   17.6
47108   19.3   20.4   18.6   18.6   18.8   19.8   16.5   15.2   19.1   18.5   20.2   20.0
47112   17.9   18.2   18.1   20.3   17.9   20.3   17.0   16.9   17.0   19.3   19.2   19.6
47114   17.7   18.9   17.5   18.7   19.0   18.8   16.5   17.1   14.5   17.2   15.5   19.1
47115   20.5   19.3   14.5   12.8   13.1   15.4   16.1   15.9   13.8   15.1   15.2   14.7
47119   17.5   18.5   18.4   19.5   18.7   21.0   17.9   18.1   18.3   19.0   20.4   20.5
47121   15.6   16.9   14.9   16.6   17.3   14.7   16.5   17.2   15.5   18.1   15.9   17.7
47127   17.2   18.7   17.5   18.2   19.3   16.4   18.3   17.6   17.3   16.6   15.6   18.0
47129   16.6   18.5   17.0   17.2   16.9   19.9   15.1   16.4   17.0   18.1   18.7   18.5
47130   21.1   18.3   14.8   15.4   15.7   15.3   13.4   16.0   18.4   16.6   17.1   16.4
47131   19.3   20.7   18.4   19.5   19.5   20.6   17.9   18.8   18.1   19.3   20.4   21.0
47133   18.7   20.4   17.9   19.5   18.9   20.1   18.8   20.1   17.8   19.7   20.6   21.0
47135   16.7   18.1   15.6   17.2   18.2   15.9   17.8   16.3   16.2   17.0   17.5   16.2
47136   17.9   19.3   16.1   17.0   18.1   16.3   17.4   16.0   17.1   18.2   17.8   16.6
47137   18.6   19.1   16.6   17.1   18.2   17.2   17.3   17.5   17.7   18.2   17.5   17.9
47138   22.9   22.2   15.4   17.6   18.0   18.5   16.0   17.1   20.1   20.5   21.7   20.4
47140   17.3   18.6   17.6   18.0   19.1   19.1   21.0   18.3   16.8   18.8   18.0   17.5
47143   21.3   22.5   16.3   18.6   18.4   18.8   15.9   17.6   18.7   18.7   19.4   20.3
47146   18.5   19.4   18.2   18.8   16.8   18.1   19.6   18.2   18.9   19.8   21.0   21.5
47152   20.6   20.1   14.4   16.8   17.0   16.6   16.9   17.4   18.6   18.3   19.5   19.5
47155   18.1   19.5   18.1   17.7   17.7   19.4   20.1   18.7   18.5   19.6   19.5   20.4
47156   19.0   18.7   18.2   18.8   18.6   19.7   20.5   18.4   18.1   20.5   20.7   21.9
47159   19.8   20.5   18.2   17.2   18.7   19.2   18.7   19.5   18.4   18.8   19.8   20.2
47162   17.9   18.2   16.1   17.2   16.5   17.8   20.0   18.5   18.2   18.9   18.3   19.4
47165   18.6   17.6   16.2   17.7   17.6   21.6   20.3   16.0   18.5   20.4   19.2   19.0
47168   19.7   18.1   18.3   18.4   18.8   19.2   19.4   20.2   19.7   20.3   19.2   19.3
47169   16.6   15.7   15.7   18.6   16.8   16.1   17.9   13.5   17.9   17.0   17.7   17.1
47170   18.2   16.9   16.4   17.4   17.5   19.1   21.2   18.8   17.0   20.7   18.5   19.4
47172   17.8   17.4   15.7   17.1   17.3   16.9   18.6   13.1   14.5   17.4   19.0   18.1
47174   15.8   17.6   15.5   16.6   16.5   15.8   15.1   15.9   15.3   17.0   18.3   15.7
47175   17.5   15.2   14.1   16.0   15.6   14.8   17.4   15.5   16.3   18.5   16.7   17.2
47184   19.4   17.7   15.8   17.4   18.3   20.5   22.0   20.2   20.8   21.9   19.2   19.5
47185   19.9   16.6   16.4   19.0   19.6   21.2   20.8   18.5   20.5   18.0   18.8   17.7
47188   19.5   17.9   16.0   17.6   18.8   20.3   21.4   21.5   21.9   22.1   17.1   18.9
47189   20.7   17.3   16.6   18.9   20.5   22.4   22.4   21.5   22.1   22.6   19.6   20.5
47192   16.7   18.1   15.0   17.6   17.0   18.0   18.5   18.2   17.6   18.0   18.7   17.9
   96   20.1   19.8   14.6   16.3   17.6   15.2   16.0   16.8   12.7   15.6   16.1   16.7
