2014061600+000HOUR     2014061609LST
STNID    21H    45H    69H    93H   117H   141H   165H   189H   213H   237H   261H   285H
STNID 061706 061806 061906 062006 062106 062206 062306 062406 062506 062606 062706 062806LST
47008   12.6   12.1   13.3   12.5   12.5   15.5   13.5   18.9   16.9   14.3   15.4   17.4
47014   14.9   16.7   14.6   15.2   15.1   15.3   12.4   15.5   15.3   14.9   16.6   18.0
47041   14.9   14.9   16.7   16.9   16.7   16.7   17.2   17.0   18.5   18.3   18.0   19.8
47058   19.7   18.7   19.2   18.6   19.3   18.3   18.4   18.8   20.7   20.2   20.0   20.7
47069   19.2   20.1   19.0   18.5   23.6   19.1   20.4   18.5   17.3   19.5   19.3   21.2
47070   18.9   19.5   18.5   18.0   17.9   18.5   19.2   18.6   16.5   19.1   18.2   20.9
47090   16.8   15.3   19.1   17.5   18.5   19.6   22.4   22.0   21.2   20.9   21.0   20.6
47095   18.4   17.1   17.4   16.9   17.2   16.6   16.8   17.1   16.7   17.5   19.5   20.0
47098   18.1   17.8   17.7   18.2   17.8   17.2   18.3   17.3   17.6   18.6   19.0   20.3
47099   18.9   18.8   17.3   17.8   14.6   18.2   18.9   18.0   17.8   17.9   17.7   20.7
47100   13.9   11.3   14.8   13.7   11.1   12.0   15.2   13.7   13.9    9.6   14.1   12.5
47101   19.0   17.3   18.5   18.0   18.7   16.9   17.8   18.6   18.1   18.3   19.7   20.3
47102   17.2   16.1   15.8   14.8   16.7   18.4   18.2   16.2   17.8   16.6   17.2   16.8
47104   16.6   15.8   16.8   16.1   16.8   17.0   20.7   20.4   19.7   22.2   21.7   19.8
47105   17.7   16.0   18.2   17.9   18.2   19.0   22.7   23.3   22.1   21.9   22.1   20.8
47106   18.0   15.6   18.5   17.9   17.4   19.4   21.9   22.1   21.2   20.3   20.0   20.6
47108   19.5   19.9   19.2   19.1   19.7   21.0   19.5   18.6   21.5   21.4   20.1   22.9
47112   18.5   18.6   18.3   18.1   21.0   19.7   18.9   19.3   16.7   19.5   21.1   20.4
47114   18.9   16.5   18.9   18.5   18.2   18.2   19.3   19.7   18.1   17.3   20.0   21.0
47115   17.4   14.1   17.9   17.6   16.2   18.3   20.3   21.3   20.0   19.7   19.4   20.1
47119   19.2   19.6   18.6   18.7   20.4   20.0   17.4   18.8   19.2   19.1   21.4   21.6
47121   17.4   15.4   17.5   17.3   17.7   14.8   16.2   17.0   17.3   15.8   20.4   15.9
47127   18.3   16.5   18.8   17.7   17.5   15.6   18.2   17.6   19.8   17.3   19.6   20.2
47129   17.4   17.2   16.9   17.3   16.6   15.8   17.2   17.2   18.8   18.1   20.4   19.5
47130   18.0   16.5   17.1   17.8   15.9   19.1   19.1   19.0   18.4   15.9   18.9   17.2
47131   20.4   18.6   19.8   19.4   18.6   17.7   19.6   19.7   21.3   20.5   21.7   21.4
47133   20.1   18.1   19.1   19.1   15.8   19.5   19.9   19.3   21.4   20.1   21.7   21.1
47135   18.2   15.9   17.6   17.0   18.5   15.7   17.8   16.8   18.6   17.4   19.0   17.7
47136   20.1   18.1   19.8   18.7   16.9   17.9   16.6   18.6   19.0   18.0   18.8   18.0
47137   19.5   17.4   19.1   18.7   16.8   17.1   16.6   18.1   19.6   20.1   20.0   19.3
47138   20.2   18.5   19.9   22.5   15.2   20.0   22.5   21.8   21.3   18.7   21.7   18.3
47140   18.8   18.3   18.5   18.1   16.9   18.9   18.5   18.9   19.7   20.2   19.0   20.7
47143   22.6   18.4   20.6   20.9   16.7   18.3   20.5   21.2   21.5   19.4   22.5   21.3
47146   19.5   17.9   18.9   18.6   16.9   18.8   19.7   19.8   20.7   19.4   20.0   19.8
47152   20.0   17.6   18.7   19.6   19.0   17.4   20.1   20.1   19.9   17.2   20.4   18.3
47155   19.6   19.0   20.6   19.5   19.9   20.0   21.0   20.3   20.3   19.7   20.1   19.8
47156   19.5   18.7   19.6   20.6   22.0   19.7   18.2   20.7   20.5   19.3   20.7   20.0
47159   19.9   19.1   20.0   19.9   19.8   20.1   20.5   21.8   21.5   19.2   21.2   18.9
47162   19.2   18.3   17.0   18.0   19.9   18.8   19.1   19.2   19.1   19.3   19.0   18.9
47165   18.1   18.5   17.7   19.0   20.0   18.5   17.6   21.2   19.8   19.4   19.7   20.8
47168   20.0   19.3   20.5   19.0   20.4   19.9   20.3   20.4   20.2   20.3   20.7   20.0
47169   18.1   17.8   17.9   18.0   17.7   19.1   19.3   20.4   18.3   19.0   19.6   19.8
47170   19.1   17.0   18.8   18.7   21.1   18.8   19.4   20.4   20.2   19.7   18.5   20.8
47172   19.1   17.0   18.0   18.5   19.1   18.3   22.0   18.9   19.9   18.4   21.1   19.7
47174   17.5   14.2   17.1   17.7   18.3   16.4   15.5   16.8   19.3   17.2   21.1   17.2
47175   15.9   15.9   17.2   16.9   17.6   13.4   17.7   19.2   17.7   17.2   17.3   17.5
47184   18.4   19.3   19.1   19.6   21.3   19.5   21.0   22.2   21.6   21.1   20.6   20.7
47185   18.3   18.5   19.5   20.3   19.0   19.6   20.8   21.3   20.9   20.1   22.2   22.9
47188   18.3   19.2   18.2   20.1   20.1   20.0   19.3   21.3   21.9   20.6   19.5   19.9
47189   18.6   19.5   19.8   21.4   18.6   19.4   20.5   22.9   20.8   21.7   20.2   20.9
47192   19.0   15.7   18.0   17.4   18.9   18.8   18.8   18.3   19.7   18.3   19.1   18.8
   96   18.8   17.3   16.5   19.1   19.8   17.0   18.6   18.8   20.9   22.4   18.3   21.6
