2014061600+000HOUR     2014061609LST
STNID     6H    30H    54H    78H   102H   126H   150H   174H   198H   222H   246H   270H
STNID 061615 061715 061815 061915 062015 062115 062215 062315 062415 062515 062615 062715LST
47008   17.5   15.4   11.7   14.4   19.3   18.7   18.3   20.2   20.9   21.9   21.3   23.1
47014   25.4   23.6   22.1   22.4   26.8   27.1   25.8   26.9   26.1   24.9   22.4   23.3
47041   21.7   15.9   23.8   20.5   20.5   20.3   26.2   30.3   29.0   27.8   29.1   27.4
47058   30.1   28.2   23.0   26.0   26.0   26.9   29.8   28.9   29.7   25.6   28.0   24.6
47069   26.6   25.5   26.4   23.1   26.8   25.5   28.4   29.4   24.7   25.4   28.3   25.1
47070   26.4   25.9   26.4   24.6   27.0   23.3   25.8   28.0   24.9   27.0   28.2   29.4
47090   26.7   19.2   23.3   26.1   22.2   19.5   42.2   27.2   28.0   26.8   27.3   27.2
47095   29.6   27.7   26.7   25.1   27.7   23.8   27.7   25.5   27.9   28.6   31.6   30.5
47098   31.0   28.6   27.8   26.3   27.9   21.8   27.0   31.3   29.0   29.4   32.2   33.1
47099   29.7   29.1   28.4   26.5   29.0   24.0   28.6   30.6   28.7   28.8   31.1   31.4
47100   27.5   17.4   23.0   23.7   19.6   21.4   22.4   23.2   24.8   26.6   25.2   27.8
47101   31.2   27.1   28.0   27.5   27.6   28.2   28.4   29.3   28.8   29.1   32.9   30.8
47102   23.1   23.8   22.0   19.0   23.1   22.5   25.7   26.8   22.0   24.3   22.0   21.9
47104   30.0   17.7   25.5   27.1   21.4   19.9   26.3   28.3   29.6   29.3   28.9   27.9
47105   30.6   18.4   25.6   27.6   20.4   22.1   27.5   30.2   31.1   28.1   29.9   30.8
47106   27.2   18.9   23.3   27.0   21.2   19.4   24.9   28.5   27.2   26.9   25.4   27.9
47108   29.5   28.2   28.3   26.0   27.7   24.2   26.7   28.6   28.3   27.8   31.3   31.1
47112   26.6   26.5   25.2   23.1   27.8   20.6   22.8   25.8   22.9   24.6   26.7   27.4
47114   30.3   26.5   29.9   28.8   26.7   28.7   27.9   27.3   28.5   31.0   31.6   32.6
47115   27.2   19.9   20.7   22.6   22.8   17.5   21.5   25.3   27.6   25.9   24.2   25.4
47119   29.4   28.9   27.2   27.2   28.7   25.5   25.6   28.3   27.2   27.9   29.2   30.5
47121   30.1   25.4   27.0   29.3   28.0   25.2   28.3   29.0   29.9   31.7   31.4   32.8
47127   29.7   26.7   29.3   28.7   29.0   25.1   28.1   28.9   27.6   30.1   30.4   32.5
47129   27.6   26.1   26.8   26.3   28.0   22.9   24.2   27.1   25.7   25.3   27.2   29.4
47130   26.0   19.2   23.4   24.8   21.6   26.7   26.4   26.8   26.7   26.7   25.7   27.2
47131   30.1   27.4   29.8   29.8   28.5   25.4   28.4   29.4   27.8   29.0   29.1   30.1
47133   30.1   26.7   29.6   30.1   27.3   23.3   27.9   29.0   26.7   27.6   29.5   29.3
47135   29.2   24.4   28.3   29.4   22.8   21.9   26.4   27.5   27.6   25.6   28.3   28.4
47136   30.9   27.1   29.6   30.0   29.1   24.4   29.2   28.5   28.5   29.3   30.4   32.1
47137   30.4   25.8   30.0   30.1   27.6   22.4   28.4   28.3   27.1   27.5   28.1   29.7
47138   29.3   20.8   25.8   29.8   27.9   23.9   29.9   30.1   28.0   25.2   26.1   26.4
47140   28.5   25.4   27.2   25.9   23.9   23.8   25.7   26.2   26.2   25.4   26.7   27.4
47143   31.8   26.5   30.0   31.5   28.3   26.6   32.0   30.3   30.3   29.3   30.3   32.0
47146   31.6   27.5   31.3   31.8   26.1   25.1   29.5   29.7   29.8   28.0   30.8   29.1
47152   31.2   24.6   27.5   30.0   26.3   26.0   29.9   31.6   29.2   25.0   27.4   27.6
47155   29.6   25.2   28.2   29.0   24.5   25.2   30.7   30.0   27.1   24.1   26.5   24.1
47156   30.3   26.5   31.3   30.6   26.6   26.1   28.6   29.1   29.8   27.4   29.9   27.3
47159   28.1   24.1   25.3   26.5   24.6   24.2   27.7   28.0   27.5   22.3   25.9   24.6
47162   25.4   24.3   25.8   25.5   24.2   22.8   27.0   26.2   25.1   23.9   24.5   21.6
47165   26.8   24.4   26.6   26.3   26.0   22.6   25.5   25.8   27.6   25.5   27.5   22.6
47168   25.6   22.1   25.4   23.5   21.6   24.7   27.2   26.3   25.7   23.8   24.8   23.2
47169   23.0   21.3   24.4   24.6   20.9   21.9   25.6   25.3   24.4   19.9   23.6   20.9
47170   27.6   25.3   28.4   27.8   23.3   25.8   26.7   28.1   27.4   24.4   27.4   24.5
47172   29.9   26.2   28.8   27.7   24.4   23.9   25.9   26.3   26.2   27.2   27.7   25.6
47174   28.9   23.5   29.5   29.5   22.2   27.7   29.1   28.1   26.9   25.4   25.7   25.6
47175   23.7   21.1   25.8   25.3   21.9   22.3   23.5   24.2   24.1   23.2   24.2   21.0
47184   24.8   22.5   26.4   27.6   24.0   24.2   25.9   27.0   25.9   23.3   26.5   22.9
47185   24.3   23.7   25.7   25.8   24.2   21.1   24.1   25.7   24.1   24.8   18.3   25.0
47188   26.6   20.7   25.1   26.6   22.8   24.9   26.2   28.1   24.3   22.9   25.3   21.2
47189   26.1   23.1   26.8   26.6   26.1   24.3   26.5   26.2   24.8   24.6   26.5   24.5
47192   30.2   25.2   29.4   29.8   24.0   26.6   30.0   29.1   28.3   23.5   27.8   24.3
   96   23.4   20.5   20.6   20.1   21.2   16.9   19.3   21.8   23.8   24.5   23.6   23.1
