2014061600+000HOUR     2014061609LST
STNID    21H    45H    69H    93H   117H   141H   165H   189H   213H   237H   261H   285H
STNID 061706 061806 061906 062006 062106 062206 062306 062406 062506 062606 062706 062806LST
47008   12.4   12.0   12.9   12.6   14.5   14.1   16.0   16.8   16.4   16.0   12.7   17.1
47014   16.8   16.2   15.5   16.4   17.6   15.9   14.8   16.5   16.9   15.7   16.7   17.3
47041   15.1   15.4   15.9   16.5   17.0   16.0   15.9   18.8   18.7   17.6   19.6   20.1
47058   18.6   18.3   17.6   19.5   20.4   18.4   19.4   18.9   19.5   19.4   19.9   19.7
47069   19.9   19.9   18.2   22.0   23.7   20.2   21.4   19.2   19.2   19.2   17.8   19.9
47070   18.4   18.3   17.8   19.5   18.8   17.6   18.3   18.0   18.2   20.1   19.1   21.2
47090   16.1   16.1   17.5   18.0   18.0   17.2   15.1   17.2   19.9   20.3   21.5   21.3
47095   17.9   16.5   16.3   19.4   18.1   16.0   16.2   15.6   18.9   19.6   18.0   19.9
47098   18.2   17.6   17.7   20.2   18.1   15.8   18.8   17.0   19.1   18.9   17.6   21.5
47099   17.7   17.2   17.3   19.2   19.4   17.1   18.2   17.3   20.0   20.3   18.6   20.5
47100   12.8   11.4   13.8   15.4   13.1   11.1   11.0   12.8   15.8   16.2   14.3   11.8
47101   19.0   17.6   18.1   19.4   18.5   16.0   17.3   18.3   19.4   18.9   18.0   20.4
47102   15.8   15.1   14.7   15.8   15.0   15.9   15.8   15.0   16.2   15.1   16.2   17.6
47104   17.4   15.4   16.9   17.4   16.2   16.0   14.4   16.7   20.2   20.9   21.1   21.0
47105   18.2   15.6   17.7   18.3   17.1   16.9   14.9   19.8   22.3   22.1   22.3   22.3
47106   17.7   15.5   17.2   17.7   16.4   16.0   15.2   17.2   21.4   21.5   21.1   21.3
47108   20.7   20.4   19.9   21.6   21.0   19.3   21.2   19.8   19.5   20.2   20.3   23.8
47112   19.3   18.1   18.8   20.3   24.5   20.3   20.3   19.4   19.7   20.9   20.0   20.8
47114   19.2   17.5   18.1   18.5   19.2   17.9   19.1   19.5   17.3   18.1   18.9   21.0
47115   17.7   13.9   16.7   14.7   14.0   16.6   16.9   18.0   17.7   18.6   19.9   19.8
47119   19.2   17.4   17.6   19.5   22.0   19.5   19.9   19.1   19.2   19.9   20.5   21.6
47121   16.2   15.6   16.5   17.5   13.5   16.7   14.8   17.3   17.1   18.9   19.0   19.0
47127   18.9   17.0   16.3   17.5   18.6   18.1   17.9   17.7   18.4   16.5   16.9   18.8
47129   16.9   15.1   15.5   17.8   20.1   17.2   18.5   18.3   19.4   20.0   19.9   19.5
47130   16.9   15.9   16.4   16.4   15.9   15.6   15.2   16.8   18.7   19.3   20.0   18.2
47131   20.2   18.6   18.7   20.7   20.8   18.6   20.7   20.0   20.1   21.0   21.1   22.8
47133   19.8   18.4   18.4   20.0   18.9   20.2   20.9   18.7   19.1   20.5   20.8   22.4
47135   18.2   15.5   16.5   17.7   16.9   14.5   16.1   16.9   17.4   18.6   18.3   18.8
47136   19.1   17.5   17.8   18.2   15.9   16.9   17.3   18.4   18.1   20.3   20.1   18.7
47137   19.2   16.9   19.1   18.8   17.2   15.2   17.6   19.5   18.6   20.3   20.0   20.6
47138   20.2   17.8   18.8   19.9   18.4   16.5   19.2   20.4   22.4   22.7   22.0   22.7
47140   17.3   17.3   16.9   17.8   18.1   16.9   19.5   18.1   20.0   18.6   20.0   18.5
47143   22.1   19.0   20.3   20.9   19.2   16.1   18.5   20.8   20.8   22.0   21.8   22.6
47146   19.5   17.0   18.1   19.7   19.8   16.4   20.0   18.2   19.2   20.1   21.2   21.9
47152   19.0   16.4   16.8   19.2   18.4   17.0   17.3   19.7   20.5   21.6   21.1   20.8
47155   18.6   18.4   18.7   19.8   19.0   18.7   18.2   20.0   20.0   21.5   20.6   21.9
47156   19.5   17.7   19.9   20.7   20.6   18.1   19.3   19.2   20.0   20.6   21.3   22.8
47159   20.4   18.2   19.2   19.7   19.9   19.1   19.3   20.6   21.3   21.7   22.2   21.9
47162   18.6   19.2   16.0   17.9   18.3   17.7   18.2   19.1   19.6   19.8   19.7   20.5
47165   19.0   17.3   17.1   18.7   19.1   18.2   18.4   19.7   19.7   19.7   20.7   21.1
47168   19.2   19.0   19.6   19.7   20.5   19.1   19.4   19.8   20.8   20.5   21.6   21.7
47169   18.1   17.2   17.1   18.9   17.4   16.3   18.6   17.7   19.5   18.6   18.9   19.4
47170   18.8   16.2   18.3   19.0   18.9   17.7   18.9   19.0   20.4   20.0   20.5   21.0
47172   17.6   16.2   17.2   19.6   18.4   16.2   16.7   16.4   17.3   18.9   19.8   22.7
47174   16.7   15.4   16.7   17.5   17.1   15.4   15.9   14.4   16.9   14.7   18.3   19.9
47175   16.6   13.3   16.1   17.7   15.8   13.7   16.9   18.0   18.9   19.2   18.6   18.9
47184   18.5   17.1   18.7   20.5   18.8   18.2   19.5   21.5   22.1   21.9   21.4   21.6
47185   17.9   16.4   18.7   20.3   17.9   18.8   20.5   21.7   21.5   19.4   20.1   22.0
47188   18.6   17.7   17.3   19.1   18.5   19.3   18.9   20.3   21.2   17.4   21.2   20.5
47189   18.4   18.3   18.9   21.0   17.8   19.5   20.4   21.5   22.1   19.9   21.0   21.8
47192   17.3   16.0   16.1   18.9   17.2   18.5   16.9   17.4   18.0   18.9   19.4   19.4
   96   18.6   18.3   14.8   17.7   19.3   15.7   16.0   16.3   18.7   19.0   19.1   20.4
