2014061512+000HOUR     2014061521LST
STNID    15H    27H    39H    51H    63H    75H    87H    99H   111H   123H   135H   147H   159H   171H   183H   195H   207H   219H   231H   243H   255H   267H   279H
STNID 061612 061700 061712 061800 061812 061900 061912 062000 062012 062100 062112 062200 062212 062300 062312 062400 062412 062500 062512 062600 062612 062700 062712LST
47090    1.4    1.0    0.1    0.4    0.9    1.5    1.7    2.0    1.4    0.7    1.5    0.6    4.5    0.0    0.0    2.8    0.0    4.5    4.0    0.0    0.0    0.0    0.0
47095    1.0    1.1    0.6    1.1    1.2    1.0    1.3    0.9    1.3    1.4    1.3    1.2    0.0    0.0    0.0    0.0    0.0    0.0    0.0    0.0    2.0    1.1    2.5
47100    1.1    0.5    0.5    0.8    1.0    1.2    1.5    1.3    1.0    0.9    0.8    1.0    1.3    3.3    4.6    0.0    0.0    0.0    0.0    4.3    3.7    4.7    4.6
47101    1.0    0.9    1.0    0.7    2.2    1.4    1.3    1.1    1.6    1.5    1.5    1.4    2.9    0.0    2.9    0.0    2.6    0.0    2.8    0.0    0.0    0.0    0.0
47102    1.0    1.8    1.4    2.2    1.9    2.0    2.3    2.4    1.6    1.5    2.2    3.3    0.0    1.7    0.0    0.0    0.0    0.0    0.0    0.0    0.0    0.0    0.0
47104    1.5    0.4    0.5    0.7    0.6    2.3    1.7    1.7    1.3    0.3    1.3    0.0    2.8    0.0    4.4    0.0    0.0    0.0    1.2    0.0    0.0    0.0    0.0
47108    1.0    1.0    0.5    1.0    1.6    1.6    1.9    1.4    1.3    1.5    1.3    1.4    3.0    0.0    0.0    0.0    0.0    0.0    0.0    0.0    0.0    0.0    0.0
47112    0.8    0.9    0.6    1.2    1.6    2.1    1.9    1.0    1.2    1.0    1.7    1.2    2.5    2.1    3.7    3.2    3.3    2.0    3.4    4.0    4.2    4.5    4.5
47114    0.9    0.5    0.8    0.5    1.4    1.6    0.9    1.6    1.3    1.2    1.4    1.9    3.5    0.0    4.1    0.0    0.0    0.0    0.0    4.9    3.5    3.9    3.3
47115    0.9    1.0    1.2    0.6    0.8    1.0    1.8    1.4    1.4    1.4    2.1    1.1    0.9    3.7    4.3    0.0    4.3    4.3    4.8    0.0    0.0    0.0    0.0
47119    0.6    0.9    0.8    1.1    1.7    1.9    1.8    1.5    1.4    1.5    1.7    1.5    0.0    0.0    4.3    0.0    0.0    2.3    0.0    0.0    0.0    0.0    0.0
47129    0.7    0.8    0.8    1.4    2.0    1.6    2.3    1.7    1.0    1.5    1.9    2.4    0.0    0.0    0.0    0.0    3.3    0.0    0.0    0.0    0.0    0.0    0.0
47130    0.9    0.7    0.6    0.4    1.3    1.7    1.6    1.3    1.2    1.6    1.9    2.1    0.0    0.0    4.7    0.0    0.0    2.2    0.0    0.0    0.9    0.0    1.2
47131    0.3    0.5    0.7    0.7    2.5    1.1    1.8    1.0    1.5    1.8    2.4    1.7    3.8    0.0    0.0    0.0    0.0    4.5    0.0    0.0    0.0    0.0    0.0
47133    0.4    0.6    0.6    1.2    2.5    1.0    2.0    1.1    1.0    1.4    2.2    2.4    2.8    0.0    0.0    0.0    2.5    1.0    0.0    2.0    0.0    0.0    0.0
47136    0.5    0.2    1.0    1.1    2.0    1.5    1.7    1.2    1.5    1.3    2.0    2.0    3.5    0.0    2.9    3.3    2.9    2.8    2.0    4.0    4.7    4.5    4.4
47138    0.5    0.7    0.8    0.5    2.0    2.5    1.7    2.2    2.2    1.1    1.9    3.1    0.0    0.0    4.8    0.0    4.6    0.0    4.4    4.5    4.4    4.7    4.8
47140    0.5    0.8    1.1    1.2    2.9    1.2    1.8    2.0    1.5    1.5    3.1    3.0    0.0    5.0    0.0    0.0    0.0    0.0    0.0    0.0    0.0    0.0    0.0
47143    0.6    0.5    0.8    0.6    2.3    2.2    2.4    1.8    1.4    1.2    2.1    2.2    0.0    0.0    0.0    4.3    0.5    4.8    0.0    3.0    3.7    4.1    4.3
47146    0.4    0.6    0.7    0.6    2.2    1.1    2.0    1.9    1.3    1.2    2.3    1.8    0.0    0.0    4.7    0.0    0.0    4.7    3.1    1.8    2.9    3.1    3.2
47152    0.6    0.8    0.6    0.5    2.0    2.2    2.1    1.0    1.3    1.8    1.9    2.1    0.0    0.0    0.0    4.8    2.0    3.7    3.5    4.6    4.0    4.7    4.9
47155    0.5    0.9    0.8    0.5    2.7    1.6    2.1    1.5    1.3    0.8    2.2    1.9    0.0    1.2    0.0    4.9    0.0    4.7    0.0    4.7    4.8    4.8    4.7
47156    0.7    0.7    0.6    0.9    2.5    1.3    1.8    1.4    1.1    1.5    2.0    2.4    0.0    0.0    4.5    0.0    0.0    0.0    0.1    2.0    2.3    2.3    2.8
47159    0.5    0.7    0.9    0.3    2.7    2.0    1.3    1.9    1.5    1.2    2.1    2.2    0.0    0.0    0.0    4.6    0.0    4.3    0.0    2.0    0.8    3.5    3.7
47162    0.7    0.7    0.7    0.2    2.5    1.7    1.6    1.6    1.5    0.7    2.1    1.8    0.0    2.1    2.8    4.1    0.0    4.2    2.2    0.0    0.0    0.0    0.0
47165    0.7    0.8    0.1    0.5    3.1    1.0    1.7    1.7    1.7    0.7    2.3    2.7    0.0    0.0    2.0    3.7    0.0    0.0    0.0    0.0    0.0    0.0    0.0
47168    0.5    1.1    0.7    0.4    2.9    1.3    1.7    1.9    1.4    2.0    2.2    2.1    0.0    0.0    0.0    0.0    0.0    0.0    4.3    0.0    0.0    0.0    0.0
47169    0.6    0.8    0.1    0.8    2.8    1.3    1.1    1.7    1.3    1.3    3.0    3.2    4.8    0.0    0.0    0.0    0.0    0.0    0.0    3.0    2.6    2.7    2.9
47170    0.5    0.6    0.2    0.4    3.0    1.5    1.3    1.7    1.4    0.7    2.1    2.4    0.0    3.4    0.0    2.3    3.3    1.0    1.7    2.0    3.6    3.0    2.4
47172    0.9    0.4    1.0    1.1    2.6    1.0    1.8    2.0    1.0    1.5    2.3    2.3    0.0    0.0    0.0    0.0    0.0    0.0    3.3    0.8    0.0    0.1    0.0
47174    0.8    0.5    0.6    0.6    2.8    1.1    1.9    1.4    1.1    1.3    2.0    2.3    0.0    0.0    3.5    0.7    0.0    0.0    0.0    4.4    4.4    4.7    4.2
47175    0.7    0.9    0.0    1.0    3.0    1.2    1.0    1.5    1.1    1.2    2.3    2.7    0.0    0.0    0.0    0.0    3.0    1.8    2.3    3.4    2.8    0.0    2.0
47184    0.3    0.0    0.0    0.0    2.5    1.5    0.9    1.7    1.2    0.0    2.1    2.1    0.0    2.2    0.0    4.5    0.8    3.1    3.2    2.0    0.0    0.0    0.0
47185    0.2    0.0    0.0    0.0    2.0    1.2    1.0    1.3    1.0    0.1    1.7    1.6    0.0    0.0    4.5    2.0    2.0    1.4    2.4    4.5    4.6    4.9    4.6
47188    0.6    0.1    0.0    0.4    1.6    2.2    1.5    1.3    0.9    0.5    1.7    1.4    0.0    1.8    1.4    0.0    1.8    3.8    3.9    2.0    2.0    2.8    2.0
47189    0.2    0.5    0.0    0.1    1.6    2.0    1.6    1.0    0.4    0.0    2.0    1.3    0.0    0.0    0.0    4.3    0.0    4.1    0.8    3.6    3.7    4.4    3.3
47192    0.6    0.6    0.9    0.6    2.8    1.1    2.3    1.8    1.2    1.2    2.2    2.9    1.9    2.0    0.0    4.4    4.0    4.5    1.5    0.0    0.0    2.0    0.0
47232    0.8    0.6    0.6    0.8    2.2    1.7    1.8    1.7    0.6    1.8    2.1    1.7    1.9    4.1    0.0    0.0    0.0    0.0    0.0    0.0    0.0    0.0    0.0
47235    0.6    0.8    0.9    1.2    2.5    1.7    2.3    1.7    0.8    1.9    2.6    2.5    2.0    0.0    0.6    0.0    2.0    0.0    0.5    3.4    2.5    1.7    2.0
47284    0.5    0.6    0.6    0.6    2.3    1.4    2.2    1.4    1.7    1.3    2.1    1.7    4.9    4.4    2.5    0.0    2.8    0.0    3.3    3.5    4.5    4.7    4.8
47110    1.1    0.8    0.5    1.5    1.4    2.1    1.4    1.4    1.3    0.8    1.8    1.1    4.2    1.1    3.6    0.0    3.7    3.3    3.9    0.0    1.2    2.0    1.3
47113    0.8    0.3    0.7    1.1    1.4    1.9    1.2    0.9    1.2    1.2    2.0    1.1    4.2    0.0    3.5    3.5    0.2    3.3    0.0    4.2    4.1    4.6    3.1
47128    0.4    0.3    0.6    0.4    2.4    0.8    1.3    1.1    1.8    0.8    1.9    2.5    3.7    0.0    0.0    4.0    0.3    3.3    0.0    3.2    0.0    3.5    0.0
47151    0.6    0.9    1.0    0.4    1.8    2.4    1.1    1.8    1.7    1.2    1.8    2.1    0.0    0.0    0.0    3.0    5.0    4.1    0.0    4.7    4.4    4.9    4.6
47163    1.0    0.7    0.5    1.0    2.5    1.2    1.1    1.6    1.5    1.1    2.5    1.3    2.1    4.7    0.0    0.0    0.0    0.0    0.0    4.8    5.0    4.9    4.9
47167    0.4    0.9    0.4    0.4    3.0    1.8    1.5    1.6    1.4    1.3    2.1    3.0    0.0    0.0    3.1    4.0    0.0    3.7    2.8    0.0    0.0    0.0    0.0
47139    0.6    0.4    0.7    0.4    1.8    2.4    1.4    1.9    1.7    0.9    1.6    2.5    4.0    0.0    4.4    0.1    0.0    0.0    0.0    0.0    1.6    2.8    1.7
47142    0.3    0.5    0.6    0.5    2.0    1.5    1.5    2.1    1.7    1.1    2.2    2.6    0.0    0.0    0.0    0.0    0.0    2.0    4.6    0.0    3.3    2.8    3.3
47153    0.4    0.8    0.8    0.5    2.4    2.2    1.0    2.3    1.0    1.0    2.1    1.7    4.1    0.0    0.0    3.8    0.0    0.0    4.8    0.0    2.0    2.1    3.3
47158    0.5    0.9    0.5    0.5    2.3    1.3    1.6    1.5    1.4    1.0    2.1    1.4    0.0    4.4    0.0    0.0    0.0    0.0    0.0    0.0    0.0    0.0    0.0
47161    0.5    0.2    0.4    0.6    2.6    1.4    2.1    1.6    0.9    0.6    2.0    2.3    0.0    0.0    0.0    0.0    0.0    0.0    0.0    2.0    1.4    3.0    2.9
47182    0.3    0.2    0.0    0.0    2.1    1.5    0.9    1.3    1.1    0.0    2.2    2.4    0.0    3.3    0.0    4.2    0.0    4.1    4.2    2.5    1.6    3.5    2.0
