2014061512+000HOUR     2014061521LST
STNID    18H    42H    66H    90H   114H   138H   162H   186H   210H   234H   258H   282H
STNID 061615 061715 061815 061915 062015 062115 062215 062315 062415 062515 062615 062715LST
47008   16.9   13.9   14.9   17.1   15.4   13.8   13.5   15.9   19.1   19.1   18.2   17.4
47014   27.1   26.7   23.2   26.7   24.6   23.7   23.1   24.7   25.1   24.3   23.0   23.6
47041   24.7   18.0   18.2   19.9   19.4   17.7   18.9   18.4   24.7   26.8   22.0   22.4
47058   30.1   30.1   26.9   25.6   26.4   23.4   24.8   26.7   27.8   27.4   27.0   26.9
47069   28.4   23.2   28.1   26.7   21.4   21.8   22.4   26.8   28.0   25.2   27.3   25.0
47070   27.8   25.2   27.1   27.1   25.8   22.3   23.0   25.8   27.2   25.7   27.9   27.6
47090   27.1   20.7   22.3   23.9   21.0   17.3   19.0   20.1   21.1   23.0   25.5   25.5
47095   29.8   28.7   28.3   26.6   28.7   22.9   21.4   25.5   27.6   29.1   29.2   28.2
47098   30.7   29.0   29.7   29.2   29.0   23.7   25.0   27.9   29.8   30.8   26.0   29.4
47099   29.8   27.4   29.4   30.0   28.9   24.0   25.4   28.3   30.1   29.8   29.4   29.5
47100   26.6   21.5   21.1   23.7   21.5   18.6   18.3   17.2   20.1   23.0   23.6   23.6
47101   30.5   27.8   26.8   28.8   29.4   21.9   23.8   24.9   29.2   31.1   29.7   29.6
47102   23.3   22.8   21.5   21.8   21.2   19.5   20.7   21.5   23.8   21.3   27.2   22.5
47104   28.9   21.0   22.2   27.6   21.9   18.4   20.1   19.9   22.3   26.1   24.5   26.6
47105   29.5   22.3   23.3   28.1   23.0   16.5   19.9   20.1   22.1   26.1   26.0   24.7
47106   26.1   22.7   21.8   24.5   22.2   18.6   20.7   20.2   21.9   23.8   24.7   23.9
47108   29.7   27.2   28.7   27.9   27.9   22.9   25.9   26.2   29.7   29.8   28.9   30.0
47112   26.8   24.0   24.8   25.4   26.2   23.1   23.6   24.3   27.1   25.7   28.6   27.6
47114   29.4   28.6   28.0   29.8   27.8   24.3   27.8   26.8   29.2   29.5   30.8   29.5
47115   25.7   23.3   18.1   21.7   21.8   18.7   20.2   18.8   19.1   21.2   22.7   21.6
47119   28.7   27.2   27.7   27.5   29.1   25.2   27.7   26.4   29.2   28.5   30.7   29.7
47121   29.9   28.5   29.3   30.0   29.8   22.8   27.4   25.4   28.6   28.9   30.4   24.8
47127   29.2   27.3   28.1   29.1   30.2   24.6   27.7   25.0   28.8   29.1   29.5   29.1
47129   27.5   24.9   26.7   26.6   29.0   23.5   26.6   22.3   24.8   26.1   28.5   28.3
47130   25.5   21.0   21.6   26.1   23.1   20.6   21.0   21.9   21.8   24.6   22.9   22.3
47131   30.2   26.8   28.3   29.6   30.0   27.3   27.2   24.4   28.3   28.3   30.4   29.2
47133   29.0   25.3   27.2   29.9   28.3   25.8   25.9   24.6   27.3   28.2   29.4   29.3
47135   28.7   25.5   26.2   29.5   27.9   26.8   25.2   22.3   23.9   27.3   28.2   27.8
47136   30.7   27.7   28.5   30.7   30.3   25.6   28.0   25.1   27.3   28.7   28.9   27.9
47137   29.9   26.3   28.0   30.4   28.9   23.3   25.8   22.8   26.0   28.6   29.2   29.0
47138   29.6   25.3   26.6   29.1   29.1   27.7   24.8   25.0   23.4   23.9   26.8   27.1
47140   26.7   24.5   26.0   25.9   29.7   25.4   26.4   22.7   26.0   28.0   28.1   27.5
47143   31.6   28.4   30.3   31.8   29.0   26.5   27.5   25.8   26.7   29.2   29.3   29.8
47146   30.2   26.5   29.9   31.3   29.6   26.8   28.0   26.6   28.9   31.1   30.0   29.9
47152   31.5   26.5   27.9   29.9   28.3   26.5   25.7   21.7   23.9   25.8   27.1   28.4
47155   29.4   25.7   28.6   28.3   25.6   28.0   26.3   23.3   26.0   26.3   25.6   26.5
47156   30.3   25.8   30.6   31.0   28.3   26.2   27.5   27.0   27.7   30.8   29.2   27.3
47159   26.9   24.1   26.3   26.4   25.9   25.6   24.9   22.6   24.5   25.0   24.7   25.9
47162   25.2   23.4   26.5   26.4   24.8   24.2   24.0   22.6   23.6   24.1   24.2   24.7
47165   27.1   22.5   27.3   26.2   26.3   24.9   25.0   24.9   25.7   28.0   28.1   28.2
47168   26.3   22.0   25.6   24.4   23.7   23.7   23.8   22.8   22.7   24.9   25.0   23.6
47169   23.6   21.1   23.3   24.1   21.7   23.2   24.7   23.4   24.4   25.6   22.4   21.7
47170   30.2   24.6   28.4   28.8   24.3   25.2   28.8   26.0   25.1   26.8   26.3   25.4
47172   29.1   24.7   29.1   28.2   25.5   26.4   27.4   25.8   25.3   28.9   27.5   26.3
47174   29.4   25.7   28.6   29.2   25.0   23.8   25.1   23.7   24.5   27.6   26.6   24.3
47175   27.1   21.6   26.7   25.9   20.9   22.0   24.3   23.4   24.2   26.5   24.9   22.7
47184   26.3   21.5   25.1   27.0   26.1   27.3   25.7   25.1   25.5   26.9   22.7   24.8
47185   24.4   20.4   24.8   26.2   24.6   25.1   24.3   26.1   23.6   26.1   25.1   24.0
47188   26.2   20.9   23.5   25.8   23.3   24.5   25.5   27.7   24.2   24.3   22.0   23.4
47189   26.3   21.7   25.9   26.0   25.1   26.3   26.0   27.7   24.4   25.3   24.9   24.8
47192   30.1   26.4   29.5   29.4   27.7   28.1   25.7   25.0   26.4   27.2   25.5   25.3
   96   22.6   23.2   21.1   20.1   19.3   17.8   20.6   19.7   17.7   19.3   22.0   21.3
