2014061512+000HOUR     2014061521LST
STNID     9H    33H    57H    81H   105H   129H   153H   177H   201H   225H   249H   273H
STNID 061606 061706 061806 061906 062006 062106 062206 062306 062406 062506 062606 062706LST
47008   14.6   13.2   13.4   12.2   13.4   14.0   17.5   11.9   13.3   14.0   13.9   14.0
47014   16.3   16.7   16.4   16.5   17.4   16.8   17.1   16.7   16.4   15.1   16.7   14.9
47041   18.1   15.0   15.0   16.0   17.9   15.7   16.8   15.5   18.0   17.0   18.9   18.9
47058   17.7   18.5   19.2   18.2   19.2   19.9   19.1   18.5   17.5   18.3   19.1   19.8
47069   18.1   20.9   19.6   18.6   17.4   20.7   18.4   18.8   16.4   17.2   17.8   17.4
47070   16.7   17.6   18.4   18.3   17.6   19.5   19.1   19.0   15.9   17.1   18.4   18.1
47090   22.0   16.5   16.5   15.7   19.2   19.0   16.5   16.0   16.1   14.0   17.3   17.5
47095   16.5   17.7   16.4   17.1   17.3   18.3   18.7   18.1   17.7   16.4   17.5   17.7
47098   16.1   17.2   17.1   18.8   18.1   19.3   19.3   17.0   17.7   16.2   17.4   18.2
47099   15.5   16.4   17.5   17.9   18.2   20.2   19.3   19.5   17.7   15.4   17.3   17.7
47100   14.7   14.7   12.4   13.6   14.6   13.6   17.4   15.5   13.1   13.6   14.4   14.0
47101   17.1   19.0   16.4   19.1   18.4   18.8   20.3   19.6   18.2   17.7   18.5   17.9
47102   15.5   16.0   15.8   15.0   15.7   22.6   14.1   15.8   15.1   15.1   16.6   16.6
47104   21.8   18.0   16.5   16.4   19.5   19.6   17.0   17.1   18.2   17.3   19.4   18.5
47105   24.5   18.4   16.7   17.0   20.6   21.4   17.7   17.4   17.5   19.4   20.3   19.3
47106   21.5   17.4   15.9   16.6   18.8   19.6   19.4   16.6   16.3   18.6   18.2   18.9
47108   17.8   19.5   18.3   20.1   18.4   20.1   19.8   18.8   19.5   17.6   17.4   18.3
47112   16.2   17.5   17.4   19.2   18.9   19.2   18.0   18.2   17.2   19.3   19.0   19.5
47114   17.1   18.4   18.1   18.2   18.2   18.8   20.9   19.1   15.4   14.5   18.0   19.7
47115   20.5   18.1   14.7   15.0   16.9   19.5   18.8   18.2   14.8   16.4   17.0   18.2
47119   15.8   17.7   18.2   17.4   19.4   20.3   19.0   18.2   17.8   18.2   19.6   20.0
47121   16.0   16.9   16.7   18.1   17.5   16.0   19.7   19.7   17.4   17.2   18.8   18.7
47127   16.6   17.6   18.6   18.0   17.5   20.0   20.2   20.2   17.7   14.8   16.9   19.1
47129   15.6   17.0   15.0   15.5   17.6   17.3   18.3   16.8   17.5   18.0   18.1   19.0
47130   20.0   18.9   15.6   16.0   17.6   17.8   18.1   16.3   15.8   17.8   17.1   17.9
47131   18.6   19.9   18.5   18.7   19.5   20.9   21.0   19.9   18.1   19.9   19.5   20.8
47133   17.9   20.1   18.7   19.1   19.3   20.5   21.2   20.9   17.8   19.7   20.0   20.2
47135   17.4   18.0   15.5   17.5   16.8   17.7   18.9   18.4   16.5   16.9   17.2   18.1
47136   17.8   19.1   17.8   18.2   19.5   19.0   21.6   19.4   19.5   18.3   18.8   19.4
47137   18.5   18.7   17.6   18.9   18.2   19.3   19.7   19.6   17.7   18.3   19.1   19.3
47138   22.9   22.0   18.6   19.4   20.7   21.6   22.5   20.1   20.2   20.7   20.9   21.0
47140   16.9   17.6   18.1   17.4   19.1   18.1   19.2   18.6   17.8   18.0   18.1   18.9
47143   20.8   22.5   18.4   19.9   21.8   20.8   21.1   21.4   20.1   19.9   21.0   21.9
47146   17.4   19.2   17.7   18.6   18.3   18.3   19.7   20.1   18.0   20.5   19.3   21.3
47152   20.5   20.6   16.3   17.6   20.0   18.2   21.2   20.2   19.0   19.8   18.8   20.4
47155   18.0   21.5   18.8   18.0   19.5   19.9   20.8   18.8   19.3   19.6   20.1   20.6
47156   19.4   19.7   18.9   19.2   20.3   21.0   18.3   19.3   18.7   19.6   19.4   21.2
47159   20.0   20.3   19.1   18.2   20.3   20.7   19.9   15.4   18.4   20.0   20.6   21.6
47162   17.8   19.2   16.6   18.0   17.3   20.8   20.8   18.9   18.2   19.0   19.2   19.6
47165   18.7   18.7   17.1   17.5   17.4   22.2   19.5   18.7   18.2   19.6   20.2   19.9
47168   19.7   20.3   18.2   19.2   20.4   19.9   20.0   21.0   19.2   19.8   20.8   20.4
47169   16.6   16.4   16.7   18.3   16.6   17.2   18.3   17.0   18.1   18.1   17.5   18.2
47170   17.8   18.9   17.9   17.7   17.4   22.1   23.5   20.7   18.5   20.7   20.7   19.7
47172   17.7   18.3   16.5   17.9   17.6   20.8   23.4   18.6   16.3   18.3   19.6   20.3
47174   14.4   18.1   16.1   16.9   16.8   18.7   20.9   19.2   14.5   13.7   13.5   18.2
47175   17.4   17.1   14.0   16.1   16.8   17.3   17.8   15.9   17.3   18.5   19.4   17.3
47184   18.7   18.4   16.0   17.5   19.1   20.8   22.9   19.9   19.9   21.8   22.7   20.8
47185   19.7   17.8   16.8   18.8   19.5   21.5   21.3   18.6   19.8   18.1   20.3   17.8
47188   18.2   18.2   16.4   16.4   18.2   21.0   21.6   21.5   18.8   20.3   20.9   19.3
47189   20.7   18.3   16.8   18.3   21.9   19.9   21.8   21.4   20.4   20.4   22.9   20.4
47192   16.0   19.1   15.5   17.6   17.6   16.5   20.2   19.5   19.3   17.9   18.0   19.3
   96   19.9   19.5   17.8   17.0   18.7   19.2   16.9   16.8   15.7   16.7   18.1   19.1
