2014061600+000HOUR     2014061609LST
STNID    15H    27H    39H    51H    63H    75H    87H    99H   111H   123H   135H   147H   159H   171H   183H   195H   207H   219H   231H   243H   255H   267H   279H
STNID 061700 061712 061800 061812 061900 061912 062000 062012 062100 062112 062200 062212 062300 062312 062400 062412 062500 062512 062600 062612 062700 062712 062800LST
47090    5.5   -999    9.5    9.5    8.0    9.5    9.5   -999   -999   -999   -999   -999   -999    8.5   -999   -999   -999   -999   -999   -999   -999    0.0   -999
47095    6.5    7.5    7.0    6.0    7.5    8.0    9.0    9.0   -999    8.0   -999    9.5    0.0    0.0   -999    7.5   -999    0.0   -999    0.0    0.0    0.0    0.0
47100    7.5   -999    7.5    9.5    7.5    8.5    9.0   -999   -999   -999    9.0   -999   -999   -999   -999   -999    0.0   -999    0.0    0.0    0.0    0.0    0.0
47101    7.5    8.0    7.0    7.5    7.5    8.0    7.0    7.5   -999   -999    9.0    7.5    0.0   -999   -999    0.0   -999    0.0    0.0   -999   -999   -999   -999
47102    9.0    6.5    0.5    0.5    0.0    6.0    8.0    7.0    9.0    3.5    3.0    6.0    0.0   -999    0.0   -999    0.0    0.0   -999   -999   -999    0.0    0.0
47104    6.5   -999    8.0   -999    8.0   -999    9.5   -999   -999   -999   -999    9.5   -999   -999   -999   -999   -999   -999   -999   -999   -999   -999    8.0
47108    8.5    9.0    3.5    5.0    7.0    6.5    7.5    8.5   -999    7.5    8.5    7.0    0.0   -999    0.0   -999    0.0   -999    0.0   -999   -999   -999   -999
47112    8.0    6.5    2.0    2.5    5.5    2.0    7.5    7.5    9.5   -999    8.5    7.0    0.0   -999    0.0   -999   -999    0.0    0.0    0.0    0.0    0.0    0.0
47114    5.5    9.0    7.5    7.0    7.0    7.0    7.0    9.0    9.5    9.0    7.5    7.5    0.0    0.0    0.0   -999   -999    0.0    0.0   -999   -999    7.5   -999
47115    5.5    9.0    7.5    9.0    8.5   -999    8.0   -999   -999   -999    8.5    2.5   -999   -999    0.0   -999    0.0   -999   -999    0.0    0.0    0.0    0.0
47119    8.0    6.0    5.0    5.0    4.0    4.0    7.5    7.0    8.0   -999    7.5    8.5    0.0    0.0    0.0    0.0   -999    0.0    6.5    0.0    0.0    0.0    0.0
47129    7.0    5.0    7.5    5.5    3.5    3.0    7.0    9.5    9.0   -999   -999    9.0    0.0    0.0    0.0    0.0    0.0   -999    7.0    0.0    0.0    0.0    0.0
47130    7.0   -999    6.5    7.0    9.0    7.5    8.5   -999   -999   -999   -999   -999   -999    0.0   -999    0.0   -999    0.0   -999   -999   -999   -999   -999
47131    7.0    7.5    7.5    5.5    4.5    2.5    7.5    7.5    8.0   -999    7.5    7.5   -999    7.5   -999   -999   -999   -999   -999    0.0    0.0    0.0    0.0
47133    7.0    8.5    8.0    3.5    5.5    3.0    7.5    7.5    7.5    9.5    7.0   -999   -999    0.0    0.0    0.0    0.0    0.0   -999    7.0   -999   -999   -999
47136    5.0    8.5    7.5    5.0    7.0    6.0    6.0   -999   -999   -999   -999   -999    0.0   -999   -999   -999   -999   -999   -999   -999   -999   -999   -999
47138    4.5    9.0   -999    8.0    2.5    8.0    6.0    9.5   -999   -999   -999    8.0    0.0    2.5   -999    0.0   -999   -999   -999    6.5   -999    0.0    0.0
47140    7.0    9.0    7.5    5.0    1.5    2.0    6.5    8.5   -999    9.0    8.5    8.5    0.0    0.0   -999    0.0   -999    0.0   -999    0.0   -999   -999   -999
47143    5.5    9.0    9.5    5.5    3.0    5.0    7.0   -999   -999   -999   -999    9.5   -999   -999    0.0   -999    0.0   -999    0.0    0.0    0.0    0.0    0.0
47146    7.5    8.5    7.5    4.5    3.5    3.5    7.5    9.5   -999   -999    9.5    6.5    0.0    0.0   -999   -999   -999   -999    0.0    0.0    0.0    0.0    0.0
47152    3.0    9.5   -999    6.5    1.0    5.5    6.0   -999   -999   -999   -999    8.0    0.0   -999   -999   -999   -999    1.5   -999    0.0    2.0    0.0    1.0
47155    6.0   -999   -999    7.5    1.5    4.0    6.0    8.5   -999   -999    9.5    7.5    4.5    0.0    0.0    0.0   -999   -999   -999   -999   -999    0.0    0.0
47156    6.5   -999    9.5    5.0    2.5    1.5    7.5    8.5   -999   -999   -999    5.0   -999   -999    0.0   -999    0.0   -999   -999   -999   -999   -999   -999
47159    5.0   -999   -999    7.5    2.5    3.0   -999   -999   -999   -999   -999    7.5   -999    0.0   -999    0.0   -999    0.0   -999    0.0    0.0    0.0    0.0
47162    5.0    9.5    9.5    7.5    0.5    5.0    4.0    9.0   -999    9.0   -999    7.0    0.0    0.0   -999    0.0   -999    0.0   -999   -999   -999   -999   -999
47165    9.0   -999   -999    3.0    0.5    2.5    8.0    9.0    9.5   -999    9.0    1.5    0.0   -999   -999    0.0   -999   -999    0.0    0.0    0.0    0.0    0.0
47168    7.0   -999   -999    7.0    1.5    5.0    6.5    9.5   -999    7.0    8.0    6.0    0.0   -999   -999    0.0   -999   -999    0.0    0.0    0.0    0.0    0.0
47169    9.0   -999    9.5    0.0    0.0    2.5    8.0   -999   -999    7.5    6.5    0.0    0.0    0.0    0.0    7.5    0.0   -999   -999    0.0    0.0    1.5    0.0
47170    9.5   -999   -999    6.0    2.5    2.0    8.5    9.5   -999    8.5    9.0    7.0   -999    0.0    5.5    0.0   -999    0.0   -999    0.0    0.0    0.0    0.0
47172    8.0   -999   -999    4.5    2.0    2.0    8.0    8.0   -999   -999   -999    7.5   -999    0.0   -999    0.0   -999   -999    0.0    0.0    0.0    0.0    0.0
47174    6.5   -999   -999    5.5    2.5    3.0    8.0    8.0   -999   -999    9.0    9.5    0.0    0.0   -999   -999   -999    0.0    0.0    0.0    0.0    0.0    0.0
47175   -999   -999   -999    2.5    3.0    4.0   -999   -999   -999    9.0    6.0    6.0    0.0    0.0   -999    0.0   -999   -999    0.0    9.0    6.5   -999    6.5
47184   -999   -999   -999    8.5    4.0    3.0    6.5   -999   -999    8.0   -999    8.5   -999   -999   -999   -999   -999    0.0   -999    0.0    0.0    0.0    0.0
47185   -999   -999   -999    6.0    5.5    2.0    9.0   -999   -999   -999   -999    7.0    0.0    0.0   -999    0.0    0.0    0.0    0.0    0.0    0.0    0.0    0.0
47188   -999   -999   -999   -999    6.0    2.0    6.0   -999   -999   -999    9.5    8.5   -999    7.0   -999   -999   -999    0.0   -999    0.0   -999    0.0    0.0
47189   -999   -999   -999    7.5    5.0    1.5    8.0   -999   -999    9.5   -999    6.0   -999    0.0    6.0   -999   -999   -999   -999    0.0    0.0    0.0    0.0
47192    7.5    8.5   -999    3.5    3.5    2.5    7.5    8.5   -999   -999    9.0    7.5    0.0    0.0   -999   -999   -999   -999   -999   -999   -999   -999   -999
47232    6.5    7.0    7.5    4.5    3.5    3.0    7.5    7.5   -999   -999    7.0   -999    0.0    0.0   -999    0.0   -999   -999   -999    0.0    0.0    0.0    9.5
47235    6.0    6.5    6.5    5.0    3.0    2.0    8.0    8.0    8.5   -999   -999    6.5   -999    0.0    0.0    0.0    0.0    0.0   -999   -999   -999   -999   -999
47284    7.0    9.5   -999    4.5    2.5    6.5    6.0   -999   -999   -999    9.0    9.5    0.0    0.0    0.0    0.0   -999    0.0   -999    4.5    0.0    0.0    0.0
47110    8.5    7.0    3.0    4.0    6.5    3.0    8.0    8.5   -999   -999    9.0    7.5   -999   -999   -999    0.0   -999    0.0   -999    0.0    0.0    0.0    0.0
47113    9.0    8.0    4.0    0.5    5.0    3.0    8.5    8.5    9.0   -999    9.5    8.5    0.0   -999    0.0   -999    0.0    0.0    8.5    0.0    0.5    2.0   -999
47128    7.5    8.0    8.0    4.0    5.5    4.5    8.0    8.0    9.5    9.5    7.5    8.0   -999    0.0    0.0    0.0    0.0    4.5   -999    0.0    0.0    0.0    0.0
47151    6.5   -999   -999    7.0    2.0    4.5    7.0   -999   -999   -999   -999   -999    0.0    0.0    0.0    0.0   -999   -999   -999    0.0    0.0    0.0    0.0
47163    7.0   -999   -999    3.0    0.5    2.5    7.5   -999   -999   -999   -999    5.5    0.0    0.0    0.0    2.5    0.0    0.0   -999    0.0    0.0    0.0    0.0
47167    6.5   -999   -999    4.0    2.0    5.0    8.0    8.0   -999    8.5    7.0    5.5   -999   -999   -999   -999    0.0   -999   -999   -999   -999    7.0   -999
47139    7.5    9.0    9.0    9.0    2.5    8.0    8.5    8.0    9.5   -999   -999    6.0   -999   -999    0.0    0.0    3.0   -999   -999    0.0    0.0    0.0    0.0
47142    6.5    8.0    9.5    6.5    2.5    5.5    5.5    8.5   -999   -999    4.5   -999   -999    0.0   -999   -999    0.0   -999   -999   -999   -999   -999   -999
47153    7.0    9.0   -999    7.5    1.5    2.5    8.0    8.5   -999   -999   -999    6.5   -999   -999   -999   -999    0.0   -999   -999   -999   -999    0.0    2.0
47158    8.0   -999    9.5    5.5    2.0    0.5    7.0    9.5   -999   -999   -999    6.5   -999    0.0   -999   -999    0.0   -999    0.0    0.0    0.0    0.0    0.5
47161    8.0    8.5   -999    5.0    5.5    3.5    5.0    8.5   -999   -999    8.5    7.0    9.0   -999   -999   -999   -999   -999    0.0   -999   -999    0.0   -999
47182   -999   -999   -999    8.5    2.0    4.0    7.0   -999   -999    6.0    6.5   -999   -999   -999   -999    0.0   -999    0.0   -999    0.0    0.0    0.0    0.0
