2014061600+000HOUR     2014061609LST
STNID    21H    45H    69H    93H   117H   141H   165H   189H   213H   237H   261H   285H
STNID 061706 061806 061906 062006 062106 062206 062306 062406 062506 062606 062706 062806LST
47008   12.8   11.2   11.0   11.3   12.8   15.4   14.3   16.7   15.0   14.5   11.8   12.5
47014   17.2   16.7   15.4   16.5   16.5   16.1   17.2   18.1   16.8   17.1   17.1   16.7
47041   15.9   14.9   15.8   14.7   17.5   16.4   17.7   19.6   19.1   17.5   16.4   17.9
47058   19.0   19.9   18.0   20.2   20.7   18.8   18.6   19.4   20.1   19.5   19.8   20.5
47069   19.3   20.4   17.3   20.1   22.8   20.1   21.2   20.9   18.9   18.5   17.4   21.1
47070   18.4   19.1   18.1   19.5   19.4   19.1   19.6   19.6   17.6   18.9   19.9   20.1
47090   17.0   17.3   17.3   17.8   18.3   18.3   21.5   20.2   19.4   18.5   16.8   19.4
47095   19.0   16.3   17.2   17.8   19.3   17.2   17.2   17.6   17.9   17.5   18.1   20.0
47098   18.1   17.6   16.3   19.6   19.2   17.5   19.0   19.2   18.2   17.8   18.2   19.6
47099   17.6   18.5   15.8   19.7   19.3   18.4   19.3   18.3   18.5   19.1   20.5   20.5
47100   13.6   12.5   14.0   14.8   14.2   11.6   14.2   13.5   12.6   15.0   15.8   16.2
47101   19.4   16.7   18.0   18.7   19.4   17.3   18.7   19.3   19.4   19.2   19.4   20.3
47102   14.5   14.1   14.2   14.4   13.2   17.7   14.2   15.2   14.9   14.7   13.4   15.4
47104   17.6   16.5   16.7   17.6   17.3   17.0   20.5   20.9   17.9   17.9   16.9   20.0
47105   18.0   17.1   18.2   17.8   18.0   17.7   22.7   22.5   17.9   19.3   18.5   21.0
47106   18.3   16.9   18.6   17.2   17.1   17.5   21.2   21.2   17.7   18.9   18.2   19.7
47108   19.0   20.4   17.4   21.7   22.5   19.8   20.7   21.8   19.3   19.1   19.6   21.5
47112   17.1   19.0   15.6   21.1   22.6   20.2   17.6   19.2   17.7   20.3   21.1   21.6
47114   19.1   18.8   18.1   19.6   19.8   16.6   19.8   20.6   18.6   19.2   19.9   21.4
47115   18.2   16.5   17.1   15.0   15.7   17.9   19.4   21.2   18.7   17.9   15.6   18.1
47119   17.7   18.3   15.2   20.5   19.5   19.7   20.1   21.1   19.0   19.6   19.9   21.5
47121   17.6   16.3   17.5   18.1   17.2   16.7   18.7   18.5   19.4   18.7   18.7   19.1
47127   18.6   18.2   17.1   19.4   17.8   18.3   19.4   18.5   18.8   18.5   20.4   21.7
47129   16.5   15.9   14.8   17.6   20.4   17.8   17.6   20.4   17.6   18.6   20.0   21.1
47130   19.2   16.1   16.6   16.9   16.5   17.6   17.9   19.1   15.9   17.4   17.7   19.1
47131   20.0   19.8   18.7   21.2   21.2   18.8   20.1   21.7   20.0   19.4   21.1   22.6
47133   19.5   19.3   19.2   19.8   20.9   20.1   19.8   20.6   19.4   19.4   20.7   21.8
47135   17.9   15.7   17.4   17.3   17.9   17.0   18.0   19.5   18.2   18.1   18.3   19.3
47136   20.3   17.1   18.4   18.7   20.1   17.9   19.3   20.4   19.8   19.1   19.5   19.9
47137   19.6   17.0   18.5   18.2   17.4   17.6   18.1   20.6   19.5   19.2   20.0   20.0
47138   20.3   19.1   19.4   19.8   19.5   18.6   21.5   21.1   18.0   19.5   20.3   21.9
47140   17.6   17.2   16.3   17.1   21.0   17.4   20.0   21.0   20.8   18.7   19.6   18.8
47143   22.3   19.1   20.7   19.8   19.5   18.6   21.3   22.4   19.6   19.9   21.6   22.5
47146   18.6   19.0   18.6   19.0   22.2   16.8   19.5   20.6   21.3   19.2   20.4   21.4
47152   20.1   17.1   17.8   17.9   19.4   17.5   19.0   19.2   14.2   18.2   20.0   19.9
47155   18.9   17.7   19.4   17.5   17.6   20.2   20.1   20.6   20.0   19.2   19.8   20.8
47156   19.7   18.9   19.5   21.1   18.9   18.7   19.4   21.9   21.1   19.5   20.0   22.1
47159   19.8   18.3   19.6   18.8   20.9   19.9   20.5   21.4   17.1   19.8   20.2   21.1
47162   18.6   17.6   17.3   17.3   17.6   18.7   19.9   19.1   17.1   18.6   19.1   19.9
47165   18.5   18.0   16.5   18.4   18.2   18.5   19.9   19.0   20.6   19.3   21.0   20.8
47168   20.3   18.6   20.1   19.3   20.4   20.3   20.4   21.0   20.0   19.5   19.8   21.2
47169   15.1   15.2   15.4   18.4   16.2   16.4   18.5   16.7   17.6   16.1   17.2   18.5
47170   18.9   16.6   18.9   17.5   18.5   19.5   19.8   20.0   20.8   19.5   21.1   20.7
47172   18.8   17.9   17.8   17.6   18.9   17.7   18.4   19.0   20.2   19.7   17.8   19.8
47174   17.0   14.7   16.8   16.3   15.8   16.9   16.6   19.0   20.6   17.7   16.3   19.2
47175   15.9   15.0   16.1   16.1   16.4   13.9   17.9   18.1   17.7   16.9   18.8   19.2
47184   18.1   18.1   18.2   19.5   18.7   18.9   19.6   20.8   23.8   21.2   22.7   22.2
47185   17.4   16.9   19.3   20.1   19.2   18.2   20.4   19.6   21.1   17.5   19.3   19.3
47188   18.2   18.6   16.7   18.7   17.5   19.4   20.6   19.6   20.6   19.7   21.3   19.9
47189   18.2   18.6   18.6   19.7   18.5   19.4   22.0   20.3   21.1   22.1   22.0   21.0
47192   18.3   15.2   17.2   16.9   17.6   16.6   18.9   18.7   20.9   18.1   20.2   18.7
   96   19.7   19.2   17.4   17.0   19.0   17.8   17.4   19.5   21.7   17.7   17.1   19.0
