2014061512+000HOUR     2014061521LST
STNID    15H    27H    39H    51H    63H    75H    87H    99H   111H   123H   135H   147H   159H   171H   183H   195H   207H   219H   231H   243H   255H   267H   279H
STNID 061612 061700 061712 061800 061812 061900 061912 062000 062012 062100 062112 062200 062212 062300 062312 062400 062412 062500 062512 062600 062612 062700 062712LST
47090    2.0    3.0    4.0    4.0    4.0    4.0    3.0    4.0    4.0    4.0    4.0    4.0    1.0    4.0    4.0    4.0    4.0    4.0    1.0    1.0    1.0    1.0    1.0
47095    2.0    3.0    3.0    3.0    3.0    3.0    3.0    3.0    3.0    4.0    4.0    3.0    4.0    4.0    4.0    4.0    4.0    4.0    4.0    4.0    4.0    4.0    4.0
47100    2.0    3.0    4.0    4.0    3.0    3.0    4.0    3.0    4.0    4.0    4.0    4.0    1.0    4.0    1.0    4.0    4.0    4.0    4.0    4.0    4.0    4.0    4.0
47101    2.0    3.0    3.0    3.0    3.0    3.0    3.0    3.0    3.0    4.0    4.0    3.0    1.0    4.0    1.0    4.0    1.0    4.0    4.0    1.0    1.0    1.0    1.0
47102    3.0    3.0    3.0    2.0    1.0    1.0    2.0    3.0    3.0    4.0    3.0    3.0    4.0    4.0    4.0    1.0    4.0    1.0    4.0    4.0    4.0    4.0    4.0
47104    2.0    3.0    4.0    4.0    4.0    3.0    3.0    3.0    4.0    4.0    4.0    4.0    4.0    4.0    4.0    4.0    4.0    4.0    1.0    1.0    1.0    1.0    1.0
47108    2.0    3.0    3.0    3.0    3.0    3.0    2.0    3.0    3.0    3.0    4.0    3.0    1.0    4.0    4.0    4.0    4.0    1.0    4.0    1.0    1.0    1.0    1.0
47112    2.0    3.0    3.0    3.0    2.0    2.0    2.0    3.0    3.0    4.0    3.0    3.0    1.0    4.0    1.0    4.0    4.0    4.0    1.0    1.0    1.0    2.0    1.0
47114    3.0    3.0    3.0    3.0    3.0    2.0    3.0    3.0    3.0    3.0    4.0    3.0    1.0    1.0    4.0    4.0    4.0    4.0    1.0    4.0    4.0    4.0    4.0
47115    1.0    3.0    3.0    4.0    4.0    3.0    3.0    3.0    4.0    4.0    4.0    4.0    1.0    1.0    1.0    1.0    1.0    4.0    1.0    4.0    4.0    4.0    4.0
47119    3.0    3.0    3.0    3.0    2.0    2.0    2.0    3.0    3.0    3.0    4.0    3.0    4.0    4.0    4.0    4.0    1.0    1.0    1.0    1.0    1.0    1.0    1.0
47129    3.0    3.0    3.0    3.0    1.0    1.0    2.0    2.0    4.0    3.0    3.0    3.0    4.0    4.0    1.0    1.0    1.0    4.0    1.0    4.0    4.0    4.0    4.0
47130    3.0    3.0    4.0    4.0    4.0    2.0    3.0    3.0    4.0    4.0    4.0    3.0    1.0    4.0    1.0    4.0    1.0    1.0    1.0    1.0    1.0    1.0    1.0
47131    3.0    3.0    3.0    3.0    2.0    2.0    2.0    3.0    2.0    3.0    3.0    3.0    4.0    4.0    4.0    1.0    1.0    4.0    1.0    4.0    4.0    4.0    4.0
47133    3.0    3.0    4.0    3.0    3.0    2.0    2.0    3.0    3.0    3.0    3.0    3.0    1.0    4.0    4.0    1.0    4.0    4.0    4.0    4.0    4.0    4.0    4.0
47136    3.0    3.0    3.0    3.0    3.0    2.0    3.0    3.0    4.0    3.0    4.0    3.0    1.0    1.0    4.0    4.0    4.0    4.0    1.0    4.0    3.0    4.0    4.0
47138    3.0    3.0    4.0    4.0    3.0    1.0    2.0    3.0    3.0    4.0    4.0    3.0    4.0    4.0    4.0    4.0    2.0    4.0    4.0    1.0    1.0    1.0    1.0
47140    3.0    3.0    3.0    3.0    1.0    1.0    1.0    3.0    3.0    3.0    3.0    3.0    1.0    4.0    1.0    4.0    1.0    4.0    1.0    4.0    4.0    4.0    4.0
47143    3.0    3.0    3.0    4.0    3.0    1.0    2.0    2.0    4.0    4.0    4.0    4.0    1.0    1.0    4.0    4.0    4.0    4.0    4.0    1.0    1.0    1.0    1.0
47146    3.0    3.0    4.0    3.0    3.0    2.0    2.0    2.0    3.0    4.0    3.0    3.0    4.0    4.0    2.0    4.0    4.0    3.0    4.0    4.0    4.0    4.0    4.0
47152    3.0    3.0    3.0    4.0    3.0    1.0    2.0    3.0    3.0    3.0    4.0    3.0    1.0    4.0    4.0    4.0    4.0    1.0    1.0    1.0    1.0    1.0    4.0
47155    3.0    3.0    3.0    4.0    3.0    1.0    1.0    2.0    3.0    4.0    4.0    4.0    1.0    1.0    1.0    1.0    4.0    1.0    4.0    1.0    1.0    1.0    4.0
47156    3.0    3.0    4.0    4.0    2.0    1.0    2.0    2.0    3.0    4.0    4.0    3.0    4.0    4.0    4.0    4.0    1.0    4.0    1.0    4.0    4.0    4.0    4.0
47159    3.0    3.0    4.0    4.0    3.0    1.0    1.0    2.0    3.0    4.0    4.0    4.0    4.0    4.0    4.0    1.0    4.0    1.0    4.0    1.0    1.0    1.0    1.0
47162    3.0    3.0    4.0    4.0    3.0    1.0    1.0    3.0    3.0    4.0    4.0    4.0    4.0    4.0    1.0    1.0    4.0    1.0    4.0    4.0    4.0    4.0    4.0
47165    3.0    3.0    4.0    4.0    2.0    1.0    1.0    2.0    3.0    4.0    4.0    3.0    4.0    4.0    1.0    4.0    1.0    4.0    1.0    4.0    4.0    4.0    4.0
47168    3.0    3.0    4.0    4.0    2.0    1.0    2.0    3.0    3.0    4.0    4.0    4.0    1.0    4.0    1.0    4.0    4.0    4.0    4.0    4.0    4.0    4.0    4.0
47169    4.0    4.0    4.0    4.0    1.0    1.0    1.0    3.0    4.0    4.0    3.0    3.0    3.0    4.0    1.0    4.0    4.0    4.0    1.0    1.0    1.0    1.0    1.0
47170    3.0    4.0    4.0    4.0    3.0    1.0    1.0    3.0    3.0    4.0    4.0    4.0    4.0    4.0    1.0    4.0    4.0    1.0    4.0    1.0    1.0    1.0    1.0
47172    3.0    3.0    4.0    3.0    2.0    1.0    2.0    3.0    3.0    4.0    4.0    3.0    4.0    4.0    1.0    4.0    4.0    1.0    4.0    4.0    4.0    4.0    4.0
47174    3.0    3.0    4.0    4.0    3.0    2.0    2.0    3.0    3.0    4.0    4.0    3.0    4.0    4.0    1.0    4.0    1.0    4.0    1.0    2.0    1.0    4.0    3.0
47175    3.0    4.0    4.0    4.0    2.0    1.0    2.0    3.0    3.0    4.0    4.0    3.0    4.0    4.0    4.0    1.0    4.0    4.0    4.0    4.0    4.0    4.0    4.0
47184    4.0    4.0    4.0    4.0    3.0    2.0    1.0    2.0    3.0    4.0    4.0    4.0    4.0    1.0    1.0    4.0    1.0    4.0    4.0    4.0    4.0    4.0    4.0
47185    4.0    4.0    4.0    4.0    3.0    2.0    2.0    2.0    4.0    4.0    4.0    4.0    1.0    4.0    4.0    4.0    4.0    1.0    4.0    1.0    1.0    1.0    3.0
47188    4.0    4.0    4.0    4.0    3.0    2.0    2.0    2.0    3.0    4.0    4.0    4.0    4.0    4.0    4.0    4.0    1.0    3.0    1.0    4.0    4.0    4.0    4.0
47189    4.0    4.0    4.0    4.0    3.0    2.0    1.0    2.0    4.0    4.0    4.0    4.0    4.0    4.0    4.0    4.0    4.0    1.0    1.0    4.0    4.0    4.0    4.0
47192    3.0    3.0    3.0    4.0    3.0    2.0    2.0    3.0    3.0    4.0    4.0    3.0    1.0    4.0    4.0    4.0    1.0    4.0    4.0    1.0    1.0    1.0    1.0
47232    3.0    3.0    3.0    3.0    2.0    2.0    2.0    2.0    3.0    3.0    3.0    3.0    1.0    1.0    4.0    4.0    4.0    4.0    1.0    4.0    4.0    4.0    4.0
47235    3.0    3.0    3.0    3.0    1.0    1.0    2.0    3.0    3.0    4.0    4.0    4.0    1.0    1.0    1.0    1.0    1.0    1.0    1.0    4.0    4.0    4.0    4.0
47284    3.0    3.0    3.0    4.0    3.0    1.0    2.0    3.0    3.0    4.0    4.0    4.0    4.0    4.0    4.0    4.0    4.0    4.0    4.0    1.0    1.0    1.0    1.0
47110    3.0    3.0    3.0    3.0    2.0    2.0    2.0    3.0    3.0    4.0    3.0    4.0    3.0    4.0    4.0    4.0    4.0    4.0    4.0    4.0    4.0    4.0    4.0
47113    3.0    3.0    3.0    3.0    2.0    2.0    2.0    3.0    3.0    4.0    3.0    4.0    4.0    4.0    1.0    1.0    1.0    4.0    1.0    1.0    1.0    1.0    1.0
47128    3.0    4.0    3.0    3.0    1.0    2.0    2.0    3.0    3.0    4.0    4.0    3.0    4.0    4.0    1.0    4.0    4.0    4.0    1.0    1.0    1.0    1.0    1.0
47151    3.0    3.0    3.0    4.0    3.0    1.0    2.0    3.0    3.0    4.0    4.0    4.0    4.0    4.0    4.0    1.0    4.0    1.0    4.0    1.0    2.0    1.0    4.0
47163    3.0    3.0    4.0    4.0    2.0    1.0    2.0    2.0    3.0    4.0    4.0    4.0    4.0    3.0    1.0    1.0    1.0    4.0    1.0    1.0    4.0    4.0    4.0
47167    3.0    3.0    4.0    4.0    3.0    2.0    1.0    3.0    3.0    4.0    4.0    4.0    4.0    4.0    4.0    1.0    1.0    4.0    4.0    4.0    4.0    4.0    4.0
47139    3.0    3.0    4.0    4.0    3.0    2.0    2.0    3.0    3.0    4.0    4.0    3.0    4.0    4.0    4.0    4.0    4.0    4.0    4.0    4.0    4.0    4.0    4.0
47142    3.0    3.0    3.0    4.0    3.0    1.0    2.0    2.0    4.0    3.0    4.0    3.0    4.0    4.0    4.0    1.0    4.0    4.0    4.0    4.0    4.0    4.0    4.0
47153    3.0    3.0    4.0    4.0    3.0    1.0    1.0    2.0    3.0    4.0    4.0    4.0    4.0    4.0    4.0    4.0    4.0    1.0    4.0    1.0    1.0    1.0    1.0
47158    3.0    3.0    4.0    4.0    2.0    1.0    2.0    2.0    3.0    4.0    4.0    3.0    4.0    4.0    4.0    4.0    4.0    4.0    4.0    4.0    4.0    4.0    4.0
47161    3.0    3.0    3.0    4.0    3.0    2.0    2.0    3.0    3.0    4.0    4.0    4.0    4.0    4.0    4.0    4.0    4.0    1.0    4.0    1.0    1.0    1.0    1.0
47182    4.0    4.0    4.0    4.0    3.0    2.0    2.0    2.0    3.0    4.0    4.0    4.0    4.0    4.0    4.0    4.0    1.0    1.0    2.0    4.0    4.0    4.0    4.0
