2014061600+000HOUR     2014061609LST
STNID     6H    30H    54H    78H   102H   126H   150H   174H   198H   222H   246H   270H
STNID 061615 061715 061815 061915 062015 062115 062215 062315 062415 062515 062615 062715LST
47008   16.1   12.4   13.4   16.3   19.2   20.5   20.4   21.9   18.0   22.7   18.8   18.9
47014   26.4   25.9   21.7   24.6   22.7   24.2   25.8   26.9   26.1   25.2   24.1   24.0
47041   23.4   15.7   16.3   18.7   19.1   21.4   21.0   24.1   23.4   24.2   21.9   20.3
47058   30.2   29.4   26.4   24.5   28.5   27.6   26.1   29.0   30.7   26.6   29.1   26.4
47069   27.4   26.3   26.5   27.1   24.1   27.3   29.2   30.6   26.9   26.1   28.4   26.3
47070   27.3   26.8   26.2   28.6   26.8   28.4   30.5   29.5   25.6   28.3   28.6   28.2
47090   26.9   21.5   21.6   22.0   20.9   22.2   22.2   22.7   22.2   20.2   25.4   22.2
47095   29.9   28.9   26.3   26.6   28.0   27.8   28.9   29.6   27.1   27.8   29.0   26.9
47098   30.9   30.4   28.4   28.3   30.1   29.7   32.0   30.1   27.5   30.0   29.9   28.8
47099   30.1   30.2   28.7   30.7   29.5   30.5   32.8   31.5   30.0   31.1   30.7   29.8
47100   25.9   20.9   19.6   21.4   19.8   20.4   21.1   22.2   20.5   20.5   21.6   20.3
47101   30.4   28.3   26.4   27.1   29.7   26.7   29.7   30.0   27.4   28.1   29.8   26.6
47102   23.7   23.5   21.6   22.3   23.0   23.7   24.6   24.7   23.9   24.6   21.4   22.2
47104   28.2   20.8   20.8   22.9   21.6   18.7   22.0   22.1   23.3   23.8   23.1   22.9
47105   28.8   21.8   21.8   23.4   21.4   19.8   21.2   23.6   24.2   26.1   22.3   23.4
47106   26.8   21.4   21.2   23.8   21.3   22.6   24.7   21.1   22.9   21.9   22.9   21.4
47108   29.5   28.1   27.3   28.5   28.8   29.5   32.8   30.9   26.6   30.1   29.9   29.1
47112   26.5   25.4   25.6   26.3   26.7   27.2   30.4   28.4   26.3   28.5   28.2   28.0
47114   29.6   28.2   27.3   30.3   29.1   29.8   31.3   30.3   26.4   30.2   30.6   29.1
47115   26.3   22.7   17.7   21.5   20.0   20.5   21.1   22.3   23.4   20.4   23.1   22.7
47119   28.9   28.0   27.1   28.3   29.3   30.0   32.1   30.5   26.0   30.0   30.0   29.7
47121   30.2   28.8   28.4   30.7   29.4   28.3   30.4   29.9   26.4   29.7   29.8   29.0
47127   29.3   28.2   27.3   29.5   28.9   28.4   29.8   28.6   27.7   29.8   29.9   29.3
47129   27.7   25.5   26.4   28.2   27.2   29.6   30.5   28.0   24.8   28.4   26.8   26.9
47130   25.3   19.6   21.2   24.7   21.9   19.2   20.3   19.8   21.8   22.5   23.8   22.4
47131   30.2   27.6   27.3   30.1   30.2   28.7   30.9   27.1   28.1   29.9   29.6   29.1
47133   29.0   27.0   29.7   29.7   28.9   28.1   29.7   27.1   26.5   28.7   28.4   27.8
47135   28.7   26.7   27.6   28.2   27.6   21.7   26.6   23.1   24.6   25.1   27.7   23.1
47136   30.7   27.5   29.4   30.6   29.5   26.2   29.8   25.9   26.7   28.7   28.6   27.4
47137   30.1   27.3   28.2   30.0   28.7   27.3   30.6   24.2   26.7   27.1   28.7   24.6
47138   28.5   25.4   24.9   29.8   24.8   23.4   23.2   23.2   27.3   26.1   25.6   24.1
47140   26.9   25.1   24.7   26.3   28.8   29.0   28.2   25.6   25.8   27.4   27.4   27.4
47143   31.3   28.3   30.1   32.2   29.1   27.2   26.6   25.6   27.7   30.0   29.1   25.9
47146   30.7   26.8   29.3   31.1   30.7   30.4   29.8   28.1   27.6   30.1   29.6   27.6
47152   31.0   26.1   26.8   29.6   26.6   23.3   23.4   22.3   25.4   26.6   24.9   20.7
47155   29.6   24.6   28.5   27.9   25.8   24.0   25.5   23.9   23.6   26.8   25.7   23.5
47156   30.3   25.7   30.8   30.5   29.8   29.3   29.2   26.9   25.9   29.8   28.6   27.4
47159   27.6   24.3   26.5   25.7   26.3   25.5   24.4   23.8   26.5   25.6   24.9   22.2
47162   26.0   22.9   26.7   25.4   25.6   24.7   25.3   23.3   24.1   25.7   23.1   22.3
47165   26.9   21.6   26.2   28.0   27.0   25.8   26.1   24.3   23.2   25.7   24.9   25.6
47168   26.0   21.9   26.9   24.6   25.5   23.4   24.6   23.2   24.0   25.8   22.7   23.5
47169   21.6   19.6   21.9   23.6   22.6   20.5   23.1   23.3   22.0   22.6   22.5   23.4
47170   28.5   21.6   29.6   27.5   26.3   22.9   25.5   24.6   23.9   27.2   25.1   24.6
47172   29.9   24.7   27.9   28.5   28.7   28.8   26.3   24.8   26.7   27.3   28.5   28.6
47174   28.9   23.4   29.8   27.9   27.4   24.7   26.3   24.1   25.7   27.3   24.6   25.1
47175   26.0   20.0   26.3   25.7   23.6   22.5   25.1   23.3   22.2   23.7   23.1   23.5
47184   25.7   20.8   25.1   26.3   27.4   22.7   22.2   22.1   24.9   26.4   22.0   18.5
47185   23.5   20.1   24.3   26.2   25.8   24.9   24.8   24.8   25.6   23.1   24.1   23.4
47188   26.4   21.4   24.2   25.4   24.4   22.3   23.2   23.2   23.8   24.1   21.2   21.0
47189   25.8   21.0   26.0   26.0   25.4   25.4   24.2   24.4   24.8   24.4   24.5   21.8
47192   29.9   25.8   29.4   28.3   28.3   25.0   26.6   26.2   24.1   27.5   26.1   22.4
   96   23.5   22.5   21.0   20.6   19.5   19.9   18.5   20.9   23.3   20.1   20.7   21.3
