2014061512+000HOUR     2014061521LST
STNID     9H    33H    57H    81H   105H   129H   153H   177H   201H   225H   249H   273H
STNID 061606 061706 061806 061906 062006 062106 062206 062306 062406 062506 062606 062706LST
47008   14.7   12.2   12.2   12.0   11.1   12.6   11.7   15.0   16.5   12.3   14.3   13.8
47014   15.7   17.2   16.8   15.9   17.0   15.8   14.9   15.2   16.0   16.5   15.3   16.2
47041   17.5   16.1   15.1   16.1   15.6   13.3   15.8   16.3   17.5   16.9   20.5   16.9
47058   18.5   19.0   19.9   19.5   19.6   20.5   18.1   19.0   18.3   18.9   19.5   20.1
47069   18.8   20.7   20.2   19.7   18.9   20.9   19.1   18.2   18.0   19.4   19.9   17.0
47070   17.4   18.5   19.1   18.3   19.4   19.5   18.8   18.5   16.9   18.7   18.8   19.5
47090   21.9   17.6   16.7   16.5   16.7   17.8   18.0   17.0   16.3   14.4   16.7   18.4
47095   16.5   18.2   17.3   19.3   18.0   17.9   16.6   16.4   16.3   17.3   18.5   19.4
47098   16.7   17.2   18.9   19.4   18.6   18.9   18.3   17.6   16.6   18.2   19.3   19.5
47099   16.5   17.5   17.7   18.3   18.8   20.7   17.9   17.5   17.5   17.4   17.4   21.2
47100   15.1   14.5   12.6   14.6   14.4   11.3   13.1   12.2   13.0   12.7   12.7   14.2
47101   17.5   19.1   18.6   19.9   19.2   18.4   18.3   17.4   17.4   18.6   19.5   19.6
47102   16.6   16.2   15.0   16.2   16.7   19.0   14.5   14.7   15.5   15.7   17.4   15.9
47104   21.0   17.8   16.1   16.7   16.6   16.8   16.4   15.5   17.4   15.9   17.4   17.7
47105   23.9   18.6   16.4   17.7   17.7   17.4   16.2   17.0   17.5   18.0   19.0   17.9
47106   22.1   17.6   15.8   17.1   16.1   15.9   16.7   16.3   15.1   16.7   17.4   17.7
47108   19.3   19.4   19.0   20.0   20.2   19.4   19.2   17.6   19.0   21.0   20.5   19.5
47112   17.7   17.8   17.6   17.8   20.5   20.2   18.6   17.9   18.4   20.0   20.4   19.0
47114   17.8   18.6   18.2   19.7   18.6   19.2   18.6   18.0   17.2   19.0   20.0   18.7
47115   21.2   18.1   15.4   15.9   15.7   18.2   16.7   16.6   14.3   15.6   15.8   16.2
47119   17.7   18.0   18.4   18.2   21.9   20.6   20.3   19.7   19.9   20.2   21.0   20.6
47121   15.9   17.2   16.5   17.5   17.1   16.7   18.5   16.9   17.2   17.5   18.6   17.3
47127   17.3   18.1   17.6   18.4   18.6   18.3   18.9   18.3   19.4   19.1   19.3   18.2
47129   16.4   18.1   16.1   16.0   19.2   17.9   18.6   18.4   17.8   18.1   19.1   18.5
47130   21.3   17.7   15.8   16.1   16.2   16.3   16.9   16.2   15.5   16.2   17.3   17.3
47131   19.2   20.5   18.8   20.0   20.1   19.0   19.4   20.0   19.5   21.0   20.7   20.7
47133   18.8   20.4   19.0   20.4   19.2   16.4   19.3   19.1   19.1   20.3   20.8   20.4
47135   17.6   17.9   16.2   17.8   17.2   17.7   17.4   17.4   17.0   16.0   17.4   18.0
47136   17.9   19.1   17.4   17.2   19.3   18.3   19.0   17.4   17.5   17.4   17.6   17.3
47137   18.8   18.7   17.6   18.5   18.6   16.9   18.5   17.5   18.0   18.1   18.1   19.0
47138   22.8   20.1   18.9   18.6   19.8   17.7   19.5   18.1   19.5   19.0   17.6   21.3
47140   18.0   17.8   17.8   16.5   20.3   16.8   18.8   18.6   19.2   17.8   17.6   19.2
47143   21.0   22.0   19.4   19.7   20.9   19.3   20.7   18.8   19.0   20.5   20.7   20.3
47146   18.2   19.9   18.6   19.1   19.9   16.2   19.9   20.5   20.0   20.3   21.6   20.3
47152   19.7   18.5   17.4   17.0   18.0   18.3   16.5   18.1   18.2   18.7   19.5   20.4
47155   18.0   19.6   19.0   19.1   19.1   19.6   19.3   18.3   18.3   20.0   20.4   20.0
47156   19.1   20.0   18.2   19.7   20.4   21.7   20.6   19.0   18.9   20.4   21.9   19.7
47159   19.4   19.3   18.7   18.5   19.1   19.1   19.9   18.1   18.8   19.8   20.4   20.8
47162   17.8   18.5   17.9   17.7   17.9   18.7   18.5   18.3   17.4   19.2   19.8   19.1
47165   18.7   18.4   17.3   17.7   18.1   21.6   19.7   19.5   19.7   20.7   20.0   19.9
47168   19.7   19.9   19.2   19.4   19.9   20.2   19.3   19.9   19.1   20.3   20.9   20.0
47169   16.4   16.5   15.9   17.2   16.0   18.0   18.6   16.6   18.4   16.6   16.8   16.6
47170   17.7   18.7   18.5   17.4   17.3   21.2   19.4   19.6   18.7   19.8   20.4   20.4
47172   17.5   18.1   17.0   17.2   18.7   20.2   18.7   19.1   18.4   19.3   20.3   16.4
47174   14.8   17.7   14.5   16.5   17.2   18.4   17.8   18.3   17.3   17.6   18.9   13.0
47175   17.4   16.6   15.1   15.4   16.1   17.0   17.3   19.0   17.2   17.1   18.6   17.6
47184   18.8   18.6   17.4   18.1   20.0   20.8   22.0   21.0   20.8   21.1   22.2   22.3
47185   19.3   17.3   18.1   18.8   20.1   20.9   20.7   21.4   20.6   18.3   18.0   16.8
47188   18.7   18.3   17.8   17.3   19.7   19.8   22.5   19.9   21.2   21.9   21.0   20.4
47189   20.6   18.4   18.2   18.7   22.0   20.5   20.7   21.3   22.3   22.9   22.0   21.0
47192   15.8   19.0   16.9   16.8   17.4   18.8   20.1   19.0   18.4   16.9   17.7   18.8
   96   19.8   19.4   17.5   18.5   18.2   18.5   16.6   15.9   16.8   18.1   18.8   19.7
