2014061512+000HOUR     2014061521LST
STNID    18H    42H    66H    90H   114H   138H   162H   186H   210H   234H   258H   282H
STNID 061615 061715 061815 061915 062015 062115 062215 062315 062415 062515 062615 062715LST
47008   17.8   13.4   11.3   16.5   18.6   17.7   16.5   21.7   22.1   19.5   20.0   19.8
47014   26.8   22.7   21.5   24.4   27.4   25.9   25.6   25.7   26.0   25.4   26.6   26.0
47041   22.9   18.1   19.1   15.3   19.0   20.2   19.8   30.0   31.0   26.7   24.9   24.9
47058   29.9   28.7   26.0   23.6   27.5   24.4   26.6   28.1   25.0   29.2   30.2   28.8
47069   27.9   22.1   27.3   23.8   26.4   23.0   27.4   24.2   22.0   28.5   27.7   27.1
47070   27.1   24.9   26.0   26.1   29.0   22.0   27.8   27.5   23.4   28.5   29.4   27.5
47090   25.9   20.3   22.5   21.4   17.5   19.1   21.9   26.2   25.4   26.0   26.1   24.9
47095   29.0   28.5   27.5   25.8   27.0   23.1   27.1   28.9   25.0   30.1   30.9   28.7
47098   30.2   28.6   29.2   27.4   30.0   22.1   29.8   31.9   27.1   31.6   31.2   30.4
47099   29.2   26.9   28.4   28.5   31.6   22.7   29.0   31.2   25.2   32.4   29.8   30.3
47100   25.9   21.6   20.6   20.2   18.7   19.4   18.5   22.4   23.5   26.5   24.7   22.1
47101   30.0   28.7   28.2   27.7   27.4   22.9   27.6   30.6   27.0   32.0   31.2   28.9
47102   22.6   23.8   21.1   19.4   25.0   20.1   22.4   24.2   20.0   22.7   25.7   20.5
47104   28.0   21.6   22.2   22.0   20.1   18.5   22.5   25.7   28.0   27.7   25.7   22.8
47105   28.7   22.7   23.7   22.6   20.3   21.0   22.7   27.6   29.9   29.5   26.1   25.3
47106   25.3   21.6   23.0   23.0   18.4   19.5   21.9   23.5   25.0   26.8   24.5   24.3
47108   28.8   26.1   27.1   27.0   30.7   24.6   29.1   30.5   26.2   31.7   30.1   30.2
47112   24.6   23.8   26.5   22.8   28.2   22.6   27.1   26.4   22.8   27.3   26.4   27.0
47114   29.7   27.8   28.8   29.1   29.9   24.7   29.3   28.5   27.2   30.9   31.2   30.9
47115   24.5   22.5   20.3   19.2   18.2   20.0   18.7   22.1   23.6   24.2   21.4   22.7
47119   28.2   26.8   27.1   26.2   30.0   24.3   28.4   28.3   26.3   29.4   29.6   29.3
47121   30.1   28.1   29.8   28.8   29.5   23.2   27.1   29.9   28.5   31.6   30.1   30.8
47127   29.3   27.0   29.4   28.2   30.0   23.7   28.4   29.2   28.3   30.1   29.2   30.5
47129   26.9   24.3   26.7   26.4   28.5   23.9   27.1   26.1   24.6   27.6   26.6   29.5
47130   25.4   19.9   23.2   23.3   20.1   20.6   21.3   24.4   25.4   25.7   23.2   24.4
47131   29.9   25.4   29.6   28.3   31.5   24.3   28.1   28.7   27.9   29.8   29.4   30.0
47133   29.7   23.7   28.6   28.6   30.4   24.8   27.6   28.5   27.2   29.9   26.9   29.5
47135   28.5   24.8   27.3   28.2   27.5   20.1   23.0   26.0   26.0   29.7   24.6   26.3
47136   30.8   27.0   29.5   30.0   26.7   23.7   25.9   28.8   28.2   29.8   27.3   30.4
47137   29.9   25.4   28.7   29.2   29.0   24.5   26.7   27.7   27.2   29.8   26.2   27.9
47138   29.1   25.3   27.3   27.8   21.5   21.8   22.3   27.9   27.6   26.8   23.7   23.5
47140   27.2   22.7   27.1   25.5   30.7   23.2   25.9   26.7   26.1   29.5   26.1   28.5
47143   31.2   28.3   29.0   30.9   28.6   26.4   26.5   27.7   29.7   29.3   26.1   29.7
47146   31.3   23.8   30.7   30.6   31.6   25.5   29.4   29.5   29.4   31.3   27.9   30.7
47152   30.1   26.9   26.1   29.4   24.4   23.9   20.0   26.3   27.7   25.5   24.7   24.8
47155   29.4   24.4   27.2   29.2   24.1   24.8   24.1   25.1   25.4   24.5   22.6   25.3
47156   30.9   24.8   30.6   30.9   30.4   24.8   28.5   29.4   28.0   29.6   26.5   28.8
47159   26.1   24.2   24.8   26.2   24.4   21.4   23.3   24.8   26.5   25.1   22.8   24.6
47162   25.3   23.2   25.0   26.5   24.6   21.9   23.0   24.7   23.9   21.9   23.0   24.1
47165   27.4   22.1   27.1   27.4   26.9   24.0   24.5   25.1   26.0   26.0   23.6   26.8
47168   26.0   22.8   24.4   25.9   22.5   22.4   23.1   23.5   23.7   22.8   22.2   24.1
47169   21.8   17.7   21.9   22.4   23.2   21.8   22.0   23.0   24.2   22.0   19.4   23.7
47170   27.1   21.9   26.0   30.0   25.1   21.7   24.3   25.4   26.3   25.0   23.2   26.2
47172   30.6   23.2   29.6   27.3   29.1   23.4   26.3   27.1   25.8   27.1   26.7   29.4
47174   29.7   23.5   26.3   30.0   25.4   23.0   26.3   26.3   25.9   25.6   23.7   25.3
47175   25.6   20.6   25.8   26.9   22.1   21.1   24.4   24.8   24.6   23.7   22.2   25.4
47184   25.2   21.0   22.8   25.9   24.0   23.4   19.7   25.9   24.7   23.7   21.7   26.9
47185   23.0   19.8   22.7   24.0   24.9   24.2   21.5   27.3   23.8   22.6   22.9   24.4
47188   25.4   19.5   21.8   26.0   22.7   22.0   22.8   24.1   24.8   20.5   19.9   23.4
47189   25.3   20.5   24.4   26.8   23.7   23.5   23.5   25.0   23.3   22.7   23.1   25.5
47192   30.5   25.0   28.3   30.0   27.3   25.9   27.0   27.3   26.4   25.8   22.3   26.9
   96   21.6   22.2   20.6   19.1   18.8   17.8   17.0   17.0   19.4   21.6   20.5   20.0
