2014061512+000HOUR     2014061521LST
STNID     9H    33H    57H    81H   105H   129H   153H   177H   201H   225H   249H   273H
STNID 061606 061706 061806 061906 062006 062106 062206 062306 062406 062506 062606 062706LST
47008   13.2   12.2   11.7   10.6   12.6   13.7   13.5   16.8   16.9   14.9   15.9   13.7
47014   15.8   18.3   16.0   16.2   14.9   17.1   14.4   16.3   16.1   14.6   15.3   12.0
47041   17.2   14.8   13.9   14.8   17.1   15.7   15.9   15.0   17.9   17.9   17.7   17.7
47058   18.2   18.6   19.1   18.3   19.9   19.7   18.0   19.8   19.2   20.0   19.4   19.7
47069   18.9   19.7   19.1   18.8   17.9   21.7   20.8   19.7   17.4   18.3   15.0   18.7
47070   18.2   17.6   19.2   18.3   18.1   20.0   18.4   18.0   16.6   15.5   15.2   19.0
47090   21.5   15.5   15.6   15.7   17.4   17.3   17.1   14.1   18.5   21.2   22.3   12.7
47095   16.5   18.1   16.7   18.4   18.5   17.8   16.7   15.6   18.2   18.2   18.5   18.7
47098   17.1   17.6   17.0   18.8   18.7   20.0   17.8   14.6   18.2   19.0   18.4   18.9
47099   16.9   17.5   18.2   19.0   18.2   20.3   18.0   17.2   17.0   15.6   14.7   19.2
47100   14.3   13.9   11.0   12.9   14.7   13.1   11.2   11.2   13.5   12.6   15.3   12.5
47101   17.4   18.9   16.4   18.6   18.8   19.7   17.9   16.5   18.9   18.8   19.4   19.0
47102   14.8   15.4   15.0   15.6   14.7   17.8   15.1   17.4   14.9   16.5   14.6   15.8
47104   21.6   16.2   14.9   15.5   17.8   16.8   15.4   15.2   19.6   20.6   20.0   17.5
47105   24.2   16.9   15.4   16.4   18.2   17.8   15.4   17.5   20.4   22.3   22.9   19.8
47106   22.2   17.3   14.7   15.9   17.1   16.0   15.7   14.0   18.8   21.0   21.4   17.7
47108   19.4   20.6   19.9   20.5   19.3   21.2   19.3   17.5   20.5   20.5   19.5   18.9
47112   17.7   18.2   18.2   20.1   18.8   20.5   20.2   19.1   15.2   19.0   19.6   18.8
47114   17.4   19.4   17.6   19.0   17.9   20.3   18.3   17.9   16.6   16.6   17.7   19.2
47115   20.4   17.2   14.8   13.8   14.8   17.0   17.0   16.8   15.3   17.9   18.7   17.7
47119   17.1   18.3   18.6   19.1   18.6   20.2   19.9   18.0   18.3   20.2   18.9   19.7
47121   15.4   17.4   14.9   16.7   16.7   16.8   16.6   14.9   16.8   15.9   19.6   17.2
47127   16.8   18.8   16.7   18.2   18.1   19.0   19.4   13.7   18.3   14.4   16.9   19.6
47129   16.6   17.4   16.5   16.1   16.8   20.3   16.9   17.3   17.5   17.4   18.6   18.9
47130   20.7   17.6   14.6   15.3   16.1   16.4   15.2   14.7   17.1   19.4   20.1   16.1
47131   19.1   21.0   19.3   19.5   19.8   21.0   20.1   19.6   19.5   19.4   20.2   21.0
47133   18.4   20.6   19.0   19.9   20.1   20.3   19.7   16.9   19.5   18.9   20.0   20.9
47135   16.7   18.3   15.5   16.3   17.3   19.0   16.9   15.7   16.6   17.2   18.5   19.0
47136   17.6   19.0   16.3   16.9   19.4   18.6   15.0   14.7   16.6   17.2   20.8   19.7
47137   18.1   18.7   16.3   18.0   18.6   18.6   15.5   16.5   17.6   19.3   19.5   20.1
47138   22.8   20.5   17.7   18.4   19.5   17.4   17.1   17.4   17.1   20.3   22.2   21.0
47140   17.1   17.4   17.9   17.4   19.2   20.4   19.2   20.5   18.9   17.5   16.7   19.9
47143   21.1   22.2   18.4   19.2   21.2   19.6   17.8   17.6   19.6   19.8   20.6   20.9
47146   18.0   19.2   18.4   18.3   19.0   20.5   19.6   18.5   20.1   18.3   20.8   21.4
47152   20.4   18.4   17.3   18.0   20.0   19.1   16.4   17.3   17.9   18.3   20.5   20.5
47155   17.9   19.9   18.9   18.1   17.8   19.7   19.8   18.7   18.5   19.5   20.4   20.5
47156   18.3   20.4   19.2   19.4   20.9   20.5   20.5   19.2   20.8   19.0   20.6   21.6
47159   20.2   19.7   19.4   18.4   20.2   19.3   19.2   18.8   19.7   19.4   20.5   21.1
47162   17.7   19.1   18.2   17.5   16.4   17.5   19.2   18.2   19.0   18.7   19.3   19.4
47165   18.5   19.3   18.1   17.4   17.9   19.5   19.6   17.8   18.4   19.2   19.0   19.3
47168   19.9   20.4   19.4   19.1   20.0   20.2   19.9   19.5   20.2   20.6   20.4   20.5
47169   16.6   15.3   17.3   18.2   14.9   17.2   17.2   16.5   18.4   18.0   17.6   18.0
47170   18.5   18.4   18.0   17.5   17.7   21.0   19.8   19.8   20.0   18.7   19.5   18.4
47172   17.5   18.7   18.1   17.8   18.2   21.1   21.1   17.4   18.7   18.6   18.8   17.6
47174   14.5   18.1   16.9   16.5   18.4   18.9   18.6   15.5   16.9   17.4   19.1   19.3
47175   17.8   16.0   16.0   15.9   16.2   18.4   17.0   15.8   17.8   15.6   17.6   17.1
47184   19.2   18.1   18.3   17.8   18.8   21.4   20.8   20.9   20.9   20.8   20.2   19.3
47185   18.7   17.0   19.5   18.5   19.6   21.6   20.1   18.6   20.1   19.4   19.6   19.7
47188   17.9   18.6   18.0   15.6   17.3   21.8   20.6   20.5   19.1   19.9   18.0   19.3
47189   20.1   17.5   18.5   18.0   20.5   20.6   21.2   21.2   20.4   20.3   19.7   20.5
47192   15.9   19.2   16.5   17.1   17.6   19.9   20.1   17.8   16.9   17.7   19.1   19.2
   96   20.1   19.3   15.5   17.6   18.0   17.2   14.4   15.5   17.1   19.5   19.1   15.6
