2014071000+000HOUR     2014071009LST
STNID     6H    30H    54H    78H   102H   126H   150H   174H   198H   222H   246H   270H
STNID 071015 071115 071215 071315 071415 071515 071615 071715 071815 071915 072015 072115LST
47008   25.5   25.0   26.8   26.2   27.1   27.2   26.6   27.4   25.4   25.2   29.2   28.1
47035   33.2   32.1   31.8   31.8   29.7   27.8   27.3   25.6   26.7   33.2   32.3   35.3
47041   32.3   33.8   33.2   31.5   31.2   32.5   31.9   31.3   29.7   29.2   30.3   29.6
47058   33.2   30.8   31.0   30.7   31.0   33.3   31.5   30.8   31.2   31.7   32.9   34.7
47070   31.3   31.8   26.1   30.8   25.8   29.9   27.9   29.8   31.0   35.1   30.8   29.9
47090   27.6   32.7   27.8   28.8   28.7   30.8   29.7   30.2   27.9   28.3   28.1   28.7
47095   31.1   31.8   26.0   30.0   26.0   30.2   28.3   30.4   31.6   31.8   32.1   33.2
47098   32.3   32.5   26.1   31.4   27.0   30.9   29.2   31.6   32.9   34.8   32.0   33.9
47099   32.8   33.1   27.6   32.0   27.2   30.6   29.7   31.4   32.4   36.0   32.4   31.8
47100   22.9   27.7   22.5   25.6   24.8   24.8   24.9   25.4   24.6   24.9   27.4   28.9
47101   31.2   32.3   24.9   31.5   26.8   29.6   28.2   31.5   31.3   32.2   32.1   34.4
47104   27.4   33.1   28.7   29.4   30.9   30.6   28.8   31.3   28.7   27.3   30.4   30.3
47105   27.7   34.6   29.4   30.9   32.1   31.2   29.5   32.0   29.5   27.9   31.1   32.1
47106   27.8   33.8   30.2   30.6   30.8   30.3   28.6   30.6   29.2   28.1   30.2   31.2
47108   31.8   31.8   26.2   30.8   28.2   28.6   28.5   29.8   31.0   34.7   31.2   32.9
47112   30.1   28.2   24.2   28.9   26.6   26.8   26.2   27.3   29.1   32.2   30.6   28.7
47114   31.7   32.2   28.2   30.7   30.5   28.6   29.6   30.5   32.4   32.4   32.5   34.0
47115   24.3   28.9   26.8   26.4   28.1   26.5   27.1   26.4   28.0   24.6   25.0   31.7
47119   32.0   31.4   27.2   30.9   28.2   29.0   29.4   30.1   31.0   34.2   32.6   32.7
47121   32.0   31.9   28.4   31.8   30.8   29.5   29.4   31.5   33.4   33.2   35.0   38.1
47127   32.1   32.7   29.0   30.6   30.5   28.5   28.9   30.2   32.8   33.2   34.1   36.7
47129   28.4   29.9   25.1   29.0   26.9   27.8   26.8   28.0   28.5   31.0   30.0   32.0
47130   26.0   31.8   26.6   28.2   28.2   29.1   29.4   30.0   28.4   26.1   25.7   29.4
47131   31.0   33.6   28.4   30.8   31.2   30.0   29.4   30.2   30.6   33.6   33.5   35.4
47133   30.1   31.5   26.7   31.3   30.1   29.5   28.5   29.4   29.3   32.2   31.1   32.2
47135   30.1   30.8   26.2   29.7   28.6   28.8   27.4   28.4   29.5   28.4   29.8   31.0
47136   33.0   33.0   28.0   31.9   31.2   31.4   29.1   30.9   33.0   31.4   34.2   36.5
47137   31.8   32.4   27.1   32.7   30.0   29.2   27.9   30.5   31.6   30.8   32.2   33.7
47138   29.6   34.2   29.0   32.1   31.5   31.6   29.7   33.0   31.6   27.6   30.7   31.6
47140   -2.0   29.6   26.7   29.1   28.9   25.8   27.9   29.0   29.1   30.7   30.7   31.9
47143   32.8   33.7   27.0   32.2   31.6   31.8   29.4   31.1   32.4   31.8   33.1   34.7
47146   31.4   32.0   26.8   31.1   30.5   29.7   30.5   30.7   30.8   32.2   33.3   35.5
47152   31.3   32.7   27.3   32.0   30.2   30.5   30.0   32.1   30.1   28.7   30.4   32.7
47155   32.1   29.8   26.4   30.8   28.9   27.4   27.2   28.5   28.9   27.7   30.2   32.3
47156   31.0   30.5   26.8   29.6   30.1   29.1   28.4   30.8   30.7   33.3   33.1   31.2
47159   30.6   30.1   25.4   29.4   28.0   26.4   26.6   27.6   28.8   27.9   30.0   29.7
47162   30.4   29.3   23.5   27.7   25.2   24.5   25.6   26.0   26.8   27.7   28.5   28.9
47165   28.7   28.8   24.8   28.7   27.0   26.1 -195.9   27.7   27.2   27.3   29.6   31.8
47168   30.2   29.9   23.4   27.0   25.0   24.9   25.3   27.2   25.9   26.5   28.1   29.2
47170   29.1   31.3   25.1   30.7   26.3   26.1   27.1   27.2   25.6   28.4   30.7   32.5
47172   27.7   29.4   27.0   28.7   28.0   27.4   28.8   29.0   27.8   30.4   31.4   32.1
47174   31.4   32.2   25.0   29.5   27.8   25.9   27.0   27.6   28.0   27.9   30.7   31.8
47176 -999.0 -999.0 -999.0 -999.0 -999.0 -999.0 -999.0 -999.0 -999.0 -999.0 -999.0 -999.0
47184   27.0   28.8   23.7   28.1   26.4   25.7   27.8   27.8   27.1   26.4   26.7   29.5
47185   24.3   26.6   27.7   26.9   25.1   28.0   27.2   28.0   25.9   28.0   29.0   30.9
47188   27.8   29.4   25.0   27.0   25.5   27.4   27.3   25.7   26.8   25.9   27.0   30.4
47189   30.3   28.1   26.5   28.4   25.4   27.7   27.1   27.0   25.4   26.2   27.7   30.9
47192   32.7   32.3   25.3   30.9   27.2   27.9   28.0   30.1   28.5   29.2   31.6   33.4
47203   31.6   33.3   27.2   30.7   28.5   28.1   28.9   29.7   32.6   33.5   33.8   35.5
47232   30.1   33.0   27.8   30.2   29.8   29.9   28.9   29.4   30.2   33.2   32.2   33.3
47235   27.9   29.6   26.0   28.7   24.0   27.6   26.6   27.5   28.5   30.2   30.3   31.4
47245   30.0   31.2   26.8   29.6   30.9   29.2   29.3   31.2   30.8   31.6   32.7   34.1
47247   30.5   31.0   25.8   29.5   29.1   27.2   28.9   30.1   30.3   30.5   31.7   32.7
47268   26.9   29.6   25.2   28.1   26.3   24.5   26.6   27.8   26.1   28.0   29.5   32.0
47279   32.0   32.4   27.8   31.8   30.7   30.6   29.3   31.0   33.4   31.4   32.2   33.7
47284   31.2   31.6   25.7   30.5   29.5   29.5   28.8   29.7   29.8   28.5   31.0   32.3
  887   29.7   32.1   27.1   30.4   30.5   29.4   28.8   30.6   27.8   32.6   31.4   32.3
47110   32.2   30.9   26.5   30.7   28.3   28.8   27.7   29.3   31.0   34.1   30.9   31.4
47113   30.0   28.7   25.5   29.3   27.4   26.8   26.1   27.1   28.3   31.1   29.7   30.1
47151   31.1   33.9   28.4   31.7   29.5   31.6   28.1   30.9   29.5   28.2   29.8   31.9
47153   31.4   31.8   25.7   30.0   27.8   26.8   26.4   28.7   28.4   28.0   29.1   30.7
47182   26.7   27.9   23.7   26.9   24.9   26.0   26.3   28.4   26.3   26.0   25.9   26.5
