2014071000+000HOUR     2014071009LST
STNID     6H    30H    54H    78H   102H   126H   150H   174H   198H   222H   246H   270H
STNID 071015 071115 071215 071315 071415 071515 071615 071715 071815 071915 072015 072115LST
47008   27.0   25.7   27.3   25.2   26.6   27.4   27.2   28.4   27.5   25.3   22.9   22.4
47035   33.3   32.5   30.5   30.8   30.0   28.7   26.2   28.0   25.1   28.6   28.8   26.8
47041   32.0   33.8   33.4   32.3   29.5   32.1   28.3   31.3   31.5   31.2   21.8   23.8
47058   32.5   31.1   31.1   29.8   31.6   33.1   31.8   30.6   28.6   28.5   28.5   29.6
47070   31.6   31.8   30.4   29.3   31.8   32.6   30.9   30.3   29.7   27.7   28.6   30.4
47090   28.9   32.6   31.5   29.7   28.0   27.5   28.6   32.6   32.2   31.1   25.0   26.8
47095   31.9   32.2   29.8   29.0   30.3   31.6   31.4   31.6   29.6   28.6   28.1   30.2
47098   34.1   32.8   30.8   30.0   32.8   33.0   31.8   31.3   29.0   29.0   28.6   32.2
47099   34.1   33.5   31.0   31.3   32.4   33.0   32.0   31.1   31.0   29.8   29.7   32.0
47100   25.3   26.6   26.0   25.7   26.3   26.5   25.9   26.1   25.9   24.4   22.7   23.8
47101   33.4   32.2   30.6   30.4   32.3   31.5   30.0   30.2   29.4   29.8   28.6   30.4
47104   28.4   32.1   30.8   30.3   28.8   29.0   29.8   32.2   31.9   28.7   28.2   28.5
47105   29.2   33.5   31.4   31.4   30.2   29.7   31.0   32.9   32.9   30.8   29.7   30.1
47106   28.3   32.5   31.2   30.1   28.3   28.1   29.1   32.1   31.3   30.5   26.1   27.2
47108   33.5   31.8   27.9   29.0   31.7   31.5   30.5   28.8   29.9   29.0   29.2   33.0
47112   29.8   27.7   25.9   27.3   29.1   28.8   27.3   27.1   28.0   27.8   28.5   28.7
47114   33.4   32.0   30.1   30.1   31.6   32.0   31.5   30.1   30.4   32.1   30.4   31.7
47115   26.8   28.6   27.9   26.1   27.5   27.0   27.8   26.5   27.1   27.5   23.9   25.8
47119   31.9   31.1   29.0   29.3   31.5   32.0   29.8   29.2   30.6   29.5   30.1   32.5
47121   33.3   31.2   31.8   30.5   32.9   32.2   30.0   30.4   31.1   30.0   29.6   30.9
47127   33.2   32.3   30.8   29.4   31.5   31.3   30.6   30.4   30.1   30.1   30.1   30.7
47129   28.1   29.5   28.5   26.8   29.4   29.5   29.0   28.7   29.5   29.4   31.0   31.6
47130   27.4   31.1   30.6   29.1   28.6   29.0   28.8   31.4   31.0   29.9   26.2   26.9
47131   32.6   33.3   31.4   28.6   31.5   30.2   29.7   31.2   29.8   30.2   31.2   32.4
47133   32.4   31.2   30.1   26.3   31.1   29.1   28.7   30.1   29.1   31.1   31.5   31.6
47135   31.5   30.2   29.4   28.5   29.7   29.3   28.4   27.6   28.8   29.7   31.1   30.7
47136   33.7   32.4   31.2   30.0   32.7   33.0   30.2   30.8   32.1   32.4   32.0   32.5
47137   33.0   31.8   30.7   29.2   30.7   29.9   28.9   30.8   30.7   31.6   32.0   31.9
47138   30.6   33.7   32.4   33.1   32.1   31.1   29.9   33.1   32.3   32.5   28.6   29.0
47140   29.3   29.3   29.0   26.7   27.6   28.5   26.7   28.9   27.4   26.6   28.9   30.9
47143   33.9   33.1   30.5   30.9   32.5   32.4   30.3   31.0   31.7   34.1   33.9   33.2
47146   32.4   31.0   29.5   27.5   30.8   30.5   30.0   29.2   28.5   32.4   32.4   33.0
47152   31.4   32.3   31.2   28.9   30.2   31.0   30.3   31.0   30.8   33.2   34.1   30.3
47155   32.6   29.8   30.6   26.5   29.1   28.7   27.7   27.8   27.8   29.2   31.8   29.2
47156   32.3   30.1   28.2   27.9   29.9   30.8   28.3   27.9   27.4   30.1   31.2   32.4
47159   30.4   29.5   28.1   25.1   26.9   28.3   26.6   27.3   27.0   26.2   29.8   27.7
47162   30.4   27.9   25.6   24.3   25.3   26.7   25.7   25.5   26.1   26.5   28.2   27.5
47165   28.8   27.6   27.6   25.6   26.7   28.6 -195.9   25.5   27.8   28.3   28.7   29.0
47168   30.9   29.6   25.6   23.6   26.2   27.5   25.5   26.2   26.4   26.7   28.1   28.5
47170   29.4   30.3   29.8   24.7   28.0   28.0   26.7   26.6   27.8   34.3   31.0   30.2
47172   28.8   29.5   29.2   27.2   29.2   29.2   27.5   28.2   28.6   29.2   29.3   31.5
47174   32.6   31.6   28.6   25.3   29.2   28.3   27.7   26.7   27.6   27.4   30.2   29.9
47176 -999.0 -999.0 -999.0 -999.0 -999.0 -999.0 -999.0 -999.0 -999.0 -999.0 -999.0 -999.0
47184   26.8   27.4   26.5   23.3   24.6   26.9   26.9   28.4   29.1   30.3   29.7   29.9
47185   23.8   24.1   26.7   26.7   24.4   27.8   26.8   26.5   27.6   28.6   29.4   29.7
47188   27.1   27.0   25.4   25.1   24.6   26.5   27.5   30.1   28.4   28.7   27.9   28.8
47189   29.9   26.5   26.2   25.3   25.2   26.9   27.1   28.3   27.8   28.7   28.7   29.2
47192   33.8   31.8   28.9   25.9   29.7   29.3   28.4   27.3   26.3   28.1   31.2   30.7
47203   34.5   33.1   29.7   29.0   31.6   32.1   31.6   29.9   31.3   30.8   30.2   31.6
47232   31.0   32.9   31.2   29.3   30.7   30.0   31.0   30.8   30.0   30.7   32.2   32.6
47235   29.3   29.3   27.0   26.9   30.9   29.8   26.6   27.5   26.4   26.1   29.0   30.2
47245   31.2   30.4   29.4   29.0   29.8   29.8   29.0   29.3   28.6   32.3   32.7   33.0
47247   31.5   31.0   29.1   26.3   29.7   28.9   28.3   28.2   28.5   30.0   30.9   32.4
47268   26.6   28.5   27.3   25.0   27.1   26.6   26.3   27.7   26.5   28.5   28.3   30.0
47279   33.0   31.6   31.0   28.1   31.8   31.3   29.7   30.8   29.8   32.9   32.6   32.9
47284   32.5   31.2   29.6   28.2   29.9   30.5   28.6   28.5   27.6   28.6   30.1   31.0
  887   31.4   31.7   30.0   27.7   30.2   29.9   29.3   31.3   27.4   29.6   31.9   32.7
47110   32.8   30.8   28.7   29.1   31.2   30.5   28.9   28.9   30.4   30.0   30.4   32.1
47113   29.2   28.1   27.0   27.9   28.6   27.7   27.5   26.2   28.3   29.1   29.0   29.7
47151   31.6   33.7   31.5   27.6   29.8   32.3   29.0   29.5   30.6   33.5   34.3   29.6
47153   31.7   31.3   28.8   25.8   27.8   28.8   27.1   27.5   26.3   27.7   32.0   29.8
47182   25.8   27.2   26.5   22.5   22.4   26.5   29.0   28.0   29.8   30.6   29.2   29.1
