2014071000+000HOUR     2014071009LST
STNID    21H    45H    69H    93H   117H   141H   165H   189H   213H   237H   261H   285H
STNID 071106 071206 071306 071406 071506 071606 071706 071806 071906 072006 072106 072206LST
47008   19.7   18.4   18.4   18.6   18.5   19.4   19.9   20.3   21.1   19.5   19.2   17.7
47035   19.7   18.9   19.2   20.9   20.9   21.7   20.5   22.2   23.9   25.2   23.4   24.1
47041   19.4   17.7   17.0   17.6   17.9   19.1   14.7   20.6   22.1  -11.8   14.4   22.1
47058   20.7   19.8   20.4   22.2   22.2   21.8   21.9   22.1   22.5   22.4   22.1   21.3
47070   19.8   19.6   21.7   21.2   21.5   21.4   21.0   21.2   23.8   24.2   24.2   24.2
47090   22.1   23.0   23.5   22.4   22.8   23.5   21.8   22.8   21.7   21.1   21.0   21.3
47095   19.1   18.2   20.1   19.1   21.1   20.6   19.7   20.9   20.4   22.0   22.5   23.7
47098   19.8   19.4   21.4   21.1   21.0   21.2   21.2   22.7   22.1   22.9   22.8   23.8
47099   19.7   19.2   22.1   21.7   22.1   20.4   20.8   20.9   22.1   23.6   23.5   23.9
47100   16.7   17.6   17.5   17.2   17.0   17.9   18.1   17.7   16.1   17.8   17.7   17.6
47101   20.4   20.3   21.7   20.4   22.5   21.6   21.2   21.8   22.0   27.3   25.5   27.0
47104   22.4   22.6   20.0   23.3   22.6   23.3   23.2   24.3   21.1   21.7   21.4   20.5
47105   25.2   24.9   24.5   23.9   23.8   24.8   24.3   25.5   21.6   21.8   21.7   21.9
47106   23.1   21.8   22.6   22.4   23.0   23.3   22.3   23.0   21.5   23.3   22.4   22.7
47108   23.8   22.0   22.8   22.9   22.7   23.1   21.5   23.4   25.4   23.0   23.3   24.2
47112   21.9   21.4   22.6   22.3   23.0   23.0   21.9   22.6   23.2   23.6   23.5   24.3
47114   21.4   20.3   21.0   20.2   21.4   22.1   22.0   22.0   21.6   24.0   22.5   23.2
47115   22.3   22.8   23.7   23.0   22.3   22.1   23.0   23.5   22.1   23.0   21.9   21.6
47119   21.5   20.9   22.7   22.7   21.9   23.2   21.5   22.5   23.4   23.9   23.3   23.8
47121   19.8   19.0   19.8   18.7   20.6   19.0   20.9   21.1   21.6   23.2   21.9   22.5
47127  -39.1   20.1   21.2   21.8   21.6   21.5   22.3   21.7   21.2   23.9   23.7   22.8
47129   20.8   19.9   21.6   21.8   21.6   21.7   22.1   22.2   23.1   23.0   22.8   23.1
47130   21.5   22.1   21.1   20.7   21.4   20.7   22.1   22.1   21.3   20.9   19.9   20.4
47131   22.3   21.9   22.9   21.5   23.4   22.6   23.9   24.8   24.1   24.4   24.6   25.8
47133   22.3   21.5   23.0   23.1   22.4   22.6   20.9   21.3   27.5   24.0   23.8   25.2
47135   20.1   19.2   20.3   21.2   20.1   20.3   21.7   22.0   21.3   22.4   21.8   21.5
47136   21.4   20.8   22.3   21.6   21.7   22.1   22.3   23.1   23.4   24.0   22.3   23.2
47137   21.4   20.3   21.9   21.4   21.2   21.7   21.8   22.1   19.4   23.8   22.8   20.1
47138   25.7   24.2   24.4   25.3   22.9   23.6   23.7   24.5   22.9   24.1   25.4   25.3
47140   21.7   22.2   22.4   18.6   22.3   22.1   22.5   22.8   25.1   23.5   22.6   22.8
47143   24.0   23.2   24.1   24.0   23.5   22.3   24.2   24.0   23.9   25.3   25.7   25.5
47146   22.4   22.5   22.3   22.0   22.5   22.6   18.4   21.7   24.8   25.6   24.9   25.4
47152   24.0   22.4   22.9   22.4   22.0   22.4   23.3   22.7   22.4   24.7   24.3   24.2
47155   24.4   23.0   22.4   22.8   23.2   22.4   23.9   23.9   23.6   26.3   24.5   25.3
47156   23.1   22.4   22.7   21.5   23.0   22.4   23.3   23.1   22.7   24.1   24.5   24.3
47159   24.2   23.0   23.3   22.6   21.9   22.8   23.8   24.6   24.5   25.7   24.8   24.9
47162   22.5   21.5   21.2   21.0   21.5   21.9   23.8   23.2   24.0   25.4   24.4   25.0
47165   21.6   21.0   22.0   20.2   21.6   22.3   22.0   22.4   23.2   22.8   22.9   23.7
47168   23.5   22.9   22.4   21.6   22.3   22.2   24.4   23.9   24.1   24.8   23.7   24.7
47170   23.4   22.4   21.9   21.2   22.0   22.9   23.0   22.8   25.2   23.1   24.0   24.3
47172   20.9   21.0   21.3   22.1   21.4   22.1   22.8   20.2  -16.0   20.7   21.8   22.2
47174   20.0   20.0   21.0   20.6   20.3   20.3   21.1   21.7 -239.7   15.9    9.1   12.8
47176 -999.0 -999.0 -999.0 -999.0 -999.0 -999.0 -999.0 -999.0 -999.0 -999.0 -999.0 -999.0
47184   22.9   23.7   23.1   23.3   24.6   24.0   24.1   24.2   24.2   23.6   24.5   24.6
47185   21.7   22.5   22.9   23.0   23.0   23.2   23.6   24.8   23.4   23.4   23.8   24.1
47188   22.2   22.2   22.6   22.4   23.4   23.0   23.4   24.2   24.2   25.4   25.8   26.0
47189   24.1   23.2   23.4   23.5   24.2   23.6   23.7   25.1   25.9   23.8   24.4   25.4
47192   20.9   21.3   21.3   20.1   21.9   21.4   23.0   22.1   22.6   22.6   22.6   23.3
47203   19.6   19.2   21.3   20.5   20.9   21.8   21.1   21.1   21.3   22.9   22.6   24.5
47232   20.2   19.5   21.8   22.0   22.2   22.7   22.5   22.7   22.7   23.6   23.8   23.3
47235   21.2   21.5   22.4   21.9   21.9   21.2   22.6   21.5   23.4   22.0   22.9   23.5
47245   22.2   22.0   22.0   22.2   21.9   22.5   23.2   21.5   23.5   22.2   23.0   23.6
47247   21.1   19.9   20.5   20.8   21.1   21.7   22.2   22.7   20.8   24.6   23.4   24.0
47268   22.2   21.5   21.5   21.2   21.9   22.5   23.4   24.0   22.8   22.8   23.1   23.6
47279   21.5   20.5   21.7   21.7   21.7   21.3   22.0   23.1   22.7   24.5   23.3   23.3
47284   18.5   18.7   19.5   20.0   19.9   19.8   20.8   21.5   20.6   23.8   23.7   22.9
  887   20.7   19.5   21.5   21.4   20.7   20.2   23.5   21.1   22.6   24.1   23.1   26.0
47110   20.1   20.3   22.6   23.1   21.7   22.0   20.8   21.1   23.7   23.6   23.5   23.4
47113   21.0   21.0   22.6   23.5   22.9   21.9   21.8   23.1   25.4   23.4   25.2   24.7
47151   22.3   21.4   21.8   21.2   21.5   20.8   22.1   21.3   22.8   26.8   25.5   24.3
47153   24.2   23.0   22.7   22.6   22.2   21.5   23.6   24.1   24.9   26.4   24.8   25.7
47182   23.0   22.3   23.0   22.8   23.4   21.9   23.4   23.1   26.0   22.9   24.1   23.7
