2014071000+000HOUR     2014071009LST
STNID     6H    30H    54H    78H   102H   126H   150H   174H   198H   222H   246H   270H
STNID 071015 071115 071215 071315 071415 071515 071615 071715 071815 071915 072015 072115LST
47008   27.9   26.4   26.0   24.5   25.4   27.4   27.6   28.3   25.9   26.0   25.2   25.5
47035   33.2   32.5   30.5   29.5   31.8   30.6   26.1   29.0   29.0   29.6   31.4   30.9
47041   31.5   34.1   32.7   31.0   29.8   31.8   30.9   29.9   28.0   28.3   26.7   27.5
47058   31.4   30.6   31.2   28.6   29.5   31.8   30.6   31.1   30.6   30.5   31.1   30.4
47070   31.0   29.1   29.3   26.6   29.0   31.3   31.2   30.8   31.9   31.4   30.9   29.8
47090   28.2   31.6   31.2   29.4   29.0   28.3   29.5   28.6   27.3   27.8   27.8   27.3
47095   30.6   27.8   29.4   27.3   28.1   29.9   30.8   31.4   31.1   29.7   29.2   30.5
47098   33.4   28.7   30.6   29.4   29.8   31.4   32.0   34.3   32.4   31.2   30.1   31.3
47099   33.4   29.4   31.0   28.9   30.2   31.7   32.5   33.3   33.2   32.1   31.3   32.0
47100   23.5   23.1   25.2   23.9   23.7   25.0   25.3   25.7   24.1   24.2   23.2   23.1
47101   32.4   27.9   30.2   27.5   29.1   29.6   31.0   31.7   30.7   29.4   30.2   31.0
47104   26.6   29.0   30.6   30.6   30.2   29.2   29.5   29.7   28.8   25.4   25.7   26.3
47105   27.7   30.4   31.2   31.2   31.0   29.8   30.3   30.5   29.7   26.3   26.1   26.7
47106   26.7   30.3   29.2   29.9   28.2   28.6   28.8   28.9   29.0   27.4   27.4   26.9
47108   32.9   28.1   29.6   29.9   28.9   30.6   31.8   32.6   32.5   30.9   30.3   30.4
47112   30.6   26.8   27.6   25.6   27.4   28.5   29.3   29.6   29.6   29.5   29.4   29.2
47114   32.8   27.9   30.0   28.3   28.7   29.9   29.8   31.9   32.2   31.8   31.4   31.5
47115   25.1   27.8   26.4   25.1   25.9   25.8   26.8   28.0   26.8   26.1   26.3   26.6
47119   31.5   27.6   29.7   29.3   29.6   30.5   30.2   31.2   32.1   30.7   30.5   30.7
47121   32.6   27.7   30.4   27.9   29.1   29.8   28.3   30.9   31.5   29.5   28.7   29.3
47127   32.3   28.3   30.3   26.3   28.0   29.9   28.3   31.0   31.8   28.9   29.1   29.2
47129   28.7   27.6   28.4   25.0   27.9   28.7   29.7   28.5   30.2   28.3   29.4   29.2
47130   26.5   28.4   28.5   26.0   26.4   28.2   27.8   28.7   27.4   26.2   26.1   24.6
47131   31.4   28.5   30.3   24.6   28.1   29.5   28.6   29.6   32.7   28.9   30.1   30.6
47133   31.3   27.0   29.2   23.7   27.2   28.9   27.6   29.3   31.3   28.7   29.5   29.8
47135   30.4   25.0   27.6   22.4   24.5   27.8   27.1   28.3   28.8   27.5   27.2   26.3
47136   33.3   27.6   30.1   26.9   28.4   30.2   28.8   31.9   31.0   29.3   29.2   30.7
47137   31.7   26.3   29.0   23.1   26.6   27.8   28.4   29.5   30.4   28.4   29.1   28.8
47138   30.3   29.9   30.9   23.2   25.6   29.0   31.3   31.7   30.9   27.4   28.5   28.1
47140  -66.5   24.9   27.9   23.7   26.7   25.9   27.7   29.5   29.6   29.5   29.2   29.5
47143   33.4   28.9   28.8   24.8   27.0   30.4   30.0   31.2   31.7   31.4   31.8   31.8
47146   31.0   27.4   28.5   25.1   28.4   28.4   28.7   30.9   32.6   29.6   31.3   30.8
47152   30.9   27.4   30.0   24.2   26.2   28.4   31.4   31.2   31.6   28.8   29.5   29.8
47155   32.4   25.6   28.2   23.6   24.9   27.0   27.3   29.1   29.6   27.3   28.0   28.4
47156   30.4   26.0   28.8   25.5   29.7   28.2   30.0   30.1   31.8   32.5   30.9   31.6
47159   29.8   26.9   26.9   24.0   24.1   26.8   27.4   29.1   28.3   29.6   30.1   27.9
47162   29.9   23.3   25.7   22.9   23.9   25.1   26.1   27.1   27.9   27.6   27.1   27.6
47165   28.6   24.7   28.2   25.0   26.5   26.8 -195.9   28.1   26.9   27.3   26.7   26.1
47168   30.2   25.8   26.0   23.3   24.5   25.3   26.1   27.3   26.8   27.2   27.5   27.4
47170   28.9   26.2   29.4   28.0   24.1   27.7   26.3   29.3   25.6   27.8   27.7   27.8
47172   29.5   26.2   28.3   24.7   26.6   27.4   27.4   30.1   28.2   29.8   30.3   30.3
47174   31.6   26.4   28.1   24.3   25.2   27.2   26.0   28.6   28.5   28.3   29.0   28.5
47176 -999.0 -999.0 -999.0 -999.0 -999.0 -999.0 -999.0 -999.0 -999.0 -999.0 -999.0 -999.0
47184   27.0   27.4   28.4   28.9   25.1   27.1   24.4   28.5   27.2   27.3   27.3   27.2
47185   24.3   26.0   27.5   25.4   24.1   24.5   26.1   28.5   26.4   28.4   29.3   29.4
47188   27.8   29.2   28.8   27.4   25.0   26.0   25.5   25.2   25.6   26.5   26.9   27.4
47189   30.7   27.5   29.1   27.1   25.5   26.9   25.8   27.8   25.6   25.9   26.6   28.1
47192   32.8   27.0   28.8   22.9   24.0   27.7   27.4   28.6   29.1   27.5   27.5   27.9
47203   33.4   26.6   30.0   26.1   28.7   30.9   30.1   33.4   32.5   29.6   29.9   30.0
47232   30.1   29.0   30.3   25.7   28.5   29.9   30.1   29.6   33.0   29.6   30.0   30.7
47235   28.5   27.2   27.2   25.1   24.1   27.9   26.3   28.0   29.0   27.7   27.7   28.1
47245   30.1   25.0   28.7   23.6   27.9   27.9   28.5   30.5   31.4   31.0   32.0   31.5
47247   29.9   26.2   29.2   24.4   26.8   27.1   28.8   30.0   32.7   30.9   31.2   30.9
47268   26.9   25.0   27.9   26.7   24.2   25.7   25.8   27.3   28.9   27.4   28.3   28.7
47279   31.9   26.6   29.0   23.7   27.9   29.4   29.7   30.8   32.1   30.4   30.1   30.9
47284   31.0   25.7   28.3   23.4   27.1   29.4   28.8   28.8   29.2   28.4   28.4   28.4
  887   30.1   27.2   29.0   23.6   26.8   28.1   29.3   30.9   32.9   28.2   28.7   29.7
47110   32.6   29.4   29.3   29.7   29.0   30.0   30.7   31.3   32.3   31.5   30.6   30.4
47113   30.2   28.6   28.2   26.9   27.2   27.5   28.0   28.9   29.2   29.6   29.4   28.8
47151   31.0   30.4   29.2   24.2   26.5   29.5   30.8   30.3   30.4   26.2   29.9   30.3
47153   31.3   27.7   27.6   24.2   24.5   26.4   27.5   29.1   29.0   27.8   28.7   28.4
47182   26.3   26.4   27.7   28.5   23.4   27.5   26.4   27.2   25.5   25.7   26.4   25.7
