2014071000+000HOUR     2014071009LST
STNID     6H    30H    54H    78H   102H   126H   150H   174H   198H   222H   246H   270H
STNID 071015 071115 071215 071315 071415 071515 071615 071715 071815 071915 072015 072115LST
47008   26.1   26.5   25.2   24.3   26.3   25.1   26.9   28.2   26.3   25.9   28.7   24.7
47035   31.9   32.4   31.3   30.3   32.5   30.4   30.6   32.3   31.3   32.7   33.0   32.6
47041   29.3   33.5   32.8   31.7   31.2   32.5   29.5   29.4   28.8   29.1   28.3   25.9
47058   29.9   33.0   30.9   30.0   32.3   33.3   34.3   36.4   33.4   33.8   34.0   31.5
47070   30.0   31.7   29.2   30.4   31.5   33.0   35.8   38.3   38.5   37.5   38.3   37.3
47090   26.2   30.3   31.7   29.7   28.9   27.8   28.2   29.8   28.4   27.6   27.4   26.5
47095   30.5   31.3   27.9   30.0   30.1   31.7   34.5   35.1   33.3   32.0   34.4   31.8
47098   31.9   32.4   28.9   31.0   32.2   33.3   34.4   37.7   37.0   38.3   39.3   37.3
47099   32.1   33.2   29.8   31.7   32.0   33.2   35.1   37.2   38.6   38.3   39.0   37.8
47100   22.9   26.9   25.9   25.8   26.1   26.9   26.1   24.8   25.3   25.1   27.1   24.2
47101   31.0   31.8   28.6   31.1   31.3   31.6   33.2   34.6   34.3   31.9   35.0   32.5
47104   27.5   31.0   30.9   30.3   29.4   28.8   28.4   28.6   27.1   28.1   28.3   28.2
47105   27.6   32.3   31.7   31.6   30.9   29.5   29.9   29.4   27.9   27.9   29.3   28.2
47106   28.6   29.7   32.3   31.3   28.6   28.9   28.2   28.5   27.8   28.6   29.8   28.3
47108   30.9   31.7   28.4   30.4   31.5   33.5   34.6   37.4   35.0   37.7   38.3   36.0
47112   27.9   27.9   26.6   28.3   29.5   30.7   32.3   33.9   32.7   33.3   33.0   32.0
47114   31.9   31.8   30.7   30.8   31.0   32.4   34.2   35.0   33.8   32.2   34.9   32.5
47115   28.1   26.6   28.2   26.6   28.5   27.9   28.3   28.1   27.9   28.9   29.2   22.7
47119   30.4   31.5   29.6   30.7   31.7   33.0   34.3   35.6   36.6   35.6   36.1   33.7
47121   32.7   31.5   31.4   30.6   32.2   32.2   33.2   34.1   33.4   33.1   36.0   32.4
47127   32.6   32.0   30.5   31.0   31.4   31.5   33.2   34.2   33.8   35.0   35.9   34.8
47129   27.1   30.0   26.6   27.6   29.6   29.5   31.1   33.1   34.4   34.3   33.3   33.3
47130   27.2   29.0   30.9   29.4   28.7   28.7   25.7   26.4   24.0   24.5   29.2   26.8
47131   31.7   32.9   30.2   30.0   31.3   30.8   33.1   34.2   34.0   35.3   35.1   35.3
47133   31.7   31.3   27.3   28.2   30.7   29.9   31.3   33.7   34.3   33.1   34.3   33.9
47135   31.3   30.3   27.8   28.4   28.7   29.6   30.4   30.7   31.7   31.8   32.6   30.8
47136   33.5   32.4   29.7   30.8   31.7   32.5   32.3   32.8   33.1   32.8   34.9   34.2
47137   32.8   31.8   29.7   30.1   29.7   30.3   31.1   32.3   33.8   32.7   34.9   32.8
47138   30.2   32.2   33.1   30.4   30.0   30.5   28.7   27.1   28.2   28.7   31.2   30.0
47140   28.6   28.9   28.1   27.3   28.8   28.4   30.5   31.6   33.2   31.5   31.6   31.3
47143   33.6   32.9   29.9   29.8   30.7   32.8   33.2   33.0   33.1   33.0   34.8   34.2
47146   31.4   31.3   27.5   29.3   31.6   30.1   33.1   35.9   34.9   36.1   35.7   33.5
47152   30.5   31.3   30.7   27.2   28.3   30.8   30.3   30.0   30.6   31.7   34.9   31.7
47155   32.2   30.4   30.6   25.8   26.6   29.7   29.6   31.1   31.4   33.1   33.7   30.5
47156   31.7   30.3   28.5   27.9   31.5   30.8   32.0   32.9   33.3   33.4   33.6   31.6
47159   29.9   29.9   28.5   25.7   25.5   29.4   29.2   30.2   30.1   30.9   30.4   30.3
47162   30.2   28.6   26.2   23.2   23.5   26.2   28.7   29.4   30.1   30.4   30.8   30.0
47165   29.4   28.1   26.8   26.3   27.3   27.3 -195.9   30.5   32.5   33.7   33.4   31.8
47168   30.7   29.8   26.1   23.0   24.1   26.9   28.9   29.5   30.8   32.0   32.3   31.4
47170   29.3   29.5   28.9   25.9   25.5   28.8   31.5   30.6   34.4   35.2   39.1   36.9
47172   29.3   29.0   29.7   26.2   28.5   29.0   30.7   33.8   34.2   31.9   30.3   30.4
47174   32.1   31.5   29.5   25.9   27.3   29.0   30.2   31.5   33.0   33.3   34.3   32.9
47176 -999.0 -999.0 -999.0 -999.0 -999.0 -999.0 -999.0 -999.0 -999.0 -999.0 -999.0 -999.0
47184   27.0   26.5   29.0   22.5   23.0   26.8   28.4   27.2   28.4   29.7   32.8   33.1
47185   23.4   24.4   26.7   24.4   24.4   24.7   25.8   27.5   29.3   28.3   29.9   29.2
47188   26.9   27.2   28.0   22.3   23.5   26.0   26.8   26.6   29.3   29.7   31.2   30.8
47189   29.4   26.5   28.0   23.6   24.8   26.8   27.3   29.0   29.0   29.6   31.4   31.8
47192   33.4   31.3   29.5   26.2   26.7   30.1   30.2   31.8   32.8   33.9   35.7   33.5
47203   31.9   32.9   30.9   30.7   31.1   32.3   34.3   35.3   34.3   35.2   35.8   35.8
47232   29.3   32.5   29.5   29.8   30.9   30.7   33.1   35.4   35.3   34.4   34.2   34.6
47235   28.5   29.8   25.7   26.6   32.6   29.6   31.9   32.4   33.2   32.8   32.1   31.1
47245   30.4   30.7   28.5   29.4   31.0   29.5   32.1   35.0   34.4   34.6   33.7   33.4
47247   31.4   30.5   28.9   26.9   29.2   29.6   30.6   31.2   33.0   32.0   31.7   31.5
47268   27.1   28.0   27.3   25.6   26.3   26.0   29.0   29.4   32.0   32.3   33.0   31.8
47279   33.0   31.6   30.1   29.4   30.6   31.6   31.8   32.0   32.1   32.3   34.5   32.9
47284   31.7   30.9   29.5   27.2   29.4   31.1   31.2   30.5   31.9   31.1   33.4   31.4
  887   30.1   31.9   26.3   29.3   30.6   29.4   31.3   32.7   33.7   32.7   33.8   33.8
47110   31.3   30.8   28.5   30.2   31.3   32.0   33.6   36.4   35.3   35.8   37.8   35.6
47113   27.9   28.4   27.7   28.7   28.9   29.5   31.9   32.8   32.8   33.1   33.2   32.1
47151   31.1   33.2   31.0   28.1   28.2   32.2   31.3   29.7   30.5   30.7   34.8   31.1
47153   31.5   31.3   28.8   25.1   25.3   28.8   29.1   30.4   31.3   31.8   33.2   30.2
47182   26.1   25.9   28.4   20.9   21.4   26.7   26.2   26.2   26.1   27.6   30.0   30.2
