2014071000+000HOUR     2014071009LST
STNID    21H    45H    69H    93H   117H   141H   165H   189H   213H   237H   261H   285H
STNID 071106 071206 071306 071406 071506 071606 071706 071806 071906 072006 072106 072206LST
47008   18.1   18.2   18.9   18.1   18.9   19.1   19.5   20.5   20.0   21.4   22.6   22.7
47035   18.8   19.6   21.5   21.4   21.7   21.9   21.5   20.8   21.1   22.8   23.8   22.3
47041   17.5   18.8   17.8   17.2   15.1   19.5    8.7   20.1   19.3   20.9   15.2   20.3
47058   20.0   19.9   21.3   21.0   22.3   22.5   22.4   23.1   22.9   23.8   24.0   24.7
47070   18.6   19.6   20.4   20.3   21.9   21.7   21.8   21.3   21.7   22.7   23.1   23.1
47090   20.7   22.5   22.9   22.1   23.0   23.4   24.0   24.0   25.5   25.2   25.8   26.0
47095   18.0   18.1   19.4   19.4   19.8   21.5   20.1   21.5   22.9   21.8   22.9   21.6
47098   18.6   20.1   20.1   20.1   21.6   21.7   22.2   22.0   23.7   23.1   23.8   22.6
47099   18.3   20.1   20.9   21.0   22.6   22.1   22.6   23.5   24.0   24.0   24.4   23.5
47100   15.5   18.0   18.2   17.5   18.3   17.6   16.8   20.6   20.1   20.5   21.3   19.6
47101   19.1   20.7   20.5   20.8   22.1   22.8   21.9   22.6   23.5   21.7   23.0   23.7
47104   21.0   22.2   20.4   22.4   22.2   22.9   23.7   23.2   24.9   24.4   25.1   25.0
47105   23.5   24.8   23.3   23.0   24.0   24.5   24.4   24.9   25.7   26.1   27.4   26.9
47106   21.0   22.4   21.7   21.8   22.5   23.6   23.6   24.0   23.1   24.3   25.1   25.5
47108   22.4   22.7   21.7   21.8   23.5   23.1   23.2   22.5   23.9   25.0   24.7   24.6
47112   21.3   22.8   22.3   21.2   22.7   23.4   22.4   22.8   23.3   24.3   24.1   24.1
47114   20.6   21.5   21.6   20.8   21.5   21.5   22.0   23.0   23.5   22.8   22.2   22.1
47115   20.4   23.2   22.5   22.4   24.0   23.1   24.5   24.1   25.0   23.7   24.4   24.5
47119   20.9   22.6   21.8   21.5   22.7   22.4   23.4   22.2   25.3   23.5   22.5   22.4
47121   19.2   20.5   20.3   19.7   19.8   20.7   19.9   22.0   21.8   22.9   22.8   23.3
47127  -39.1   22.4   21.5   21.5   21.7   21.2   23.2   23.6   22.9   23.8   22.4   22.1
47129   20.7   22.0   21.5   20.8   21.6   22.1   23.5   23.8   24.5   24.2   24.3   23.7
47130   20.1   22.5   21.0   21.9   22.5   21.2   22.2   23.3   24.0   23.9   25.2   25.3
47131   21.6   23.6   22.6   21.4   23.4   23.6   25.0   22.5   24.7   25.0   25.2   24.8
47133   21.7   23.5   21.5   22.8   20.7   20.2   25.2   22.8   24.5   24.7   25.5   24.6
47135   19.2   20.4   20.2   21.2   20.9   21.0   22.6   22.1   22.5   22.2   22.2   22.3
47136   20.5   22.2   21.9   22.1   22.2   22.2   23.0   23.1   22.9   24.7   25.9   25.4
47137   20.3   21.5   21.0   21.6   22.0   21.1   22.3   23.0   22.1   22.5   20.6   20.7
47138   23.8   24.3   22.4   24.7   24.1   24.8   26.5   25.7   26.2   26.2   27.2   26.5
47140   21.0   21.5   21.8   19.3   21.6   22.7   23.9   23.9   23.2   24.0   24.2   23.9
47143   23.4   24.0   22.2   24.1   23.5   24.5   25.6   25.9   25.7   25.6   26.6   26.0
47146   20.9   22.7   22.8   22.5   22.0   23.0   23.6   24.2   23.7   24.3   24.9   25.2
47152   22.2   23.3   21.0   22.4   22.8   22.3   24.8   24.8   25.0   24.2   25.4   25.3
47155   23.5   23.2   22.8   22.9   22.9   22.8   23.5   24.6   24.2   23.1   23.9   24.1
47156   22.6   22.5   22.3   22.8   22.1   23.2   24.2   25.0   25.2   24.8   25.6   24.3
47159   22.0   22.3   21.8   23.2   22.5   23.0   23.3   24.2   24.8   24.1   24.6   24.2
47162   20.0   20.5   21.8   21.9   21.3   21.8   22.1   21.5   23.6   23.2   23.5   23.0
47165   21.5   20.9   21.6   21.1   21.3   22.2   23.6   25.4   25.3   24.1   24.9   24.1
47168   23.0   21.1   23.0   22.4   22.2   22.6   23.8   23.3   23.8   23.8   24.0   23.9
47170   22.4   21.2   22.2   21.4   21.2   22.6   23.6   24.5   23.7   24.3   24.8   24.8
47172   20.9   21.0   23.3   23.2   19.4   21.6   23.0   23.8   23.0   24.7   24.0   22.0
47174   19.3   20.2   21.1   21.7   20.3   20.9   21.3   22.1   25.1   25.6   21.2   14.9
47176 -999.0 -999.0 -999.0 -999.0 -999.0 -999.0 -999.0 -999.0 -999.0 -999.0 -999.0 -999.0
47184   21.9   22.2   22.1   21.8   22.0   23.8   25.6   24.9   25.7   25.9   26.2   25.9
47185   20.2   21.3   21.3   21.7   21.8   23.0   23.5   23.9   23.8   24.7   25.0   25.1
47188   20.6   20.3   22.1   21.4   21.7   22.2   23.4   23.3   24.9   25.3   25.6   25.2
47189   23.7   22.7   22.2   22.9   22.4   23.7   25.3   26.4   25.5   26.0   26.2   26.3
47192   20.3   21.6   22.7   21.5   22.1   21.5   23.3   24.0   23.4   23.5   23.9   23.6
47203   19.2   21.7   20.6   20.1   21.5   20.7   23.1   23.3   23.6   22.4   23.5   22.9
47232   19.4   22.7   22.0   21.5   22.7   21.6   23.8   24.2   24.0   24.4   24.1   23.7
47235   22.2   22.5   22.1   21.5   21.9   21.0   24.1   24.9   24.8   24.3   24.9   24.8
47245   21.7   22.6   22.2   22.9   22.7   22.7   23.5   24.9   24.4   25.2   24.7   24.2
47247   19.9   20.1   22.3   21.7   21.0   21.7   22.6   22.6   24.0   23.9   24.3   23.8
47268   20.8   19.9   22.6   21.9   22.1   22.4   23.4   25.8   25.5   24.8   25.0   24.5
47279   20.5   21.6   21.4   22.0   21.8   22.3   23.0   23.5   23.2   23.3   24.0   23.6
47284   16.9   19.4   20.7   20.7   19.9   20.3   21.8   22.3   21.7   22.3   23.3   22.9
  887   19.5   21.2   20.8   20.5   20.8   21.0   21.9   19.9   22.8   24.3   24.7   24.2
47110   19.8   22.6   21.8   21.6   22.8   22.4   23.3   22.2   23.7   23.1   23.1   23.0
47113   21.3   22.5   22.0   22.9   22.7   23.0   22.3   21.7   23.8   22.6   22.2   22.0
47151   20.7   22.6   20.7   22.3   22.1   20.3   21.5   21.9   22.8   23.5   23.6   21.9
47153   22.6   22.4   22.4   22.9   22.3   22.2   23.5   24.3   24.9   23.6   24.8   23.9
47182   21.6   20.8   22.1   22.0   21.0   22.5   23.2   24.6   23.1   24.5   24.2   23.7
