2014071000+000HOUR     2014071009LST
STNID    21H    45H    69H    93H   117H   141H   165H   189H   213H   237H   261H   285H
STNID 071106 071206 071306 071406 071506 071606 071706 071806 071906 072006 072106 072206LST
47008   19.4   17.5   18.6   17.8   18.3   19.1   19.6   19.6   20.1   20.1   21.7   20.1
47035   19.3   18.9   18.5   20.2   21.3   21.0   21.3   20.0   21.2   22.0   23.1   21.2
47041   18.2   17.0   16.3   18.2   19.1   18.3   20.2   19.2   20.6   20.6   20.8   20.2
47058   20.5   19.7   19.9   21.8   22.5   22.1   22.9   21.4   22.4   23.9   24.9   22.7
47070   19.5   19.9   19.9   20.7   20.8   21.4   21.5   21.2   21.1   21.9   21.1   21.3
47090   20.4   22.9   22.2   22.4   22.4   23.9   21.8   21.5   21.7   22.7   24.3   22.9
47095   18.4   18.4   19.1   19.1   20.6   20.0   20.4   22.6   22.1   22.1   21.3   22.5
47098   19.6   19.7   19.0   20.3   19.7   21.3   21.7   22.1   22.4   23.4   22.6   22.7
47099   19.2   19.7   19.6   20.9   21.1   21.0   22.6   23.1   23.1   24.1   23.4   23.0
47100   16.8   17.5   16.5   17.6   16.6   17.7   18.2   18.7   18.4   20.6   20.9   19.7
47101   19.4   20.1   19.8   20.1   22.1   21.8   22.0   22.7   22.9   20.3   19.8   23.6
47104   23.0   22.0   18.7   22.4   21.1   23.6   22.7   20.9   21.4   23.5   24.6   22.8
47105   26.7   24.3   23.8   23.6   22.8   24.8   23.6   21.7   22.4   23.3   24.8   23.7
47106   21.5   21.2   21.5   22.4   22.9   23.7   21.6   21.3   21.7   22.9   23.5   22.3
47108   23.3   22.0   21.3   22.1   22.0   24.1   20.5   23.2   24.8   25.7   25.7   23.6
47112   21.4   21.6   19.9   21.2   22.1   23.6   21.8   22.9   24.0   24.5   24.4   23.1
47114   21.0   19.9   19.6   20.1   20.7   22.6   21.7   23.1   23.2   22.3   21.6   23.5
47115   23.5   22.4   22.5   23.0   22.4   21.9   23.0   21.5   22.6   23.8   23.2   23.0
47119   20.7   20.7   21.2   21.3   21.5   23.3   21.9   23.2   24.5   24.9   23.7   24.2
47121   19.3   18.9   18.7   18.7   20.5   19.6   21.0   22.4   22.6   22.2   21.4   22.1
47127  -39.1   19.9   20.3   20.9   21.7   21.6   22.6   23.5   23.6   23.8   23.5   24.0
47129   20.0   20.4   18.8   20.4   20.8   21.8   21.0   23.8   23.4   24.7   24.3   23.2
47130   23.6   20.9   20.6   20.7   21.9   21.8   22.4   21.2   21.3   22.5   23.5   21.9
47131   21.8   21.5   21.1   20.7   23.2   23.9   23.7   25.1   24.6   25.2   24.4   24.2
47133   22.1   20.9   19.9   21.0   20.4   22.2   20.0   21.1   22.8   24.6   24.3   24.7
47135   19.3   18.0   18.1   19.8   19.9   20.8   21.7   21.9   22.4   22.1   21.9   21.9
47136   21.6   20.0   19.7   21.1   21.8   23.0   22.5   23.5   23.7   23.0   23.3   23.1
47137   20.8   20.2   19.9   20.7   21.4   23.2   22.0   21.3   22.0   22.6   22.1   22.6
47138   25.4   23.8   22.4   24.7   24.0   24.6   25.4   23.8   23.9   25.2   25.0   25.3
47140   20.8   20.9   20.3   15.5   22.1   23.2   22.9   23.8   23.0   24.3   23.8   23.8
47143   23.7   23.0   21.7   23.2   23.9   24.9   25.6   24.6   25.7   24.9   25.0   24.5
47146   21.9   21.7   19.7   21.0   21.0   23.9   21.4   24.1   24.4   24.4   24.1   23.6
47152   24.0   22.6   20.8   21.7   22.2   22.6   23.8   23.2   23.6   24.0   23.6   23.9
47155   23.2   22.7   20.9   22.0   22.5   22.9   23.3   24.7   24.7   24.8   23.8   24.4
47156   22.1   22.5   20.2   22.0   22.8   24.3   23.6   24.4   25.1   26.0   24.8   26.1
47159   23.2   21.6   21.3   22.1   21.5   23.2   22.9   23.9   24.8   24.8   24.6   24.8
47162   21.1   20.6   19.8   20.3   20.6   21.9   22.2   23.6   23.1   24.3   23.8   23.3
47165   20.5   21.1   20.4   20.9   21.0   23.1   22.8   25.0   25.0   24.5   25.4   23.5
47168   22.7   21.5   22.4   21.6   22.1   23.3   23.1   23.9   23.9   25.0   24.5   24.2
47170   22.8   21.7   20.5   21.0   21.3   22.5   24.0   24.3   23.8   24.8   24.4   23.8
47172   20.0   21.2   19.0   20.4   18.3   21.1   23.6   24.0   23.1   24.7   23.0   24.9
47174   18.6   19.9   18.3   20.5   19.4   20.5   21.8   22.3   18.2   19.7   14.6   21.0
47176 -999.0 -999.0 -999.0 -999.0 -999.0 -999.0 -999.0 -999.0 -999.0 -999.0 -999.0 -999.0
47184   22.8   22.2   21.0   21.1   21.8   22.8   25.2   25.6   25.0   26.5   25.3   25.3
47185   20.3   20.4   20.5   20.5   21.8   23.0   24.0   24.1   24.5   25.0   25.1   24.9
47188   20.7   20.0   20.7   20.5   20.6   21.1   23.6   23.9   25.0   25.5   24.7   25.1
47189   23.3   22.3   20.8   22.1   22.1   23.0   24.9   25.9   26.2   26.2   26.0   25.7
47192   20.1   21.3   19.5   20.0   21.4   21.8   22.7   23.5   22.9   23.6   23.4   22.3
47203   19.6   19.7   20.1   19.8   21.3   21.7   20.7   22.1   21.9   22.7   22.5   23.2
47232   19.7   19.9   20.0   21.1   21.3   22.0   22.5   24.2   24.0   24.1   23.7   23.7
47235   21.2   21.3   19.8   21.0   20.9   23.2   22.5   23.3   25.4   24.5   24.9   23.4
47245   21.2   21.6   19.6   21.5   20.6   23.0   23.5   24.5   23.9   25.1   24.3   24.6
47247   19.8   20.2   18.5   19.7   20.1   22.3   22.1   23.5   23.6   24.5   23.0   24.2
47268   20.3   20.3   20.4   21.4   21.5   23.6   24.3   25.1   24.9   25.1   25.5   24.0
47279   20.8   20.2   19.2   20.6   21.4   22.5   22.5   22.9   22.7   23.5   23.9   23.2
47284   17.3   18.1   17.3   18.9   19.7   20.0   20.8   21.7   21.7   21.9   21.7   22.1
  887   20.1   19.3   18.5   19.0   19.8   20.1   22.4   22.8   23.1   23.9   22.2   22.6
47110   20.2   20.8   21.0   21.4   21.0   21.9   21.2   23.3   24.7   24.1   22.6   22.8
47113   20.7   21.0   20.9   21.9   21.9   22.3   20.7   22.7   23.8   23.6   22.0   22.5
47151   21.1   21.0   20.2   20.7   20.5   19.8   21.1   22.3   22.8   23.3   21.5   23.1
47153   23.2   22.7   20.6   21.6   21.7   22.3   21.8   24.2   24.2   24.5   23.5   23.2
47182   22.7   20.8   20.9   20.5   20.7   20.7   24.7   24.1   23.4   24.8   23.6   23.6
