2014071000+000HOUR     2014071009LST
STNID     6H    30H    54H    78H   102H   126H   150H   174H   198H   222H   246H   270H
STNID 071015 071115 071215 071315 071415 071515 071615 071715 071815 071915 072015 072115LST
47008   28.2   27.8   27.2   26.3   25.7   27.3   27.4   25.3   27.5   26.6   23.2   23.5
47035   32.6   30.7   30.4   31.2   33.8   29.0   26.5   27.0   25.5   27.3   27.5   30.3
47041   33.2   33.9   33.5   30.4   29.9   31.5   30.7   30.0   30.3   30.6   27.2   29.7
47058   32.5   31.8   31.6   29.5   32.0   32.6   30.8   30.9   29.9   29.1   32.2   31.9
47070   31.5   32.2   29.5   29.3   31.6   31.4   31.2   29.2   33.0   31.3   35.8   33.8
47090   30.7   32.3   30.7   29.1   23.4   26.8   29.1   30.9   33.1   30.3   27.1   26.7
47095   31.6   32.4   29.4   29.4   28.0   29.2   30.0   30.2   32.9   32.8   32.0   32.8
47098   34.7   33.2   30.8   30.6   30.4   31.2   31.1   31.8   35.0   33.9   36.4   36.8
47099   34.5   33.8   31.5   31.0   31.3   31.3   32.0   31.6   34.1   33.1   37.1   35.7
47100   25.7   26.7   25.7   25.2   18.3   24.7   24.9   28.6   27.5   28.8   23.4   24.9
47101   33.4   32.6   30.1   30.3   26.9   29.7   30.1   30.6   33.5   34.5   31.9   33.4
47104   29.4   32.1   30.9   30.2   22.3   27.3   28.3   31.8   33.0   31.3   27.3   27.4
47105   30.5   33.4   31.6   31.2   22.7   27.8   29.9   32.5   34.3   33.8   27.8   27.4
47106   30.6   31.6   31.2   31.1   22.2   27.5   29.2   31.7   32.1   31.9   27.1   27.6
47108   34.2   32.3   29.9   29.7   28.3   30.4   31.3   29.4   32.4   32.8   35.6   35.7
47112   31.1   29.0   26.9   27.8   28.6   29.3   29.7   27.6   30.0   30.0   32.5   31.8
47114   33.8   32.1   31.2   30.0   24.8   30.7   31.0   30.8   33.2   35.7   32.2   33.6
47115   27.3   27.7   27.8   27.2   22.5   23.1   26.2   26.4   30.1   29.7   24.3   23.6
47119   32.4   31.8   30.5   30.5   28.9   30.8   31.9   30.5   31.0   29.9   35.2   35.2
47121   33.6   31.7   31.6   30.5   25.5   29.4   28.8   30.1   34.9   34.3   30.7   34.2
47127   33.5   32.0   31.1   30.2   25.8   30.0   29.7   30.3   34.0   32.2   32.8   34.3
47129   30.5   30.0   30.0   27.0   26.9   28.0   29.3   27.8   30.9   30.1   32.1   33.3
47130   28.0   30.6   29.7   28.7   23.4   25.4   28.2   28.6   28.7   31.2   25.8   24.0
47131   33.1   32.4   31.4   30.2   24.7   29.2   29.7   30.4   31.4   29.8   34.0   34.3
47133   32.5   29.6   30.2   29.4   25.0   28.2   28.5   30.1   30.3   29.9   32.9   32.2
47135   31.7   27.8   29.1   28.1   26.6   27.1   27.1   29.2   29.2   30.1   30.7   29.9
47136   33.5   32.3   31.0   30.3   26.4   29.2   28.9   30.9   33.2   33.8   30.3   31.7
47137   33.2   30.1   30.7   30.0   25.2   26.6   29.1   30.0   31.2   31.8   31.5   31.3
47138   32.4   32.7   31.7   30.6   31.7   26.2   30.3   32.4   33.3   32.8   28.0   29.6
47140   30.9   28.9   28.1   27.7   24.9   26.8   27.4   29.0   29.3   30.3   31.2   29.7
47143   34.5   31.7   30.2   30.5   31.4   29.3   30.0   30.1   33.2   35.1   32.0   31.8
47146   32.3   29.5   28.2   29.6   27.3   28.9   27.8   30.0   30.9   32.4   33.5   34.9
47152   33.4   32.1   29.1   31.1   31.1   26.7   30.0   30.4   32.1   34.1   30.2   29.9
47155   33.3   30.2   28.3   27.1   28.9   27.0   27.5   29.3   30.9   33.8   30.3   31.0
47156   31.6   28.8   28.7   29.8   25.9   28.7   28.9   28.5   30.1   31.9   32.6   33.6
47159   31.4   29.1   26.7   27.7   27.7   27.1   26.9   29.0   28.5   31.8   28.5   28.9
47162   30.8   26.8   24.7   26.1   26.8   26.4   26.4   27.6   27.6   31.4   29.4   29.4
47165   28.6   27.1   27.3   27.0   24.8   28.2 -195.9   27.5   29.4   29.9   30.6   33.5
47168   31.1   28.5   24.1   25.5   26.6   26.1   25.5   27.8   27.8   30.6   29.9   30.5
47170   28.6   28.5   28.4   29.0   27.7   28.7   25.4   26.8   28.6   31.7   31.4   37.3
47172   29.1   31.3   28.6   29.4   26.2   27.9   26.7   28.4   29.2   29.7   32.6   32.3
47174   32.4   31.1   27.9   28.3   28.0   28.2   26.5   26.6   29.9   33.4   30.0   32.6
47176 -999.0 -999.0 -999.0 -999.0 -999.0 -999.0 -999.0 -999.0 -999.0 -999.0 -999.0 -999.0
47184   26.5   28.0   28.7   26.8   29.5   28.3   27.9   28.5   30.1   29.0   29.8   29.3
47185   23.4   24.6   25.9   26.6   25.1   24.4   26.8   27.8   27.5   27.0   30.4   29.4
47188   27.4   28.5   28.5   27.1   27.2   25.8   28.2   28.7   28.5   29.8   30.0   29.5
47189   30.4   26.6   28.6   26.4   27.5   27.2   27.2   28.0   29.0   28.8   30.1   30.3
47192   33.9   30.6   28.1   27.8   29.1   28.2   28.8   29.0   30.1   33.3   31.3   34.2
47203   34.7   33.2   31.5   30.3   26.1   30.9   32.6   29.9   34.7   32.4   33.4   34.6
47232   31.3   32.2   31.0   30.3   26.9   29.4   30.6   31.1   31.5   30.3   33.6   33.4
47235   29.9   28.3   28.1   26.6   25.9   28.4   26.7   27.5   28.8   29.3   31.8   31.4
47245   31.2   28.9   27.8   29.7   26.5   28.4   27.2   30.2   31.3   32.8   32.6   34.2
47247   31.5   29.6   28.7   28.2   28.2   27.7   27.6   29.1   31.5   33.2   32.0   32.9
47268   26.4   27.4   26.8   26.6   24.3   27.6   25.6   28.5   28.1   29.8   30.1   31.4
47279   33.1   30.0   30.4   30.1   28.6   28.5   29.9   31.5   33.3   33.7   31.7   31.7
47284   32.6   30.1   28.5   29.5   29.6   29.1   27.8   29.2   30.6   33.6   30.7   31.0
  887   32.0   30.1   30.9   28.6   24.3   27.5   30.1   30.2   29.2   27.3   33.3   30.7
47110   33.7   31.7   29.4   29.5   29.2   30.0   31.5   29.1   32.3   31.2   34.9   34.9
47113   30.4   29.5   27.0   28.4   28.2   28.1   28.2   27.2   29.8   30.1   32.6   32.7
47151   33.1   32.7   28.9   30.6   31.1   29.0   30.0   29.9   32.9   34.4   30.0   28.1
47153   32.6   30.3   27.4   28.8   28.6   27.1   27.3   28.0   29.7   33.1   29.4   28.3
47182   26.2   27.1   28.0   25.5   28.8   27.1   26.1   27.5   28.2   26.8   27.3   25.7
