2014071000+000HOUR     2014071009LST
STNID    15H    27H    39H    51H    63H    75H    87H    99H   111H   123H   135H   147H   159H   171H   183H   195H   207H   219H   231H   243H   255H   267H   279H
STNID 071100 071112 071200 071212 071300 071312 071400 071412 071500 071512 071600 071612 071700 071712 071800 071812 071900 071912 072000 072012 072100 072112 072200LST
47090    6.0    1.0    0.0    3.5    3.0    6.0    5.0    6.0   10.0   10.0    4.0    7.5    4.0    9.0    3.0    2.0    6.5    3.0    3.0   10.0    4.5   10.0    1.5
47095    4.0    0.0    2.0    8.0    7.0    8.0    5.5    8.5    3.5    4.5    4.0    7.5    0.0   10.0    5.5    3.0    0.0    0.0    0.0    0.0    0.0   10.0    0.5
47100    8.0    3.0    1.5    4.0    6.5    7.0    7.0   10.0    7.5   10.0    8.5    7.0    4.5    7.5    7.0    8.0    5.0    3.0    1.5    8.0    5.5    9.5   10.0
47101    4.0    1.0    3.5    6.0    7.0    6.5    8.5    8.0   10.0    6.5    9.5    4.0    3.5   10.0    9.5   10.0    3.5    0.0    2.0    1.5    0.0    5.0    3.0
47102    5.5    4.5    3.5   10.0    6.0    6.0    8.5    1.5    6.0    1.0    2.5    0.0    2.0    2.5   10.0   10.0    0.0    0.0    0.5    0.0    0.5    2.5    0.0
47105    5.5    2.0    0.0    3.0    3.0    4.5    5.0    7.0   10.0    4.5   10.0    0.5    6.5    3.5    0.0    1.5    0.5    0.5   10.0   10.0    9.5    3.5    0.0
47108    3.0    3.5    1.5    6.5    7.0    8.0    7.0    9.5    4.0    5.5    4.0    7.5    3.5   10.0    6.5    4.5    1.0    2.0    0.5    5.0    1.5    7.0    7.5
47112    1.0    3.0    2.5    3.5    7.5    6.5    8.5    6.5    7.0    5.5    5.5    7.0    9.5    9.0    7.5    8.5    1.0    0.0    0.0    0.5    0.0    0.5    5.0
47114    5.5    3.5    3.0    4.5    7.5    8.5    8.0   10.0    5.5    8.0    6.0    5.5    8.5   10.0    8.0   10.0    0.0    3.0    0.0    1.5    1.5    5.0    1.5
47115    7.5    5.5    0.0    1.5    8.0    4.5    7.5   10.0    4.5    8.0    8.0    6.5    4.0    6.0    9.5    1.5    1.5    7.5    3.5    2.5    3.5    2.5   10.0
47119    4.5    3.5    6.0    4.5    8.0    8.5    6.5    5.5    1.5    5.5    0.5    6.5    7.5    7.5    7.5   10.0    1.5    3.5    0.0    2.0    2.0    3.0    6.5
47129    5.0    3.5    2.0    4.0    6.5    8.5    7.0    8.0    2.0    8.0    6.0    7.5    5.0   10.0    7.0    9.0    0.0    7.0    0.0    0.0    0.0    3.0    0.0
47130    7.0    5.0    1.0    3.0    8.5    6.5    9.0   10.0   10.0   10.0    7.0   10.0    5.0    4.5    7.0    3.0    4.5    2.0    3.0    9.0   10.0    7.5   10.0
47131    4.5    5.0    1.5    3.5    7.5   10.0    7.0    8.0    5.0    6.5    6.5    5.5    9.5    9.5    9.5    3.5    1.0    1.0    2.0    0.0    2.0    1.0    2.5
47133    6.5    5.5    1.5    5.0    8.0    9.5    8.5    8.5    7.5    7.5    8.5    6.0    9.0    9.0    8.0    9.0    2.5    4.5    0.0    2.0    0.0    4.5    3.5
47136    6.5    5.0    3.0    1.0    6.5    4.5    7.0   10.0    9.5    6.5    7.0    8.0    7.5    6.5    7.5    2.5    7.0    3.0    2.0    9.0    3.5   10.0    3.0
47138    9.0    6.5    0.0    3.0    8.5    9.5    8.5   10.0    8.0    4.5    6.0   10.0    9.0    8.5   10.0    3.5    4.5    1.5    2.5    1.5    5.5    7.5    4.0
47140    9.5    6.5    3.5    6.5   10.0   10.0    9.5   10.0    8.5    6.5    7.5    9.5    9.0   10.0    8.5    3.0    1.5    2.5    0.0    3.0    2.0    6.5    7.0
47143    7.0    6.0    3.0    5.0    6.5    8.0   10.0   10.0    8.5    7.5    5.0    9.0    2.5    2.5   10.0    9.0    2.5    1.5    3.0   10.0   10.0   10.0   10.0
47146    6.5    8.0    0.0    4.5    6.5   10.0    8.0   10.0    6.5    4.0    0.0    4.5    5.5    9.0    5.5    3.0    0.0    0.0    0.0    7.5    4.5    8.0    3.0
47152    8.5    6.0    4.0    7.0    8.0    9.0    9.0   10.0   10.0    9.5    3.5   10.0    9.0    7.5    4.0    8.5    4.0    1.0    1.0    4.0    4.0   10.0    9.0
47155    3.5    8.5    1.0    3.0    7.5   10.0   10.0   10.0   10.0   10.0    3.0   10.0    6.0    7.0    6.5    4.0    6.0    0.0   10.0    0.5   10.0    5.0   10.0
47156    6.0    9.0    3.5    6.0    7.5   10.0   10.0   10.0    8.0    8.5    5.5   10.0    9.5   10.0   10.0   10.0    4.0   10.0    3.0    8.5    6.5    9.0    3.5
47159    8.0    7.0    3.0    3.5   10.0   10.0   10.0   10.0   10.0   10.0    9.5    9.0   10.0    7.5    8.0    4.5    9.5    0.5    7.0    1.0   10.0    7.5   10.0
47162    6.0    9.5    6.0    7.0    9.5    9.5    8.5   10.0    9.5    7.5    6.5   10.0    9.5    2.0    6.0    0.5    3.0    0.0    3.5    0.5    8.5    4.5    6.5
47165    6.5   10.0    3.5    3.0    9.0   10.0   10.0   10.0    9.5    6.5    4.0   10.0    3.0   10.0    9.5    8.5    1.5    2.0    2.0    9.0    3.0   10.0    5.0
47168    4.5    8.5    4.0    5.5    8.5    8.5   10.0    9.5   10.0    8.5    6.5   10.0   10.0   10.0    3.0    4.0    4.0    1.0    1.0    0.5    7.0    4.5    5.0
47169    7.0    9.5    5.0    3.0   10.0   10.0   10.0   10.0   10.0    4.0    9.5   10.0   10.0   10.0   10.0   10.0    0.5    4.0    0.0    2.0    1.5    1.5    2.0
47170    6.5    8.0    2.0    6.0   10.0    9.5   10.0   10.0   10.0    5.5    8.5   10.0    4.5    9.0    4.5    5.5    2.0    2.0    5.0    8.5    6.5    9.5    7.0
47172    6.0    9.0    3.0    6.5    8.0   10.0    9.0   10.0    7.0    8.0    3.0    8.0    8.0   10.0   10.0    7.5    0.0    3.5    2.5    8.0    6.5   10.0    6.0
47174    6.0    8.5    3.0    6.5    6.0   10.0   10.0   10.0   10.0    8.5    5.0   10.0    9.5    9.0    9.5    8.0    4.5    2.0    3.0    4.5    7.5    7.5    5.0
47175    8.0   10.0    5.5    7.0   10.0   10.0   10.0   10.0   10.0   10.0   10.0   10.0    8.0   10.0    5.0   10.0    5.0    2.0    4.0    9.0    6.0    9.0    5.0
47184    7.0    8.5    4.0    8.0   10.0    9.5   10.0   10.0   10.0   10.0   10.0    9.5    8.5    4.5   10.0    1.5    2.0    0.0    2.0    5.0    6.5   10.0    7.5
47185    5.5    8.0    7.0    9.5   10.0   10.0   10.0   10.0   10.0   10.0   10.0   10.0   10.0    1.0    2.5    1.0    4.0    0.0    1.5    4.0    4.5    3.0    6.0
47188    7.5    6.0    6.5    8.0   10.0    8.5   10.0    8.0   10.0   10.0   10.0    9.0   10.0    5.5    5.5    5.5    1.5    0.5    5.5    8.5    7.5    8.0   10.0
47189    4.5    8.0    5.5    8.0   10.0   10.0   10.0   10.0   10.0   10.0   10.0   10.0    8.0    3.5    1.5    4.5    2.5    3.0    6.0    0.5    6.0    4.5    8.0
47192    6.5    9.0    5.0    5.0    9.5    8.0   10.0   10.0    5.5    9.5    3.5    9.5    7.0    5.0    6.5    6.5    2.5    1.0    7.5    2.5   10.0   10.0   10.0
47232    4.0    5.0    0.0    2.5    7.0    9.5    6.0    7.5    6.0    6.0    3.5    9.5    5.5    6.5    7.5   10.0    0.0    5.0    0.0    0.0    0.0    1.0    0.0
47235    5.5    5.5    0.5    3.0    7.0    6.0    9.5    8.5    3.5    7.0    4.5    5.5    9.5    7.0    9.0    7.0    1.5   10.0    8.5    2.5    0.0    3.0   10.0
47284    3.0    6.0    0.0    3.0    3.0    9.0    9.5   10.0   10.0    5.0    3.0   10.0    7.5    7.0    7.0    8.5    2.0    2.5    1.5    6.5   10.0   10.0    7.5
47110    4.0    4.0    1.0    5.0    7.5    9.0    7.0    9.5    2.0    4.5    1.0    5.5    5.5    8.5    3.5    5.0    5.5    3.5    0.0    7.0    1.0    9.5    5.0
47113    5.0    3.5    4.0    4.5    7.5    7.5   10.0    7.5    4.5    6.5    6.0    9.0    7.0   10.0   10.0    5.5    0.5    2.0    1.0    0.0    1.5    3.5    5.0
47128    7.0    4.5    3.0    3.5    7.5    9.0    8.0    9.0    7.5    6.5    7.0    6.5    5.5    7.0    8.0    6.5    2.5    4.5    1.5    2.5    4.0    3.0    9.0
47151    8.0    7.5    0.0    3.0    6.0    8.0    9.5   10.0   10.0   10.0    7.0   10.0    4.5    8.5    3.5    4.5    2.5    2.5    5.0    0.0   10.0    9.0    7.5
47163    5.0    9.0    1.5    7.0    7.5   10.0   10.0   10.0    7.5    7.5    6.5   10.0    7.0    8.5   10.0   10.0    1.0    8.0    1.5   10.0    7.0   10.0    8.0
47167    2.0    5.0    2.0    3.0    9.5    8.0   10.0   10.0   10.0    7.0    9.5   10.0    9.5    9.5    9.5    5.5    1.5    1.5    3.0    1.0   10.0    8.0    5.5
47139    8.5    7.5    3.0    4.5    8.5    8.0    7.5   10.0    7.5    7.5    6.0   10.0    6.5    9.0   10.0    3.5    4.0    2.5    3.5    3.0    4.5   10.0    8.5
47142    4.5    6.5    2.0    5.0    7.5    9.0   10.0   10.0   10.0   10.0    9.0    6.0   10.0    8.5    5.5    9.5    2.0    3.0    3.0    3.0   10.0   10.0    8.0
47153    6.5    7.0    3.5    5.0    8.0    8.0   10.0   10.0    8.0    8.5    8.0    9.0   10.0    5.0    5.0    3.0    3.0    2.5    5.0    1.5    8.5    2.5    5.0
47158    7.5    9.0    2.5    5.5    8.0    8.5    9.0   10.0    9.0   10.0    7.0    9.0    7.5    8.5   10.0   10.0    3.5    3.0    1.5    4.5    3.0   10.0    7.0
47161    5.5   10.0    3.0    8.5    8.5    8.0    9.5   10.0    8.0    8.5    7.5    8.5   10.0    5.5    9.0    3.5    4.0    2.0    9.5    4.0    6.5    8.0    8.5
47182    4.5    7.0    3.0    6.5   10.0   10.0   10.0   10.0   10.0   10.0   10.0    8.5    9.5    4.5    1.5    5.0    0.5    1.5    3.0    7.0    9.0    9.0    8.0
