2014071000+000HOUR     2014071009LST
STNID     6H    30H    54H    78H   102H   126H   150H   174H   198H   222H   246H   270H
STNID 071015 071115 071215 071315 071415 071515 071615 071715 071815 071915 072015 072115LST
47008   28.1   26.6   28.0   26.5   22.0   23.3   25.7   25.4   25.3   26.8   26.5   26.4
47035   33.7   32.8   31.2   27.3   25.5   29.2   29.1   27.0   28.1   27.6   28.6   29.3
47041   31.1   33.3   33.9   29.8   27.2   30.8   28.8   29.5   31.2   29.5   30.0   32.8
47058   32.2   31.2   32.7   32.2   26.8   29.2   31.8   32.9   30.3   30.5   30.5   33.2
47070   31.3   32.8   29.4   28.0   25.4   29.8   31.3   33.0   31.3   33.6   33.9   37.9
47090   28.8   30.9   31.3   26.0   27.6   29.3   27.4   27.8   27.7   28.5   27.2   29.2
47095   32.0   32.7   30.4   29.0   24.7   29.5   30.5   31.4   31.7   33.1   33.1   35.3
47098   34.4   34.2   30.9   30.0   25.7   29.9   31.0   34.5   33.6   35.5   35.6   38.5
47099   34.0   34.6   31.1   29.1   27.1   30.1   32.2   34.5   32.9   35.2   35.6   39.1
47100   24.5   26.8   25.4   22.9   23.0   23.9   25.7   25.5   25.5   26.6   25.6   29.5
47101   32.8   33.1   30.5   28.6   26.1   28.7   30.3   32.1   32.4   34.3   33.8   36.3
47104   28.2   31.3   30.2   28.0   29.0   29.4   28.0   29.4   30.0   30.6   29.2   31.7
47105   28.8   32.6   30.9   28.5   29.8   30.0   29.8   30.0   31.2   31.8   30.6   34.2
47106   28.0   30.7   29.1   25.5   28.5   29.9   27.8   27.7   29.3   29.8   28.5   32.0
47108   33.5   32.7   29.9   29.7   27.1   29.5   31.1   33.9   32.2   33.9   35.6   37.2
47112   30.1   28.6   27.2   27.2   25.9   28.2   29.9   30.4   28.9   30.4   32.0   33.4
47114   32.7   32.4   30.0   29.5   27.6   28.8   32.1   31.6   32.4   33.6   35.0   35.7
47115   26.6   26.9   27.4   22.4   27.5   26.3   26.6   26.8   27.1   28.5   29.0   29.6
47119   32.4   31.8   30.3   29.7   27.0   30.0   32.8   31.9   30.7   32.9   35.6   36.6
47121   32.9   31.5   30.5   29.8   27.6   28.7   30.6   31.9   32.8   32.6   33.4   36.7
47127   32.8   32.5   29.4   26.0   28.2   29.8   31.1   31.0   31.9   33.3   34.8   36.2
47129   30.0   30.2   28.0   27.4   26.5   28.7   30.5   30.6   29.2   31.1   33.1   33.8
47130   26.7   31.1   27.2   24.3   25.7   28.2   28.0   27.8   28.8   27.5   27.4   30.3
47131   32.9   33.7   30.2   27.3   28.8   30.6   31.4   31.7   30.9   33.0   34.2   36.0
47133   32.3   32.0   29.1   26.1   28.7   30.4   29.8   30.3   30.2   32.0   33.5   33.5
47135   30.8   31.0   27.7   23.8   28.0   29.5   28.2   28.1   29.3   31.3   32.5   32.5
47136   33.3   32.7   28.7   24.5   28.7   31.6   31.0   31.2   32.5   32.5   34.3   36.5
47137   32.3   32.4   28.7   22.7   27.8   30.4   28.6   29.6   31.4   33.4   34.2   34.6
47138   29.5   33.7   30.6   21.8   31.2   31.7   29.6   28.9   30.8   31.1   30.5   31.8
47140   30.1   29.6   28.5   27.2   27.1   29.0   28.5   30.1   28.0   30.7   32.2   33.8
47143   32.8   33.5   29.9   26.5   30.5   32.6   30.1   31.1   31.8   34.8   36.3   35.3
47146   32.2   31.9   29.2   28.1   28.9   31.4   32.4   32.4   30.2   34.1   35.2   36.3
47152   30.8   32.3   30.7   24.9   29.5   31.8   29.8   29.9   29.9   34.1   33.4   32.6
47155   31.9   30.7   30.6   26.6   27.6   30.1   28.3   28.8   28.6   33.6   32.9   34.2
47156   32.3   30.8   27.4   29.6   26.8   31.0   29.9   30.2   30.9   32.2   33.3   33.5
47159   30.5   29.5   27.9   26.2   26.5   28.9   27.3   27.4   28.9   31.3   30.9   32.3
47162   30.3   28.4   24.9   25.1   24.7   27.8   26.3   26.2   28.0   31.7   32.1   31.2
47165   29.2   28.1   27.0   27.9   25.8   29.1 -195.9   27.6   28.4   31.0   32.4   34.7
47168   30.5   30.3   25.2   25.9   24.6   28.6   25.2   27.6   27.6   30.7   31.5   31.7
47170   30.3   30.6   28.9   29.9   27.5   30.1   27.0   28.4   28.6   31.0   33.4   35.4
47172   29.2   29.1   27.8   27.0   25.6   28.7   30.0   30.0   28.8   31.6   31.8   32.7
47174   32.8   31.9   27.8   28.7   26.7   29.5   28.3   28.5   28.0   32.2   32.1   34.6
47176 -999.0 -999.0 -999.0 -999.0 -999.0 -999.0 -999.0 -999.0 -999.0 -999.0 -999.0 -999.0
47184   27.5   28.4   30.1   30.6   27.2   25.4   26.1   28.2   28.6   29.3   33.0   32.4
47185   24.7   26.5   27.4   25.6   24.3   22.1   29.2   28.5   28.4   28.5   29.7   29.7
47188   27.9   29.5   27.0   27.6   25.7   23.6   26.4   28.0   28.2   30.1   32.7   32.6
47189   30.9   29.1   28.4   27.3   26.2   24.1   26.9   27.6   28.5   29.2   32.4   32.6
47192   33.2   31.7   27.5   26.9   27.1   31.0   28.7   29.3   29.4   32.7   32.8   35.0
47203   33.7   33.3   29.6   27.0   27.2   30.1   32.8   33.0   32.3   34.5   35.9   36.2
47232   30.9   33.4   29.0   28.2   27.7   30.5   31.3   31.6   30.7   33.2   34.4   34.7
47235   30.0   31.1   27.9   26.5   25.3   27.8   29.9   30.0   27.9   31.8   32.7   34.5
47245   31.6   31.0   29.2   28.8   28.3   31.1   31.7   31.5   30.7   33.6   34.3   34.5
47247   31.6   30.8   27.5   27.5   27.1   28.9   28.9   29.2   30.6   32.9   33.2   33.7
47268   27.0   29.1   27.8   26.6   25.5   28.4   26.5   26.7   27.5   30.6   31.7   33.9
47279   32.4   32.4   29.7   24.1   29.1   31.1   29.7   30.4   32.5   34.3   35.2   34.9
47284   31.5   31.7   29.1   25.9   28.3   29.7   29.5   28.4   28.9   32.2   33.6   33.7
  887   31.6   32.4   27.9   24.3   28.6   28.8   29.4   30.7   29.4   31.8   32.8   34.2
47110   32.8   32.0   29.4   29.8   27.5   28.9   31.0   32.2   32.2   34.0   35.6   36.0
47113   29.8   28.8   28.0   27.5   25.4   27.6   29.0   29.7   28.4   31.5   32.8   33.3
47151   30.4   33.9   31.1   24.5   29.0   31.6   29.7   29.7   28.9   34.2   33.4   32.3
47153   31.1   30.8   28.6   26.7   27.1   28.8   26.6   27.7   28.9   33.7   33.6   33.1
47182   27.1   27.9   29.5   30.4   27.8   26.5   24.2   26.6   27.5   28.2   31.0   30.8
