2014071000+000HOUR     2014071009LST
STNID    15H    27H    39H    51H    63H    75H    87H    99H   111H   123H   135H   147H   159H   171H   183H   195H   207H   219H   231H   243H   255H   267H   279H
STNID 071100 071112 071200 071212 071300 071312 071400 071412 071500 071512 071600 071612 071700 071712 071800 071812 071900 071912 072000 072012 072100 072112 072200LST
47003    0.0    2.0    6.5    2.0    0.0    0.0    0.0    0.0    0.0    0.0    0.5    0.0    0.0    0.0    0.0    0.0    0.5   25.0    7.5    1.5    1.0    0.5    1.5
47005    0.0    5.0    0.0    3.0    1.5    1.0    3.0    1.0    1.0    0.0    0.0    0.0    1.0    0.0    0.5    0.0    2.5    3.0    2.5    0.5    1.0    0.0    0.0
47008    0.5    0.5    0.0    0.0    1.0    0.0    0.0    0.0    0.0    0.0    0.0    0.0    0.5    0.0    1.0    1.0    1.0   12.5    2.0    7.0    2.5    2.0    8.0
47014    0.0    7.5    1.5    1.5    3.5    3.0    4.0    0.5    1.0    0.0    0.5    0.5    2.0    0.0    1.0    0.0    0.0    7.0    2.5    0.0    4.0    0.0    0.0
47016    0.0    2.5    0.0    0.0    0.0    0.0    1.0    0.0    0.5    0.0    0.0    0.0    2.0    0.5    2.5    0.0    3.0    5.0    6.0    4.5    1.5    0.0    1.0
47020    0.0    1.0    2.0    1.5    4.0    2.0    5.0    0.5    0.5    0.0    0.5    0.5    1.5    0.0    2.0    0.0    0.0    4.5    2.5    1.0    6.0    0.0    0.0
47022    0.0    0.0    0.0    0.0    0.0    0.0    0.5    0.0    2.5    0.0    0.5    0.0    3.5    1.0    2.0    0.0    3.0    8.0    5.5    3.5    2.0    0.0    2.5
47025    0.0    0.0    0.0    2.0    0.0    0.0    0.0    0.0    0.0    0.0    0.0    0.0    0.0    0.0    0.0    0.0    0.0    8.5    2.5    0.0    0.5    0.5   27.5
47028    0.0    0.0    1.5    0.0    2.0    0.0    3.5    0.5    0.5    0.0    0.0    0.0    0.0    0.0    0.0    0.0    0.0    1.5    1.5    1.5    0.0    0.0    0.0
47031    0.0    0.0    0.0    0.0    0.0    0.0    1.0    0.0    0.0    0.0    0.0    0.0    1.5    0.0    1.5    0.0    2.0    2.0    3.0    1.0    6.0    0.0    0.0
47035    0.0    0.0    1.0    0.0    0.0    0.0    0.0    0.0    0.5    0.0    0.0    0.0    0.0    0.0    0.0    0.0    0.0    0.0    1.0    1.0    0.0    0.0    0.0
47037    0.0    0.0    2.0    0.0    2.0    0.0    1.5    1.5    1.0    0.0    0.0    0.0    1.5    0.0    1.0    0.0    0.0    0.0    3.5    0.0    0.0    0.0    0.0
47039    0.0    0.0    1.0    0.0    3.0    0.0    1.5    2.0    1.0    0.0    0.0    0.0    2.0    0.0    3.0    0.0    0.0    0.0    2.0    0.0    0.0    0.0    0.0
47041    0.0    0.0    0.0    0.0    0.0    0.0    0.0    0.0    0.0    0.0    0.0    0.0    0.0    0.0    0.0    0.0    0.0    0.0    0.5    0.0    0.0    0.5   13.0
47046    0.0    0.0    0.0    0.0    1.0    0.0    0.0    0.0    0.0    0.0    0.0    0.0    0.0    0.0    0.0    0.0    0.0    0.0    0.0    0.0    1.5    1.5   14.0
47050    0.0    0.0    0.0    0.0    0.0    0.0    0.0    0.0    1.5    0.0    0.0    0.0    0.5    0.0    0.0    0.0    0.0    0.0    1.5    0.0    0.0    0.0    0.5
47052    0.0    0.0    0.0    0.0    0.0    0.0    0.0    0.0    0.0    0.0    0.0    0.0    1.0    0.0    0.0    0.0    0.0    0.0    1.5    0.0    0.0    0.0    3.0
47055    0.0    0.0    0.0    0.0    0.0    0.0    0.0    0.0    0.0    0.0    0.0    0.0    0.0    0.0    0.0    0.0    0.0    0.0    0.0    1.5    1.0    5.5   32.5
47058    0.0    0.0    0.0    0.0    0.0    0.0    0.0    0.0    0.0    0.0    0.0    0.0    0.5    0.0    0.0    0.0    0.0    0.0    0.0    0.0    0.0    0.0    1.0
47060    0.0    0.0    0.0    0.0    0.0    0.0    0.0    0.0    0.0    0.0    0.0    0.0    0.0    0.0    0.0    0.0    0.0    0.0    0.0    0.0    0.0    0.0    1.0
47061    0.0    0.0    0.0    0.0    1.0    0.0    0.0    0.0    0.0    0.0    0.0    0.0    0.0    0.0    0.0    0.0    0.0    0.0    0.0    0.0    0.5    6.5   54.0
47065    0.0    0.0    0.0    1.0    0.0    0.0    0.0    0.0    0.0    0.0    0.0    0.0    0.5    0.0    0.0    0.0    0.0    0.0    0.0    0.0    0.0    0.0    2.0
47067    0.0    0.0    0.0    2.0    1.5    0.0    0.0    0.0    0.5    0.0    0.0    0.0    1.0    0.0    2.0    1.5    0.0    0.0    0.0    0.0    0.0    0.0    2.0
47068    0.0    0.0    0.0    0.5    0.0    0.0    0.0    0.0    0.0    0.0    0.0    0.0    0.0    0.0    1.5    0.0    0.0    0.0    0.0    0.0    0.5    0.0    0.0
47069    0.0    0.0    0.0    5.0    2.5    0.0    0.0    0.0    0.0    0.0    0.0    0.0    0.0    0.0    2.0    0.0    0.0    0.0    0.0    0.0    0.0    0.0    1.5
47070    0.0    0.0    0.0    6.5    2.0    0.0    0.0    2.5    0.0    0.0    0.0    0.0    0.0    0.0    0.0    0.0    0.0    0.0    0.0    0.0    0.0    0.0    8.0
47075    0.0    0.0    0.0    2.5    2.5    0.0    0.0    0.0    0.0    0.0    0.0    0.0    0.0    0.0    0.0    0.0    0.0    0.0    1.0    0.0    0.0    0.0    9.0
47090    0.0    0.0    0.0    0.0    0.0    0.0    0.0    0.0    0.0    0.0    0.0    0.0    0.0    2.0    0.0    0.5    0.0    0.0    0.0    0.0    0.5   17.5   71.0
47095    0.0    0.0    0.0    2.5    2.5    0.0    0.0    0.0    0.0    0.0    0.0    0.0    0.0    0.0    0.0    0.0    0.0    0.0    1.0    0.0    0.0    0.0    9.0
47098    0.0    0.0    0.0    3.5    5.5    0.0    0.0    1.0    0.0    0.0    0.0    0.0    0.0    0.0    0.0    0.0    0.0    0.0    0.0    0.0    0.0    1.5   13.0
47099    0.0    0.0    0.0    6.5    2.0    0.0    0.0    2.5    0.0    0.0    0.0    0.0    0.0    0.0    0.0    0.0    0.0    0.0    0.0    0.0    0.0    0.0    8.0
47100    0.0    0.0    0.0    0.0    0.0    0.0    0.0    0.0    0.0    0.0    0.0    0.0    0.0    1.5    0.0    0.0    0.0    0.0    0.0    0.0    0.5   39.0   59.5
47101    0.0    0.0    0.0    0.5    1.5    0.0    0.0    0.0    0.0    0.0    0.0    0.0    0.0    0.0    0.0    0.0    0.0    0.0    0.0    0.0    0.0    6.0   14.0
47104    0.0    0.0    0.0    0.0    0.0    0.0    0.0    0.0    0.0    0.0    0.0    0.0    0.0    0.5    0.0    0.0    0.0    0.0    0.0    0.0    1.0   31.5   68.5
47105    0.0    0.0    0.0    0.0    0.0    0.0    0.0    0.0    0.0    0.0    0.0    0.0    0.0    0.5    0.0    0.0    0.0    0.0    0.0    0.0    1.0   31.5   68.5
47106    0.0    0.0    0.0    0.0    0.0    0.0    0.0    0.0    0.0    0.0    0.0    0.0    0.5    3.0    3.5    0.5    0.0    0.0    0.0    0.5    1.5   61.0   71.0
47108    0.0    0.0    0.0    0.5    1.0    0.0    0.0    1.0    0.0    0.0    0.0    0.0    0.0    0.0    4.5    0.0    0.0    0.0    0.0    0.0    0.0    6.0   14.5
47112    0.0    0.0    0.0    0.0    0.0    0.0    0.0    2.0    0.0    0.0    0.0    0.0    0.0    2.0    3.5    0.0    0.0    0.0    0.0    0.0    0.0    1.5   12.5
47114    0.0    0.0    0.0    0.5    0.5    0.0    0.0    0.0    0.0    0.0    0.0    0.0    0.0    0.0    6.0    0.0    0.0    0.0    0.0    0.0    0.0   10.5   13.0
47115    0.0    0.0    0.0    0.0    0.0    0.0    0.0    0.0    0.0    0.0    0.0    0.0    3.0   13.5    0.0    0.0    0.0    0.0    0.0    0.0    0.0   35.0   77.5
47119    0.0    0.0    0.0    0.0    0.5    0.0    0.0    0.0    0.0    0.0    0.0    0.0    0.0    8.5    8.0    0.0    0.0    0.0    0.0    0.0    0.0   14.0   12.0
47121    0.0    0.0    0.0    0.0    0.0    0.0    0.0    0.0    0.0    0.0    0.0    0.0    0.0   16.0    4.0    0.0    0.0    0.0    0.0    0.0    0.0   24.5   29.5
47127    0.0    0.0    0.0    0.0    1.0    0.0    0.0    0.0    0.0    0.0    0.0    0.0    0.0    6.5    6.0    0.0    0.0    0.0    0.0    0.0    0.0   18.5   12.0
47129    0.0    0.0    0.0    0.0    0.0    0.0    0.0    0.0    0.0    0.0    0.0    0.0    0.0    0.0    6.5   16.5    0.0    0.0    0.0    0.0    0.0   12.5    5.5
47130    0.0    0.0    0.0    0.0    0.0    0.0    0.0    1.0    0.0    0.0    0.0    0.0    0.0   22.5    3.0    4.5    0.0    0.0    0.0    0.0    1.5   77.5   66.0
47131    0.0    0.0    0.0    0.0    0.0    0.0    0.0    3.5    0.0    0.0    0.0    0.0    0.0   21.0    8.0   25.5    0.0    0.0    0.0    0.0    0.0   25.5    9.5
47133    0.0    0.0    0.0    0.0    0.0    0.0    0.0    5.5    0.0    0.0    0.0    0.0    0.0   10.0   20.0    6.0    0.0    0.0    0.0    0.0    0.0   26.0    3.0
47135    0.0    0.0    0.0    0.0    0.0    0.0    0.0   13.0    0.0    0.0    0.0    0.0   14.5   21.0    9.5    1.5    0.0    0.0    0.0    0.0    0.0   47.5   23.0
47136    0.0    0.0    0.0    0.0    0.0    0.0    0.0    6.5    0.0    0.0    0.0    0.0    8.0   28.5    6.5    1.0    0.0    0.0    0.0    0.0    0.5   56.5   40.0
47137    0.0    0.0    0.0    0.0    0.0    0.0    0.0   13.0    0.0    0.0    0.0    0.0   14.5   21.0    9.5    1.5    0.0    0.0    0.0    0.0    0.0   47.5   23.0
47138    0.0    0.0    0.0    0.0    0.0    0.0    0.0   21.0    0.0    0.5    0.5   17.5    2.0    4.5    1.0    2.0    0.0    0.0    0.0    1.0    8.5  108.5   25.0
47140    0.0    0.0    0.0    0.0    0.5    1.0    0.0   10.5    0.0    0.0    0.0    0.0    0.0    8.5   14.5    6.0    0.0    0.0    0.0    0.0    0.0   27.0    1.0
47143    0.0    0.0    0.0    0.0    0.0    0.0    0.0   25.5    0.0    0.0    0.0   20.0    5.0   28.5    5.5    2.0    0.0    0.0    0.0    0.0    6.0   94.0   22.5
47146    0.0    0.0    0.0    0.0    0.0    0.0    0.0   13.5    0.0    0.0    0.0    0.0    2.0   11.5   11.0    8.0    2.0    0.0    0.0    0.0    0.0   26.0    2.5
47152    1.5    0.0    0.0    0.0    0.0    0.0    0.0   27.5    1.0    0.0    1.0   27.5    6.5    0.0    0.0    0.0    0.0    0.0    0.0    2.0   15.0  115.0   17.5
47155    0.0    0.0    0.0    0.0    0.0    0.0    0.0   33.0    1.0    0.0    4.0   38.5    4.5    3.0    1.0    0.0    0.0    0.0    0.0    0.5   17.5  112.0   10.5
47156    0.0    0.0    0.0    0.0    1.0    0.0    0.5   42.5    0.5    0.5    0.0    0.0    3.0   14.0    4.5    0.0    0.0    0.0    0.0    0.0    3.5   26.5    1.0
47159    0.0    0.0    0.0    0.0    0.0    0.0    0.0   33.0    1.0    0.0    4.0   38.5    4.5    3.0    1.0    0.0    0.0    0.0    0.0    0.5   17.5  112.0   10.5
47162    0.0    0.0    0.0    0.0    4.5    0.0    0.0   49.5    1.5    0.0    7.0   51.0   11.5    0.0    0.5    0.0    0.0    0.0    0.0    0.0   26.5  103.0    4.0
47165    0.0    0.0    0.0    1.0    0.5    0.0    5.0   49.0    0.0    0.0    0.0    1.5    8.5   20.0    8.5    0.0    5.5    0.0    0.0    0.0    9.0   22.0    0.0
47168    0.0    0.0    0.0    0.0    2.5    0.0    1.0   49.5    1.0    0.0    3.0   20.0   16.0    2.5    5.0    0.0    0.0    0.0    0.0    0.0   11.5   69.0    3.5
47169    0.0    1.0    1.5    1.0    0.0    0.0   11.0   41.5    0.0    0.5    0.0    0.0    0.0   54.5    6.5    0.0    0.0    0.0    0.0    0.0    3.0   12.5    0.0
47170    0.0    0.0    0.0    2.0    2.0    0.0    1.0   59.0    0.0    2.0    2.0    3.5    5.0    4.0    5.5    0.0    0.0    0.0    0.0    0.0    7.0   33.0    0.0
47172    0.0    0.0    0.0    0.0    1.0    0.0    1.0   39.0    0.5    0.0    0.0    0.0    3.0   33.0   15.5    0.5    6.0    0.0    2.0    0.0    1.0   22.5    0.0
47174    0.0    0.0    0.0    0.5    2.5    0.0    2.5   54.0    0.0    1.0    0.0    6.0   20.0    8.5    5.5    0.0    0.0    0.0    0.0    0.0    7.0   39.0    0.5
47184    0.0    0.0    1.0    0.0    1.5    1.0   10.0    5.5    0.0    1.5   29.5   20.5   10.0    0.5    0.5    0.0    0.0    0.0    0.0    8.5   33.5   24.0    0.0
47185    0.0    0.0    2.0    1.0    0.5    4.5    6.5   23.5    0.0    4.5   11.0   12.5    8.5    0.0    0.0    0.0    0.0    0.0    0.0    8.5   19.5   22.5    0.0
47188    0.0    0.0    1.0    2.0    0.0    3.0   11.0    1.5    0.0    0.0   10.0    6.5    0.0    0.0    0.0    0.0    0.0    0.0    0.0   10.5   46.5   32.0    0.0
47189    0.0    0.0    1.0    0.0    1.5    1.0   10.0    5.5    0.0    1.5   29.5   20.5   10.0    0.5    0.5    0.0    0.0    0.0    0.0    8.5   33.5   24.0    0.0
47192    0.0    0.0    0.0    0.5    1.0    0.0    0.0   40.5    1.5    0.0    1.0   17.0   10.0    4.0    2.0    0.0    0.0    0.0    0.0    0.0   11.5   94.0    9.0
47201    0.0    0.0    0.0    6.5    2.0    0.0    0.0    2.5    0.0    0.0    0.0    0.0    0.0    0.0    0.0    0.0    0.0    0.0    0.0    0.0    0.0    0.0    8.0
47202    0.0    0.0    0.0    0.5    0.5    0.0    0.0    0.0    0.0    0.0    0.0    0.0    0.0    0.0    6.0    0.0    0.0    0.0    0.0    0.0    0.0   10.5   13.0
47203    0.0    0.0    0.0    0.0    1.0    0.0    0.0    0.0    0.0    0.0    0.0    0.0    0.0    6.5    6.0    0.0    0.0    0.0    0.0    0.0    0.0   18.5   12.0
47211    0.0    0.0    0.0    0.0    0.0    0.0    0.0    0.0    0.0    0.0    0.0    0.0    0.0    0.0    1.5    0.0    0.0    0.0    0.0    0.0    0.0   14.5   31.0
47212    0.0    0.0    0.0    0.5    0.5    0.0    0.0    0.0    0.0    0.0    0.0    0.0    0.0    0.0    6.0    0.0    0.0    0.0    0.0    0.0    0.0   10.5   13.0
47216    0.0    0.0    0.0    0.0    0.0    0.0    0.0    1.0    0.0    0.0    0.0    0.0    0.0   26.0    3.0    0.0    0.0    0.0    0.0    0.0    0.0   44.5   49.5
47221    0.0    0.0    0.0    0.0    0.0    0.0    0.0    0.0    0.0    0.0    0.0    0.0    0.0   16.0    4.0    0.0    0.0    0.0    0.0    0.0    0.0   24.5   29.5
47226    0.0    0.0    0.0    0.0    0.0    0.0    0.0    9.0    0.0    0.0    0.0    0.0    0.0   26.0   15.5    2.0    0.0    0.0    0.0    0.0    0.0   31.0    7.5
47232    0.0    0.0    0.0    0.0    1.0    0.0    0.0    0.5    0.0    0.0    0.0    0.0    0.0   10.0    3.5   19.0    0.0    0.0    0.0    0.0    0.0   21.5    5.0
47235    0.0    0.0    0.0    0.0    0.0    0.0    0.0    3.0    0.0    0.0    0.0    0.0    6.0    1.5   13.5    3.5    0.0    0.0    0.0    0.0    0.0   20.0    1.5
47236    0.0    0.0    0.0    0.0    0.0    0.0    0.0    5.5    0.0    0.0    0.0    0.0    0.0   10.0   20.0    6.0    0.0    0.0    0.0    0.0    0.0   26.0    3.0
47238    0.0    0.0    0.0    0.0    0.0    0.0    0.0   18.0    0.0    0.0    0.0    0.5    5.0   16.0    9.0    1.5    0.0    0.0    0.0    0.0    1.0   34.5    6.5
47243    0.0    0.0    0.0    0.0    1.0    0.0    0.0   24.5    0.0    0.0    0.0    0.0    0.0   10.0   12.5    5.5    7.0    0.0    0.0    0.0    0.0   24.0    0.5
47244    0.0    0.0    0.0    0.0    0.0    0.0    0.0   28.5    0.0    0.0    0.0    0.5    4.5   12.5   10.5    2.5    0.5    0.0    0.0    0.0    1.5   23.5    1.5
47245    0.0    0.0    0.0    0.0    0.0    0.0    0.0   28.5    0.0    0.0    0.0    0.5    4.5   12.5   10.5    2.5    0.5    0.0    0.0    0.0    1.5   23.5    1.5
47247    0.0    0.0    0.0    0.0    1.0    0.0    0.5   42.5    0.5    0.5    0.0    0.0    3.0   14.0    4.5    0.0    0.0    0.0    0.0    0.0    3.5   26.5    1.0
47248    0.0    0.0    0.0    0.0    0.0    0.0    0.0   35.5    1.0    0.0    0.0    5.0    1.5   15.5    5.5    0.0    0.0    0.0    0.0    0.0    3.5   38.0    7.5
47251    0.0    0.0    0.0    0.0    1.0    0.0    1.0   39.0    0.5    0.0    0.0    0.0    3.0   33.0   15.5    0.5    6.0    0.0    2.0    0.0    1.0   22.5    0.0
47252    0.0    0.0    0.0    0.0    1.0    0.0    1.0   39.0    0.5    0.0    0.0    0.0    3.0   33.0   15.5    0.5    6.0    0.0    2.0    0.0    1.0   22.5    0.0
47253    0.0    0.0    0.0    0.0    0.0    0.0    0.0   33.0    1.0    0.0    4.0   38.5    4.5    3.0    1.0    0.0    0.0    0.0    0.0    0.5   17.5  112.0   10.5
47254    0.0    0.0    0.0    0.0    1.0    0.0    0.5   42.5    0.5    0.5    0.0    0.0    3.0   14.0    4.5    0.0    0.0    0.0    0.0    0.0    3.5   26.5    1.0
47255    0.0    0.0    0.0    0.0    0.0    0.0    0.0   33.0    1.0    0.0    4.0   38.5    4.5    3.0    1.0    0.0    0.0    0.0    0.0    0.5   17.5  112.0   10.5
47256    0.0    0.0    0.0    0.0    1.0    0.0    0.5   42.5    0.5    0.5    0.0    0.0    3.0   14.0    4.5    0.0    0.0    0.0    0.0    0.0    3.5   26.5    1.0
47257    0.0    0.0    0.0    0.0    0.0    0.0    0.0   33.0    1.0    0.0    4.0   38.5    4.5    3.0    1.0    0.0    0.0    0.0    0.0    0.5   17.5  112.0   10.5
47259    0.0    0.0    0.0    2.0    2.0    0.0    1.0   59.0    0.0    2.0    2.0    3.5    5.0    4.0    5.5    0.0    0.0    0.0    0.0    0.0    7.0   33.0    0.0
47260    0.0    0.0    0.0    0.5    2.5    0.0    2.5   54.0    0.0    1.0    0.0    6.0   20.0    8.5    5.5    0.0    0.0    0.0    0.0    0.0    7.0   39.0    0.5
47261    0.0    0.0    0.0    2.0    2.0    0.0    1.0   59.0    0.0    2.0    2.0    3.5    5.0    4.0    5.5    0.0    0.0    0.0    0.0    0.0    7.0   33.0    0.0
47262    0.0    0.0    0.0    0.5    4.0    0.5    0.5   81.5    5.0    1.0    4.0   16.0    3.5    1.0    2.0    0.0    0.0    0.0    0.0    0.0   13.0   54.5    0.0
47263    0.0    0.0    0.0    0.5    1.0    0.0    0.0   40.5    1.5    0.0    1.0   17.0   10.0    4.0    2.0    0.0    0.0    0.0    0.0    0.0   11.5   94.0    9.0
47264    0.0    0.0    0.0    0.0    0.0    0.0    0.0   35.5    1.0    0.0    0.0    5.0    1.5   15.5    5.5    0.0    0.0    0.0    0.0    0.0    3.5   38.0    7.5
47266    0.0    0.0    0.0    0.0    2.5    0.0    1.0   49.5    1.0    0.0    3.0   20.0   16.0    2.5    5.0    0.0    0.0    0.0    0.0    0.0   11.5   69.0    3.5
47268    0.0    0.0    1.0    2.0    0.0    0.0    7.5   52.0    0.0    1.0    0.0    0.0    0.0    1.5    0.0    0.0    0.0    0.0    0.0    0.0    7.0   18.5    0.0
47271    0.0    0.0    0.0    0.0    0.0    0.0    0.0    1.0    0.0    0.0    0.0    0.0    0.0   26.0    3.0    0.0    0.0    0.0    0.0    0.0    0.0   44.5   49.5
47272    0.0    0.0    0.0    0.0    0.0    0.0    0.0    6.5    0.0    0.0    0.0    0.0    1.0   32.0    7.0   22.0    0.0    0.0    0.0    0.0    0.0   33.5   27.0
47273    0.0    0.0    0.0    0.0    0.0    0.0    0.0    6.5    0.0    0.0    0.0    0.0    1.0   32.0    7.0   22.0    0.0    0.0    0.0    0.0    0.0   33.5   27.0
47276    0.0    0.0    0.0    0.0    0.0    0.0    0.0   16.0    0.0    0.0    0.0    0.0   10.5   16.0    7.0    1.0    0.0    0.0    0.0    0.0    2.0   76.5   32.5
47277    0.0    0.0    0.0    0.0    0.0    0.0    0.0   19.0    0.0    0.0    0.0    3.5    7.5   22.5    4.0    1.5    0.0    0.0    0.0    0.0    5.0  102.5   41.0
47278    0.0    0.0    0.0    0.0    0.0    0.0    0.0   16.0    0.0    0.0    0.0    0.0   10.5   16.0    7.0    1.0    0.0    0.0    0.0    0.0    2.0   76.5   32.5
47279    0.0    0.0    0.0    0.0    0.0    0.0    0.0   21.5    0.0    0.0    0.0    3.5    6.5   34.0   13.5    2.5    0.0    0.0    0.0    0.0    3.0   62.0   19.0
47281    0.0    0.0    0.0    0.0    0.0    0.0    0.0   25.5    0.0    0.0    0.0   20.0    5.0   28.5    5.5    2.0    0.0    0.0    0.0    0.0    6.0   94.0   22.5
47283    0.0    0.0    0.0    0.0    0.0    0.0    0.0   21.0    0.0    0.5    0.5   17.5    2.0    4.5    1.0    2.0    0.0    0.0    0.0    1.0    8.5  108.5   25.0
47284    0.0    0.0    0.0    0.0    0.0    0.0    0.0   35.5    1.0    0.0    0.0    5.0    1.5   15.5    5.5    0.0    0.0    0.0    0.0    0.0    3.5   38.0    7.5
47285    0.0    0.0    0.0    0.0    0.0    0.0    0.0   34.0    1.5    0.0    0.0   24.5    2.5    7.5    0.0    1.0    0.0    0.0    0.0    0.0    7.5   78.0   13.0
47288    0.0    0.0    0.0    0.0    0.0    0.0    0.0   27.0    1.5    0.0    0.0   17.0    4.5    1.5    1.5    0.0    0.0    0.0    0.0    0.0   11.5  101.5   18.0
47289    0.0    0.0    0.0    0.5    1.0    0.0    0.0   36.5    1.0    1.5    0.0   11.5    9.0    3.5    3.5    0.0    0.0    0.0    0.0    0.0    6.5   51.5    7.5
47294    0.0    0.0    0.0    0.0    0.0    1.5    0.5   34.5    1.5    0.5    3.0   34.0    0.0    0.0    0.0    0.0    0.0    0.0    0.0    6.0   45.0  113.5    4.0
47295    0.0    0.0    0.0    0.0    2.5    0.0    1.0   49.5    1.0    0.0    3.0   20.0   16.0    2.5    5.0    0.0    0.0    0.0    0.0    0.0   11.5   69.0    3.5
47299    0.0    0.0    1.0    0.0    1.5   51.5    1.0    1.5    1.0   15.5   12.5    3.0    0.0    0.0    0.0    0.0    0.0    0.0    0.0    2.0   20.5   11.0    0.0
  319    0.0    0.0    0.0    0.0    0.0    0.0    0.0    0.0    0.0    0.0    0.0    0.0    3.0   13.5    0.0    0.0    0.0    0.0    0.0    0.0    0.0   35.0   77.5
  328    0.0    0.0    1.0    0.0    1.5    1.0   10.0    5.5    0.0    1.5   29.5   20.5   10.0    0.5    0.5    0.0    0.0    0.0    0.0    8.5   33.5   24.0    0.0
  400    0.0    0.0    0.0    0.5    1.0    0.0    0.0    1.0    0.0    0.0    0.0    0.0    0.0    0.0    4.5    0.0    0.0    0.0    0.0    0.0    0.0    6.0   14.5
  433    0.0    0.0    0.0    0.0    0.0    0.0    0.0    2.0    0.0    0.0    0.0    0.0    0.0    2.0    3.5    0.0    0.0    0.0    0.0    0.0    0.0    1.5   12.5
  441    0.0    0.0    0.0    0.0    0.0    0.0    0.0    2.0    0.0    0.0    0.0    0.0    0.0    2.0    3.5    0.0    0.0    0.0    0.0    0.0    0.0    1.5   12.5
  504    0.0    0.0    0.0    3.5    5.5    0.0    0.0    1.0    0.0    0.0    0.0    0.0    0.0    0.0    0.0    0.0    0.0    0.0    0.0    0.0    0.0    1.5   13.0
  516    0.0    0.0    0.0    0.0    0.5    0.0    0.0    0.0    0.0    0.0    0.0    0.0    0.0    8.5    8.0    0.0    0.0    0.0    0.0    0.0    0.0   14.0   12.0
  517    0.0    0.0    0.0    0.0    0.0    0.0    0.0    0.0    0.0    0.0    0.0    0.0    0.0    0.0    0.0    0.0    0.0    0.0    0.0    0.0    0.0   11.0   45.5
  519    0.0    0.0    0.0    0.0    0.5    0.0    0.0    0.0    0.0    0.0    0.0    0.0    0.0    0.0    0.0    0.0    0.0    0.0    0.0    0.0    0.0    3.0   14.5
  523    0.0    0.0    0.0    0.0    0.0    0.0    0.0    0.0    0.0    0.0    0.0    0.0    0.0    0.5    0.0    0.0    0.0    0.0    0.0    0.0    1.0   31.5   68.5
  525    0.0    0.0    0.0    0.0    0.0    0.0    0.0    0.0    0.0    0.0    0.0    0.0    0.0    0.5    2.5    0.0    0.0    0.0    0.0    0.0    0.0   18.0   23.0
  526    0.0    0.0    0.0    0.0    0.0    0.0    0.0    0.0    0.0    0.0    0.0    0.0    0.0    0.5    2.5    0.0    0.0    0.0    0.0    0.0    0.0   18.0   23.0
  527    0.0    0.0    0.0    0.0    0.0    0.0    0.0    1.0    0.0    0.0    0.0    0.0    0.0   26.0    3.0    0.0    0.0    0.0    0.0    0.0    0.0   44.5   49.5
  528    0.0    0.0    0.0    1.5    0.5    0.0    1.0    0.0    0.5    0.0    0.0    0.0    0.0    0.0    0.5    0.0    0.0    0.0    0.0    0.0    0.0    0.0    1.0
  529    0.0    0.0    0.0    0.0    0.0    0.0    0.0    1.0    0.0    0.0    0.0    0.0    0.0   22.5    3.0    4.5    0.0    0.0    0.0    0.0    1.5   77.5   66.0
  530    0.0    0.0    0.0    0.0    0.0    0.0    0.0    0.0    0.0    0.0    0.0    0.0    3.0   13.5    0.0    0.0    0.0    0.0    0.0    0.0    0.0   35.0   77.5
  531    0.0    0.0    0.0    0.5    1.5    0.0    0.0    0.0    0.0    0.0    0.0    0.0    0.0    0.0    0.0    0.0    0.0    0.0    0.0    0.0    0.0    6.0   14.0
  532    0.0    0.0    0.0    3.5    5.5    0.0    0.0    1.0    0.0    0.0    0.0    0.0    0.0    0.0    0.0    0.0    0.0    0.0    0.0    0.0    0.0    1.5   13.0
  534    0.0    0.0    0.0    0.0    1.0    0.0    0.0    0.0    0.0    0.0    0.0    0.0    0.0    6.5    6.0    0.0    0.0    0.0    0.0    0.0    0.0   18.5   12.0
  536    0.0    0.0    0.0    0.0    0.0    0.0    0.0    0.0    0.0    0.0    0.0    0.0    0.0    0.5    2.5    0.0    0.0    0.0    0.0    0.0    0.0   18.0   23.0
  540    0.0    0.0    0.0    0.5    1.0    0.0    0.0    1.0    0.0    0.0    0.0    0.0    0.0    0.0    4.5    0.0    0.0    0.0    0.0    0.0    0.0    6.0   14.5
  541    0.0    0.0    0.0    0.5    1.0    0.0    0.0    1.0    0.0    0.0    0.0    0.0    0.0    0.0    4.5    0.0    0.0    0.0    0.0    0.0    0.0    6.0   14.5
  542    0.0    0.0    0.0    0.5    1.0    0.0    0.0    1.0    0.0    0.0    0.0    0.0    0.0    0.0    4.5    0.0    0.0    0.0    0.0    0.0    0.0    6.0   14.5
  546    0.0    0.0    0.0    0.5    1.0    0.0    0.0    1.0    0.0    0.0    0.0    0.0    0.0    0.0    4.5    0.0    0.0    0.0    0.0    0.0    0.0    6.0   14.5
  548    0.0    0.0    0.0    0.0    1.0    0.0    0.0    0.0    0.0    0.0    0.0    0.0    0.0    6.5    6.0    0.0    0.0    0.0    0.0    0.0    0.0   18.5   12.0
  549    0.0    0.0    0.0    0.0    0.5    0.0    0.0    0.0    0.0    0.0    0.0    0.0    0.0    8.5    8.0    0.0    0.0    0.0    0.0    0.0    0.0   14.0   12.0
  551    0.0    0.0    0.0    0.0    0.5    0.0    0.0    0.0    0.0    0.0    0.0    0.0    0.0    8.5    8.0    0.0    0.0    0.0    0.0    0.0    0.0   14.0   12.0
  552    0.0    0.0    0.0    0.0    0.5    0.0    0.0    0.0    0.0    0.0    0.0    0.0    0.0    0.0    0.0    0.0    0.0    0.0    0.0    0.0    0.0    3.0   14.5
  555    0.0    0.0    0.0    0.0    0.5    0.0    0.0    0.0    0.0    0.0    0.0    0.0    0.0    0.0    0.0    0.0    0.0    0.0    0.0    0.0    0.0    3.0   14.5
  556    0.0    0.0    0.0    0.0    0.0    0.0    0.0    0.0    0.0    0.0    0.0    0.0    0.0    0.0    0.0    0.0    0.0    0.0    0.0    0.0    0.0   11.0   45.5
  557    0.0    0.0    0.0    0.0    0.0    0.0    0.0    0.0    0.0    0.0    0.0    0.0    0.0    0.0    1.5    0.0    0.0    0.0    0.0    0.0    0.0   14.5   31.0
  559    0.0    0.0    0.0    0.0    0.0    0.0    0.0    0.0    0.0    0.0    0.0    0.0    0.0    0.0    1.5    0.0    0.0    0.0    0.0    0.0    0.0   14.5   31.0
  561    0.0    0.0    0.0    0.0    0.0    0.0    0.0    0.0    0.0    0.0    0.0    0.0    0.0    0.5    2.5    0.0    0.0    0.0    0.0    0.0    0.0   18.0   23.0
  562    0.0    0.0    0.0    0.0    0.0    0.0    0.0    0.0    0.0    0.0    0.0    0.0    0.0   16.0    4.0    0.0    0.0    0.0    0.0    0.0    0.0   24.5   29.5
  563    0.0    0.0    0.0    0.0    0.0    0.0    0.0    0.0    0.0    0.0    0.0    0.0    0.0    1.5    0.0    0.0    0.0    0.0    0.0    0.0    0.5   39.0   59.5
  565    0.0    0.0    0.0    0.0    0.0    0.0    0.0    2.0    0.0    0.0    0.0    0.0    0.0    2.0    3.5    0.0    0.0    0.0    0.0    0.0    0.0    1.5   12.5
  566    0.0    0.0    0.0    0.0    0.0    0.0    0.0    0.0    0.0    0.0    0.0    0.0    0.0    0.5    0.0    0.0    0.0    0.0    0.0    0.0    1.0   31.5   68.5
  571    0.0    0.0    0.0    0.0    0.0    0.0    0.0    0.0    0.0    0.0    0.0    0.0    0.0    0.0    0.0    0.0    0.0    0.0    0.0    0.0    0.0    6.0   12.0
  572    0.0    0.0    0.0    0.5    1.0    0.0    0.0    1.0    0.0    0.0    0.0    0.0    0.0    0.0    4.5    0.0    0.0    0.0    0.0    0.0    0.0    6.0   14.5
  579    0.0    0.0    0.0    0.0    0.0    0.0    0.0    0.0    0.0    0.0    0.0    0.0    0.0    1.5    0.0    0.0    0.0    0.0    0.0    0.0    0.5   39.0   59.5
  580    0.0    0.0    0.0    0.0    0.0    0.0    0.0    0.0    0.0    0.0    0.0    0.0    0.0    1.5    0.0    0.0    0.0    0.0    0.0    0.0    0.5   39.0   59.5
  581    0.0    0.0    0.0    0.0    0.0    0.0    0.0    1.0    0.0    0.0    0.0    0.0    0.0   26.0    3.0    0.0    0.0    0.0    0.0    0.0    0.0   44.5   49.5
  583    0.0    0.0    0.0    0.0    0.0    0.0    0.0    0.0    0.0    0.0    0.0    0.0    0.0    0.5    2.5    0.0    0.0    0.0    0.0    0.0    0.0   18.0   23.0
  586    0.0    0.0    0.0    0.5    1.5    0.0    0.0    0.0    0.0    0.0    0.0    0.0    0.0    0.0    0.0    0.0    0.0    0.0    0.0    0.0    0.0    6.0   14.0
  588    0.0    0.0    0.0    0.5    1.5    0.0    0.0    0.0    0.0    0.0    0.0    0.0    0.0    0.0    0.0    0.0    0.0    0.0    0.0    0.0    0.0    6.0   14.0
  590    0.0    0.0    0.0    0.5    1.0    0.0    0.0    1.0    0.0    0.0    0.0    0.0    0.0    0.0    4.5    0.0    0.0    0.0    0.0    0.0    0.0    6.0   14.5
  598    0.0    0.0    0.0    3.5    5.5    0.0    0.0    1.0    0.0    0.0    0.0    0.0    0.0    0.0    0.0    0.0    0.0    0.0    0.0    0.0    0.0    1.5   13.0
  601    0.0    0.0    0.0    0.0    0.0    0.0    0.0    0.0    0.0    0.0    0.0    0.0    0.0   16.0    4.0    0.0    0.0    0.0    0.0    0.0    0.0   24.5   29.5
  602    0.0    0.0    0.0    0.0    0.0    0.0    0.0    3.5    0.0    0.0    0.0    0.0    0.0   21.0    8.0   25.5    0.0    0.0    0.0    0.0    0.0   25.5    9.5
  603    0.0    0.0    0.0    0.0    0.0    0.0    0.0    3.5    0.0    0.0    0.0    0.0    0.0   21.0    8.0   25.5    0.0    0.0    0.0    0.0    0.0   25.5    9.5
  604    0.0    0.0    0.0    0.0    0.0    0.0    0.0    9.0    0.0    0.0    0.0    0.0    0.0   26.0   15.5    2.0    0.0    0.0    0.0    0.0    0.0   31.0    7.5
  605    0.0    0.0    0.0    0.0    0.0    0.0    0.0   18.0    0.0    0.0    0.0    0.5    5.0   16.0    9.0    1.5    0.0    0.0    0.0    0.0    1.0   34.5    6.5
  606    0.0    0.0    0.0    0.0    0.0    0.0    0.0    0.0    0.0    0.0    0.0    0.0    0.0    0.0    0.0    0.0    0.0    0.0    0.0    0.0    0.0    6.0   12.0
  610    0.0    0.0    0.0    0.0    0.0    0.0    0.0    0.0    0.0    0.0    0.0    0.0    0.0    0.0    6.5   16.5    0.0    0.0    0.0    0.0    0.0   12.5    5.5
  611    0.0    0.0    0.0    0.0    1.0    0.0    0.0    0.5    0.0    0.0    0.0    0.0    0.0   10.0    3.5   19.0    0.0    0.0    0.0    0.0    0.0   21.5    5.0
  612    0.0    0.0    0.0    0.0    0.0    0.0    0.0    5.5    0.0    0.0    0.0    0.0    0.0   10.0   20.0    6.0    0.0    0.0    0.0    0.0    0.0   26.0    3.0
  614    0.0    0.0    0.0    0.0    0.5    1.0    0.0   10.5    0.0    0.0    0.0    0.0    0.0    8.5   14.5    6.0    0.0    0.0    0.0    0.0    0.0   27.0    1.0
  615    0.0    0.0    0.0    0.0    0.0    0.0    0.0    5.5    0.0    0.0    0.0    0.0    0.0   10.0   20.0    6.0    0.0    0.0    0.0    0.0    0.0   26.0    3.0
  616    0.0    0.0    0.0    0.0    0.0    0.0    0.0    0.0    0.0    0.0    0.0    0.0    0.0    0.0    6.5   16.5    0.0    0.0    0.0    0.0    0.0   12.5    5.5
  617    0.0    0.0    0.0    0.0    1.0    0.0    0.0    0.5    0.0    0.0    0.0    0.0    0.0   10.0    3.5   19.0    0.0    0.0    0.0    0.0    0.0   21.5    5.0
  618    0.0    0.0    0.0    0.0    0.0    0.0    0.0    3.0    0.0    0.0    0.0    0.0    6.0    1.5   13.5    3.5    0.0    0.0    0.0    0.0    0.0   20.0    1.5
  619    0.0    0.0    0.0    0.0    1.0    0.0    0.0    0.0    0.0    0.0    0.0    0.0    0.0    6.5    6.0    0.0    0.0    0.0    0.0    0.0    0.0   18.5   12.0
  623    0.0    0.0    0.0    0.0    0.0    0.0    0.0    3.5    0.0    0.0    0.0    0.0    0.0   21.0    8.0   25.5    0.0    0.0    0.0    0.0    0.0   25.5    9.5
  624    0.0    0.0    0.0    0.0    0.0    0.0    0.0    3.5    0.0    0.0    0.0    0.0    0.0   21.0    8.0   25.5    0.0    0.0    0.0    0.0    0.0   25.5    9.5
  627    0.0    0.0    0.0    0.0    0.0    0.0    0.0    0.0    0.0    0.0    0.0    0.0    0.0    0.0    6.5   16.5    0.0    0.0    0.0    0.0    0.0   12.5    5.5
  628    0.0    0.0    0.0    0.0    0.0    0.0    0.0    0.0    0.0    0.0    0.0    0.0    0.0    0.0    6.5   16.5    0.0    0.0    0.0    0.0    0.0   12.5    5.5
  630    0.0    0.0    0.0    0.0    1.0    0.0    0.0    0.0    0.0    0.0    0.0    0.0    0.0    6.5    6.0    0.0    0.0    0.0    0.0    0.0    0.0   18.5   12.0
  634    0.0    0.0    0.0    0.0    1.0    0.0    0.0    0.5    0.0    0.0    0.0    0.0    0.0   10.0    3.5   19.0    0.0    0.0    0.0    0.0    0.0   21.5    5.0
  635    0.0    0.0    0.0    0.0    0.0    0.0    0.0   13.5    0.0    0.0    0.0    0.0    2.0   11.5   11.0    8.0    2.0    0.0    0.0    0.0    0.0   26.0    2.5
  636    0.0    0.0    0.0    0.0    0.0    0.0    0.0    5.5    0.0    0.0    0.0    0.0    0.0   10.0   20.0    6.0    0.0    0.0    0.0    0.0    0.0   26.0    3.0
  642    0.0    0.0    0.0    0.0    0.0    0.0    0.0    5.5    0.0    0.0    0.0    0.0    0.0   10.0   20.0    6.0    0.0    0.0    0.0    0.0    0.0   26.0    3.0
  652    0.0    0.0    0.0    3.5    5.5    0.0    0.0    1.0    0.0    0.0    0.0    0.0    0.0    0.0    0.0    0.0    0.0    0.0    0.0    0.0    0.0    1.5   13.0
   96    0.0    0.0    0.0    0.0    0.0    0.0    0.0    3.0    7.5    0.0    0.0    0.0    0.0    1.0    0.0    0.0    0.0    0.0    0.0    0.0    0.0   36.5   46.0
  661    0.0    0.0    0.0    0.0    1.0    0.0    0.0    0.0    0.0    0.0    0.0    0.0    0.0    0.0    0.0    0.0    0.0    0.0    0.0    0.0    0.5    6.5   54.0
  670    0.0    0.0    0.0    0.0    0.0    0.0    0.0    0.0    0.0    0.0    0.0    0.0    0.0    2.0    0.0    0.5    0.0    0.0    0.0    0.0    0.5   17.5   71.0
  671    0.0    0.0    0.0    0.0    0.0    0.0    0.0    0.0    0.0    0.0    0.0    0.0    0.0    2.0    0.0    0.5    0.0    0.0    0.0    0.0    0.5   17.5   71.0
  699    0.0    0.0    0.0    1.0    0.5    0.0    5.0   49.0    0.0    0.0    0.0    1.5    8.5   20.0    8.5    0.0    5.5    0.0    0.0    0.0    9.0   22.0    0.0
  701    0.0    0.0    0.0    0.0    0.0    0.0    0.0   18.0    0.0    0.0    0.0    0.5    5.0   16.0    9.0    1.5    0.0    0.0    0.0    0.0    1.0   34.5    6.5
  702    0.0    0.0    0.0    0.0    0.0    0.0    0.0   13.5    0.0    0.0    0.0    0.0    2.0   11.5   11.0    8.0    2.0    0.0    0.0    0.0    0.0   26.0    2.5
  703    0.0    0.0    0.0    0.0    0.0    0.0    0.0   35.5    1.0    0.0    0.0    5.0    1.5   15.5    5.5    0.0    0.0    0.0    0.0    0.0    3.5   38.0    7.5
  704    0.0    0.0    0.0    0.0    1.0    0.0    0.0   24.5    0.0    0.0    0.0    0.0    0.0   10.0   12.5    5.5    7.0    0.0    0.0    0.0    0.0   24.0    0.5
  706    0.0    0.0    0.0    0.0    1.0    0.0    0.5   42.5    0.5    0.5    0.0    0.0    3.0   14.0    4.5    0.0    0.0    0.0    0.0    0.0    3.5   26.5    1.0
  709    0.0    0.0    0.0    0.5    1.0    0.0    0.0   36.5    1.0    1.5    0.0   11.5    9.0    3.5    3.5    0.0    0.0    0.0    0.0    0.0    6.5   51.5    7.5
  710    0.0    0.0    0.0    1.0    0.5    0.0    5.0   49.0    0.0    0.0    0.0    1.5    8.5   20.0    8.5    0.0    5.5    0.0    0.0    0.0    9.0   22.0    0.0
  711    0.0    0.0    0.0    0.5    2.5    0.0    2.5   54.0    0.0    1.0    0.0    6.0   20.0    8.5    5.5    0.0    0.0    0.0    0.0    0.0    7.0   39.0    0.5
  712    0.0    0.0    0.0    0.0    2.5    0.0    1.0   49.5    1.0    0.0    3.0   20.0   16.0    2.5    5.0    0.0    0.0    0.0    0.0    0.0   11.5   69.0    3.5
  713    0.0    0.0    0.0    0.0    2.5    0.0    1.0   49.5    1.0    0.0    3.0   20.0   16.0    2.5    5.0    0.0    0.0    0.0    0.0    0.0   11.5   69.0    3.5
  727    0.0    0.0    1.0    0.0    1.5    1.0   10.0    5.5    0.0    1.5   29.5   20.5   10.0    0.5    0.5    0.0    0.0    0.0    0.0    8.5   33.5   24.0    0.0
  730    0.0    0.0    0.0    0.0    1.0    0.0    1.0   39.0    0.5    0.0    0.0    0.0    3.0   33.0   15.5    0.5    6.0    0.0    2.0    0.0    1.0   22.5    0.0
  731    0.0    0.0    0.0    1.0    0.5    0.0    5.0   49.0    0.0    0.0    0.0    1.5    8.5   20.0    8.5    0.0    5.5    0.0    0.0    0.0    9.0   22.0    0.0
  732    0.0    0.0    0.0    0.5    2.5    0.0    2.5   54.0    0.0    1.0    0.0    6.0   20.0    8.5    5.5    0.0    0.0    0.0    0.0    0.0    7.0   39.0    0.5
  733    0.0    0.0    0.0    0.0    0.0    0.0    0.0   13.5    0.0    0.0    0.0    0.0    2.0   11.5   11.0    8.0    2.0    0.0    0.0    0.0    0.0   26.0    2.5
  734    0.0    0.0    0.0    0.0    0.0    0.0    0.0   13.5    0.0    0.0    0.0    0.0    2.0   11.5   11.0    8.0    2.0    0.0    0.0    0.0    0.0   26.0    2.5
  736    0.0    0.0    0.0    0.0    0.5    1.0    0.0   10.5    0.0    0.0    0.0    0.0    0.0    8.5   14.5    6.0    0.0    0.0    0.0    0.0    0.0   27.0    1.0
  737    0.0    0.0    0.0    0.0    0.0    0.0    0.0   28.5    0.0    0.0    0.0    0.5    4.5   12.5   10.5    2.5    0.5    0.0    0.0    0.0    1.5   23.5    1.5
  738    0.0    0.0    0.0    0.0    1.0    0.0    0.0   24.5    0.0    0.0    0.0    0.0    0.0   10.0   12.5    5.5    7.0    0.0    0.0    0.0    0.0   24.0    0.5
  741    0.0    0.0    0.0    0.5    2.5    0.0    2.5   54.0    0.0    1.0    0.0    6.0   20.0    8.5    5.5    0.0    0.0    0.0    0.0    0.0    7.0   39.0    0.5
  745    0.0    0.0    0.0    1.0    0.5    0.0    5.0   49.0    0.0    0.0    0.0    1.5    8.5   20.0    8.5    0.0    5.5    0.0    0.0    0.0    9.0   22.0    0.0
  748    0.0    0.0    0.0    0.5    2.5    0.0    2.5   54.0    0.0    1.0    0.0    6.0   20.0    8.5    5.5    0.0    0.0    0.0    0.0    0.0    7.0   39.0    0.5
  751    0.0    0.0    1.0    0.0    1.5    1.0   10.0    5.5    0.0    1.5   29.5   20.5   10.0    0.5    0.5    0.0    0.0    0.0    0.0    8.5   33.5   24.0    0.0
  752    0.0    0.0    1.0    0.0    1.5    1.0   10.0    5.5    0.0    1.5   29.5   20.5   10.0    0.5    0.5    0.0    0.0    0.0    0.0    8.5   33.5   24.0    0.0
  754    0.0    0.0    0.0    1.0    0.5    0.0    5.0   49.0    0.0    0.0    0.0    1.5    8.5   20.0    8.5    0.0    5.5    0.0    0.0    0.0    9.0   22.0    0.0
  757    0.0    0.0    0.0    0.0    0.0    0.0    0.0   18.0    0.0    0.0    0.0    0.5    5.0   16.0    9.0    1.5    0.0    0.0    0.0    0.0    1.0   34.5    6.5
  762    0.0    0.0    0.0    0.0    0.0    0.0    0.0   28.5    0.0    0.0    0.0    0.5    4.5   12.5   10.5    2.5    0.5    0.0    0.0    0.0    1.5   23.5    1.5
  767    0.0    0.0    0.0    0.5    4.0    0.5    0.5   81.5    5.0    1.0    4.0   16.0    3.5    1.0    2.0    0.0    0.0    0.0    0.0    0.0   13.0   54.5    0.0
  768    0.0    0.0    0.0    0.0    1.0    0.0    0.5   42.5    0.5    0.5    0.0    0.0    3.0   14.0    4.5    0.0    0.0    0.0    0.0    0.0    3.5   26.5    1.0
  769    0.0    0.0    0.0    0.0    1.0    0.0    1.0   39.0    0.5    0.0    0.0    0.0    3.0   33.0   15.5    0.5    6.0    0.0    2.0    0.0    1.0   22.5    0.0
  771    0.0    0.0    0.0    0.5    0.0    0.0    7.0   39.5    0.0    0.0    0.0    0.0    0.0   66.0   10.5    0.0    0.0    0.0    0.0    0.0    2.0   18.0    0.0
  775    0.0    0.0    0.0    0.0    1.0    0.0    1.0   39.0    0.5    0.0    0.0    0.0    3.0   33.0   15.5    0.5    6.0    0.0    2.0    0.0    1.0   22.5    0.0
  779    0.0    0.0    2.0    1.0    0.5    4.5    6.5   23.5    0.0    4.5   11.0   12.5    8.5    0.0    0.0    0.0    0.0    0.0    0.0    8.5   19.5   22.5    0.0
  780    0.0    0.0    1.0    0.0    1.5    1.0   10.0    5.5    0.0    1.5   29.5   20.5   10.0    0.5    0.5    0.0    0.0    0.0    0.0    8.5   33.5   24.0    0.0
  789    0.0    0.0    0.0    1.0    0.5    0.0    5.0   49.0    0.0    0.0    0.0    1.5    8.5   20.0    8.5    0.0    5.5    0.0    0.0    0.0    9.0   22.0    0.0
  801    0.0    0.0    0.0    0.0    0.0    0.0    0.0    6.5    0.0    0.0    0.0    0.0    3.0   18.5    7.5    0.5    0.0    0.0    0.0    0.0    3.5   87.0   53.5
  803    0.0    0.0    0.0    0.0    0.0    0.0    0.0   16.0    0.0    0.0    0.0    0.0   10.5   16.0    7.0    1.0    0.0    0.0    0.0    0.0    2.0   76.5   32.5
  804    0.0    0.0    0.0    0.0    0.0    0.0    0.0   19.0    0.0    0.0    0.0    3.5    7.5   22.5    4.0    1.5    0.0    0.0    0.0    0.0    5.0  102.5   41.0
  810    0.0    0.0    0.0    0.0    0.0    0.0    0.0   21.5    0.0    0.0    0.0    3.5    6.5   34.0   13.5    2.5    0.0    0.0    0.0    0.0    3.0   62.0   19.0
  811    0.0    0.0    0.0    0.0    0.0    0.0    0.0   21.0    0.0    0.5    0.5   17.5    2.0    4.5    1.0    2.0    0.0    0.0    0.0    1.0    8.5  108.5   25.0
  812    0.0    0.0    0.0    0.0    0.0    0.0    0.0   34.0    1.5    0.0    0.0   24.5    2.5    7.5    0.0    1.0    0.0    0.0    0.0    0.0    7.5   78.0   13.0
  813    0.0    0.0    0.0    0.0    0.0    0.0    0.0   27.0    1.5    0.0    0.0   17.0    4.5    1.5    1.5    0.0    0.0    0.0    0.0    0.0   11.5  101.5   18.0
  815    0.0    0.0    0.0    0.0    0.0    0.0    0.0    6.5    0.0    0.0    0.0    0.0    1.0   32.0    7.0   22.0    0.0    0.0    0.0    0.0    0.0   33.5   27.0
  822    0.0    0.0    0.0    0.0    0.0    0.0    0.0   21.5    0.0    0.0    0.0    3.5    6.5   34.0   13.5    2.5    0.0    0.0    0.0    0.0    3.0   62.0   19.0
  823    0.0    0.0    0.0    0.0    0.0    0.0    0.0   16.0    0.0    0.0    0.0    0.0   10.5   16.0    7.0    1.0    0.0    0.0    0.0    0.0    2.0   76.5   32.5
  825    0.0    0.0    0.0    0.0    0.0    0.0    0.0   21.5    0.0    0.0    0.0    3.5    6.5   34.0   13.5    2.5    0.0    0.0    0.0    0.0    3.0   62.0   19.0
  827    0.0    0.0    0.0    0.0    0.0    0.0    0.0   25.5    0.0    0.0    0.0   20.0    5.0   28.5    5.5    2.0    0.0    0.0    0.0    0.0    6.0   94.0   22.5
  828    0.0    0.0    0.0    0.0    0.0    0.0    0.0   34.0    1.5    0.0    0.0   24.5    2.5    7.5    0.0    1.0    0.0    0.0    0.0    0.0    7.5   78.0   13.0
  832    0.0    0.0    0.0    0.0    0.0    0.0    0.0   13.0    0.0    0.0    0.0    0.0   14.5   21.0    9.5    1.5    0.0    0.0    0.0    0.0    0.0   47.5   23.0
  834    0.0    0.0    0.0    0.0    0.0    0.0    0.0    9.0    0.0    0.0    0.0    0.0    0.0   26.0   15.5    2.0    0.0    0.0    0.0    0.0    0.0   31.0    7.5
  836    0.0    0.0    0.0    0.0    0.0    0.0    0.0   16.0    0.0    0.0    0.0    0.0   10.5   16.0    7.0    1.0    0.0    0.0    0.0    0.0    2.0   76.5   32.5
  844    0.0    0.0    0.0    0.0    0.0    0.0    0.0   19.0    0.0    0.0    0.0    3.5    7.5   22.5    4.0    1.5    0.0    0.0    0.0    0.0    5.0  102.5   41.0
  850    1.5    0.0    0.0    0.0    0.0    0.0    0.0   27.5    1.0    0.0    1.0   27.5    6.5    0.0    0.0    0.0    0.0    0.0    0.0    2.0   15.0  115.0   17.5
  876    0.0    0.0    0.0    0.0    0.0    0.0    0.0    0.0    0.0    0.0    0.0    0.0    0.5    3.0    3.5    0.5    0.0    0.0    0.0    0.5    1.5   61.0   71.0
  877    0.0    0.0    0.0    0.5    0.5    0.0    0.0    0.0    0.0    0.0    0.0    0.0    0.0    0.0    6.0    0.0    0.0    0.0    0.0    0.0    0.0   10.5   13.0
  887    0.0    0.0    0.0    0.0    0.0    0.0    0.0    5.5    0.0    0.0    0.0    0.0    0.0   10.0   20.0    6.0    0.0    0.0    0.0    0.0    0.0   26.0    3.0
  900    1.5    0.0    0.0    0.0    0.0    0.0    0.0   27.5    1.0    0.0    1.0   27.5    6.5    0.0    0.0    0.0    0.0    0.0    0.0    2.0   15.0  115.0   17.5
  901    1.5    0.0    0.0    0.0    0.0    0.0    0.0   27.5    1.0    0.0    1.0   27.5    6.5    0.0    0.0    0.0    0.0    0.0    0.0    2.0   15.0  115.0   17.5
  907    0.0    0.0    0.0    0.0    4.5    0.0    0.0   49.5    1.5    0.0    7.0   51.0   11.5    0.0    0.5    0.0    0.0    0.0    0.0    0.0   26.5  103.0    4.0
  908    0.0    0.0    0.0    0.0    0.0    0.0    0.0   33.0    1.0    0.0    4.0   38.5    4.5    3.0    1.0    0.0    0.0    0.0    0.0    0.5   17.5  112.0   10.5
  909    0.0    0.0    0.0    0.0    0.0    1.5    0.5   34.5    1.5    0.5    3.0   34.0    0.0    0.0    0.0    0.0    0.0    0.0    0.0    6.0   45.0  113.5    4.0
  912    0.0    0.0    0.0    0.0    0.0    0.0    0.0   35.5    1.0    0.0    0.0    5.0    1.5   15.5    5.5    0.0    0.0    0.0    0.0    0.0    3.5   38.0    7.5
  915    0.0    0.0    0.0    0.5    1.0    0.0    0.0   40.5    1.5    0.0    1.0   17.0   10.0    4.0    2.0    0.0    0.0    0.0    0.0    0.0   11.5   94.0    9.0
  917    0.0    0.0    0.0    0.0    4.5    0.0    0.0   49.5    1.5    0.0    7.0   51.0   11.5    0.0    0.5    0.0    0.0    0.0    0.0    0.0   26.5  103.0    4.0
  918    0.0    0.0    0.0    0.0    4.5    0.0    0.0   49.5    1.5    0.0    7.0   51.0   11.5    0.0    0.5    0.0    0.0    0.0    0.0    0.0   26.5  103.0    4.0
  919    0.0    0.0    0.0    0.0    0.0    0.0    0.0   34.0    1.5    0.0    0.0   24.5    2.5    7.5    0.0    1.0    0.0    0.0    0.0    0.0    7.5   78.0   13.0
  920    0.0    0.0    0.0    0.5    1.0    0.0    0.0   40.5    1.5    0.0    1.0   17.0   10.0    4.0    2.0    0.0    0.0    0.0    0.0    0.0   11.5   94.0    9.0
  923    3.5    0.0    0.0    0.0    0.0    0.0    0.0   13.5    1.5    0.0    1.5   10.5    1.5    0.0    0.0    0.0    0.0    0.0    0.0    2.5   26.0  112.5    9.5
  932    0.0    0.0    0.0    0.5    1.0    0.0    0.0   36.5    1.0    1.5    0.0   11.5    9.0    3.5    3.5    0.0    0.0    0.0    0.0    0.0    6.5   51.5    7.5
  936    0.0    0.0    0.0    0.5    1.0    0.0    0.0   40.5    1.5    0.0    1.0   17.0   10.0    4.0    2.0    0.0    0.0    0.0    0.0    0.0   11.5   94.0    9.0
  940    0.0    0.0    0.0    0.0    0.0    0.0    0.0   33.0    1.0    0.0    4.0   38.5    4.5    3.0    1.0    0.0    0.0    0.0    0.0    0.5   17.5  112.0   10.5
  946    0.0    0.0    0.0    0.0    0.0    0.0    0.0   35.5    1.0    0.0    0.0    5.0    1.5   15.5    5.5    0.0    0.0    0.0    0.0    0.0    3.5   38.0    7.5
  790    0.0    0.0    0.0    0.0    0.0    7.0    0.5   65.0    3.5    1.5    8.5   41.5    5.0    0.0    0.0    0.0    0.0    0.0    0.0    0.0   23.5   73.0    1.0
10111    0.0    0.0    0.0    0.5    1.0    0.0    0.0    1.0    0.0    0.0    0.0    0.0    0.0    0.0    4.5    0.0    0.0    0.0    0.0    0.0    0.0    6.0   14.5
10112    0.0    0.0    0.0    0.5    1.0    0.0    0.0    1.0    0.0    0.0    0.0    0.0    0.0    0.0    4.5    0.0    0.0    0.0    0.0    0.0    0.0    6.0   14.5
10121    0.0    0.0    0.0    0.0    0.0    0.0    0.0    0.0    0.0    0.0    0.0    0.0    0.0    0.0    0.0    0.0    0.0    0.0    0.0    0.0    0.0   11.0   45.5
10122    0.0    0.0    0.0    0.0    0.0    0.0    0.0    0.0    0.0    0.0    0.0    0.0    0.0    0.0    0.0    0.0    0.0    0.0    0.0    0.0    0.0   11.0   45.5
10131    0.0    0.0    0.0    0.0    0.0    0.0    0.0    0.0    0.0    0.0    0.0    0.0    0.0    0.5    0.0    0.0    0.0    0.0    0.0    0.0    1.0   31.5   68.5
10132    0.0    0.0    0.0    0.0    0.0    0.0    0.0    0.0    0.0    0.0    0.0    0.0    0.0    0.5    0.0    0.0    0.0    0.0    0.0    0.0    1.0   31.5   68.5
10141    0.0    0.0    0.0    0.0    0.0    0.0    0.0    0.0    0.0    0.0    0.0    0.0    0.0    0.5    2.5    0.0    0.0    0.0    0.0    0.0    0.0   18.0   23.0
10142    0.0    0.0    0.0    0.0    0.0    0.0    0.0    0.0    0.0    0.0    0.0    0.0    0.0    0.5    2.5    0.0    0.0    0.0    0.0    0.0    0.0   18.0   23.0
10151    0.0    0.0    0.0    0.0    0.0    0.0    0.0    5.5    0.0    0.0    0.0    0.0    0.0   10.0   20.0    6.0    0.0    0.0    0.0    0.0    0.0   26.0    3.0
10152    0.0    0.0    0.0    0.0    0.0    0.0    0.0    5.5    0.0    0.0    0.0    0.0    0.0   10.0   20.0    6.0    0.0    0.0    0.0    0.0    0.0   26.0    3.0
10161    0.0    0.0    0.0    0.0    0.0    0.0    0.0    9.0    0.0    0.0    0.0    0.0    0.0   26.0   15.5    2.0    0.0    0.0    0.0    0.0    0.0   31.0    7.5
10162    0.0    0.0    0.0    0.0    0.0    0.0    0.0    9.0    0.0    0.0    0.0    0.0    0.0   26.0   15.5    2.0    0.0    0.0    0.0    0.0    0.0   31.0    7.5
10171    0.0    0.0    0.0    0.0    0.0    0.0    0.0    6.5    0.0    0.0    0.0    0.0    1.0   32.0    7.0   22.0    0.0    0.0    0.0    0.0    0.0   33.5   27.0
10172    0.0    0.0    0.0    0.0    0.0    0.0    0.0    6.5    0.0    0.0    0.0    0.0    1.0   32.0    7.0   22.0    0.0    0.0    0.0    0.0    0.0   33.5   27.0
10181    0.0    0.0    0.0    1.0    0.5    0.0    5.0   49.0    0.0    0.0    0.0    1.5    8.5   20.0    8.5    0.0    5.5    0.0    0.0    0.0    9.0   22.0    0.0
10182    0.0    0.0    0.0    1.0    0.5    0.0    5.0   49.0    0.0    0.0    0.0    1.5    8.5   20.0    8.5    0.0    5.5    0.0    0.0    0.0    9.0   22.0    0.0
10192    0.0    0.0    0.0    0.5    1.0    0.0    0.0   36.5    1.0    1.5    0.0   11.5    9.0    3.5    3.5    0.0    0.0    0.0    0.0    0.0    6.5   51.5    7.5
10201    0.0    0.0    0.0    0.0    0.0    0.0    0.0   28.5    0.0    0.0    0.0    0.5    4.5   12.5   10.5    2.5    0.5    0.0    0.0    0.0    1.5   23.5    1.5
10202    0.0    0.0    0.0    0.0    0.0    0.0    0.0   28.5    0.0    0.0    0.0    0.5    4.5   12.5   10.5    2.5    0.5    0.0    0.0    0.0    1.5   23.5    1.5
10211    0.0    0.0    0.0    0.0    0.0    0.0    0.0   18.0    0.0    0.0    0.0    0.5    5.0   16.0    9.0    1.5    0.0    0.0    0.0    0.0    1.0   34.5    6.5
10212    0.0    0.0    0.0    0.0    0.0    0.0    0.0   35.5    1.0    0.0    0.0    5.0    1.5   15.5    5.5    0.0    0.0    0.0    0.0    0.0    3.5   38.0    7.5
10221    0.0    0.0    0.0    0.0    0.0    0.0    0.0   19.0    0.0    0.0    0.0    3.5    7.5   22.5    4.0    1.5    0.0    0.0    0.0    0.0    5.0  102.5   41.0
10222    0.0    0.0    0.0    0.0    0.0    0.0    0.0   19.0    0.0    0.0    0.0    3.5    7.5   22.5    4.0    1.5    0.0    0.0    0.0    0.0    5.0  102.5   41.0
10231    0.0    0.0    0.0    0.5    1.0    0.0    0.0   36.5    1.0    1.5    0.0   11.5    9.0    3.5    3.5    0.0    0.0    0.0    0.0    0.0    6.5   51.5    7.5
10232    0.0    0.0    0.0    0.5    1.0    0.0    0.0   36.5    1.0    1.5    0.0   11.5    9.0    3.5    3.5    0.0    0.0    0.0    0.0    0.0    6.5   51.5    7.5
10241    0.0    0.0    0.0    0.0    0.0    0.0    0.0    6.5    0.0    0.0    0.0    0.0    1.0   32.0    7.0   22.0    0.0    0.0    0.0    0.0    0.0   33.5   27.0
10242    0.0    0.0    0.0    0.0    0.0    0.0    0.0    0.0    0.0    0.0    0.0    0.0    0.0   16.0    4.0    0.0    0.0    0.0    0.0    0.0    0.0   24.5   29.5
10251    0.0    0.0    0.0    0.0    0.0    0.0    0.0   21.5    0.0    0.0    0.0    3.5    6.5   34.0   13.5    2.5    0.0    0.0    0.0    0.0    3.0   62.0   19.0
10252    0.0    0.0    0.0    0.0    0.0    0.0    0.0   34.0    1.5    0.0    0.0   24.5    2.5    7.5    0.0    1.0    0.0    0.0    0.0    0.0    7.5   78.0   13.0
10261    0.0    0.0    1.0    0.0    1.5    1.0   10.0    5.5    0.0    1.5   29.5   20.5   10.0    0.5    0.5    0.0    0.0    0.0    0.0    8.5   33.5   24.0    0.0
10262    0.0    0.0    1.0    0.0    1.5    1.0   10.0    5.5    0.0    1.5   29.5   20.5   10.0    0.5    0.5    0.0    0.0    0.0    0.0    8.5   33.5   24.0    0.0
10272    0.0    0.0    1.0    0.0    1.5    1.0   10.0    5.5    0.0    1.5   29.5   20.5   10.0    0.5    0.5    0.0    0.0    0.0    0.0    8.5   33.5   24.0    0.0
10281    0.0    0.0    0.0    0.0    1.0    0.0    0.5   42.5    0.5    0.5    0.0    0.0    3.0   14.0    4.5    0.0    0.0    0.0    0.0    0.0    3.5   26.5    1.0
10282    0.0    0.0    0.0    0.0    1.0    0.0    0.5   42.5    0.5    0.5    0.0    0.0    3.0   14.0    4.5    0.0    0.0    0.0    0.0    0.0    3.5   26.5    1.0
20111    0.0    0.0    0.0    0.5    1.5    0.0    0.0    0.0    0.0    0.0    0.0    0.0    0.0    0.0    0.0    0.0    0.0    0.0    0.0    0.0    0.0    6.0   14.0
20121    0.0    0.0    0.0    0.5    1.0    0.0    0.0    1.0    0.0    0.0    0.0    0.0    0.0    0.0    4.5    0.0    0.0    0.0    0.0    0.0    0.0    6.0   14.5
20131    0.0    0.0    0.0    0.5    1.0    0.0    0.0    1.0    0.0    0.0    0.0    0.0    0.0    0.0    4.5    0.0    0.0    0.0    0.0    0.0    0.0    6.0   14.5
20141    0.0    0.0    0.0    0.0    0.0    0.0    0.0    1.0    0.0    0.0    0.0    0.0    0.0   26.0    3.0    0.0    0.0    0.0    0.0    0.0    0.0   44.5   49.5
20151    0.0    0.0    0.0    0.0    0.0    0.0    0.0    5.5    0.0    0.0    0.0    0.0    0.0   10.0   20.0    6.0    0.0    0.0    0.0    0.0    0.0   26.0    3.0
20161    0.0    0.0    0.0    0.0    0.0    0.0    0.0   13.5    0.0    0.0    0.0    0.0    2.0   11.5   11.0    8.0    2.0    0.0    0.0    0.0    0.0   26.0    2.5
20171    0.0    0.0    0.0    0.0    0.0    0.0    0.0   35.5    1.0    0.0    0.0    5.0    1.5   15.5    5.5    0.0    0.0    0.0    0.0    0.0    3.5   38.0    7.5
20181    0.0    0.0    0.0    0.0    0.0    0.0    0.0   28.5    0.0    0.0    0.0    0.5    4.5   12.5   10.5    2.5    0.5    0.0    0.0    0.0    1.5   23.5    1.5
20191    0.0    0.0    0.0    0.0    1.0    0.0    0.0   24.5    0.0    0.0    0.0    0.0    0.0   10.0   12.5    5.5    7.0    0.0    0.0    0.0    0.0   24.0    0.5
20201    0.0    0.0    0.0    0.0    1.0    0.0    0.5   42.5    0.5    0.5    0.0    0.0    3.0   14.0    4.5    0.0    0.0    0.0    0.0    0.0    3.5   26.5    1.0
20211    0.0    0.0    0.0    0.5    2.5    0.0    2.5   54.0    0.0    1.0    0.0    6.0   20.0    8.5    5.5    0.0    0.0    0.0    0.0    0.0    7.0   39.0    0.5
20221    0.0    0.0    0.0    0.0    0.0    7.0    0.5   65.0    3.5    1.5    8.5   41.5    5.0    0.0    0.0    0.0    0.0    0.0    0.0    0.0   23.5   73.0    1.0
20231    0.0    0.0    0.0    2.0    2.0    0.0    1.0   59.0    0.0    2.0    2.0    3.5    5.0    4.0    5.5    0.0    0.0    0.0    0.0    0.0    7.0   33.0    0.0
20241    0.0    0.0    0.0    2.0    2.0    0.0    1.0   59.0    0.0    2.0    2.0    3.5    5.0    4.0    5.5    0.0    0.0    0.0    0.0    0.0    7.0   33.0    0.0
20251    0.0    0.0    0.0    0.0    0.0    0.0    0.0   27.0    1.5    0.0    0.0   17.0    4.5    1.5    1.5    0.0    0.0    0.0    0.0    0.0   11.5  101.5   18.0
20261    0.0    0.0    0.0    0.0    0.0    0.0    0.0    6.5    0.0    0.0    0.0    0.0    8.0   28.5    6.5    1.0    0.0    0.0    0.0    0.0    0.5   56.5   40.0
20271    0.0    0.0    0.0    0.0    0.0    0.0    0.0   21.5    0.0    0.0    0.0    3.5    6.5   34.0   13.5    2.5    0.0    0.0    0.0    0.0    3.0   62.0   19.0
20281    0.0    0.0    0.0    0.0    0.0    0.0    0.0   21.5    0.0    0.0    0.0    3.5    6.5   34.0   13.5    2.5    0.0    0.0    0.0    0.0    3.0   62.0   19.0
20291    0.0    0.0    0.0    0.0    0.0    0.0    0.0   25.5    0.0    0.0    0.0   20.0    5.0   28.5    5.5    2.0    0.0    0.0    0.0    0.0    6.0   94.0   22.5
20301    0.0    0.0    0.0    0.5    1.0    0.0    0.0   40.5    1.5    0.0    1.0   17.0   10.0    4.0    2.0    0.0    0.0    0.0    0.0    0.0   11.5   94.0    9.0
30111    0.0    0.0    0.0    0.5    1.0    0.0    0.0    1.0    0.0    0.0    0.0    0.0    0.0    0.0    4.5    0.0    0.0    0.0    0.0    0.0    0.0    6.0   14.5
30121    0.0    0.0    0.0    0.5    1.5    0.0    0.0    0.0    0.0    0.0    0.0    0.0    0.0    0.0    0.0    0.0    0.0    0.0    0.0    0.0    0.0    6.0   14.0
30131    0.0    0.0    0.0    0.0    0.0    0.0    0.0    0.0    0.0    0.0    0.0    0.0    0.0    0.0    1.5    0.0    0.0    0.0    0.0    0.0    0.0   14.5   31.0
30141    0.0    0.0    0.0    0.0    0.0    0.0    0.0   35.5    1.0    0.0    0.0    5.0    1.5   15.5    5.5    0.0    0.0    0.0    0.0    0.0    3.5   38.0    7.5
30151    0.0    0.0    0.0    0.0    1.0    0.0    0.5   42.5    0.5    0.5    0.0    0.0    3.0   14.0    4.5    0.0    0.0    0.0    0.0    0.0    3.5   26.5    1.0
30161    0.0    0.0    0.0    0.0    0.0    0.0    0.0   34.0    1.5    0.0    0.0   24.5    2.5    7.5    0.0    1.0    0.0    0.0    0.0    0.0    7.5   78.0   13.0
30171    0.0    0.0    0.0    0.0    0.0    0.0    0.0   27.0    1.5    0.0    0.0   17.0    4.5    1.5    1.5    0.0    0.0    0.0    0.0    0.0   11.5  101.5   18.0
30181    0.0    0.0    0.0    0.0    0.0    0.0    0.0   27.0    1.5    0.0    0.0   17.0    4.5    1.5    1.5    0.0    0.0    0.0    0.0    0.0   11.5  101.5   18.0
30191    0.0    0.0    0.0    0.0    0.0    0.0    0.0   27.0    1.5    0.0    0.0   17.0    4.5    1.5    1.5    0.0    0.0    0.0    0.0    0.0   11.5  101.5   18.0
30201    0.0    0.0    0.0    0.0    0.0    0.0    0.0   35.5    1.0    0.0    0.0    5.0    1.5   15.5    5.5    0.0    0.0    0.0    0.0    0.0    3.5   38.0    7.5
30211    0.0    0.0    0.0    0.0    0.0    0.0    0.0   34.0    1.5    0.0    0.0   24.5    2.5    7.5    0.0    1.0    0.0    0.0    0.0    0.0    7.5   78.0   13.0
30221    0.0    0.0    0.0    0.5    1.0    0.0    0.0   36.5    1.0    1.5    0.0   11.5    9.0    3.5    3.5    0.0    0.0    0.0    0.0    0.0    6.5   51.5    7.5
30231    0.0    0.0    0.0    0.5    1.0    0.0    0.0   40.5    1.5    0.0    1.0   17.0   10.0    4.0    2.0    0.0    0.0    0.0    0.0    0.0   11.5   94.0    9.0
30241    0.0    0.0    0.0    0.5    1.0    0.0    0.0   36.5    1.0    1.5    0.0   11.5    9.0    3.5    3.5    0.0    0.0    0.0    0.0    0.0    6.5   51.5    7.5
30251    0.0    0.0    0.0    0.0    2.5    0.0    1.0   49.5    1.0    0.0    3.0   20.0   16.0    2.5    5.0    0.0    0.0    0.0    0.0    0.0   11.5   69.0    3.5
40111    0.0    0.0    0.0    3.5    5.5    0.0    0.0    1.0    0.0    0.0    0.0    0.0    0.0    0.0    0.0    0.0    0.0    0.0    0.0    0.0    0.0    1.5   13.0
40121    0.0    0.0    0.0    3.5    5.5    0.0    0.0    1.0    0.0    0.0    0.0    0.0    0.0    0.0    0.0    0.0    0.0    0.0    0.0    0.0    0.0    1.5   13.0
40131    0.0    0.0    0.0    3.5    5.5    0.0    0.0    1.0    0.0    0.0    0.0    0.0    0.0    0.0    0.0    0.0    0.0    0.0    0.0    0.0    0.0    1.5   13.0
40141    0.0    0.0    0.0    0.5    0.5    0.0    0.0    0.0    0.0    0.0    0.0    0.0    0.0    0.0    6.0    0.0    0.0    0.0    0.0    0.0    0.0   10.5   13.0
40151    0.0    0.0    0.0    0.5    1.0    0.0    0.0    1.0    0.0    0.0    0.0    0.0    0.0    0.0    4.5    0.0    0.0    0.0    0.0    0.0    0.0    6.0   14.5
40161    0.0    0.0    0.0    0.0    0.0    0.0    0.0    2.0    0.0    0.0    0.0    0.0    0.0    2.0    3.5    0.0    0.0    0.0    0.0    0.0    0.0    1.5   12.5
40171    0.0    0.0    0.0    0.0    0.5    0.0    0.0    0.0    0.0    0.0    0.0    0.0    0.0    0.0    0.0    0.0    0.0    0.0    0.0    0.0    0.0    3.0   14.5
40181    0.0    0.0    0.0    0.5    1.5    0.0    0.0    0.0    0.0    0.0    0.0    0.0    0.0    0.0    0.0    0.0    0.0    0.0    0.0    0.0    0.0    6.0   14.0
40191    0.0    0.0    0.0    0.5    1.5    0.0    0.0    0.0    0.0    0.0    0.0    0.0    0.0    0.0    0.0    0.0    0.0    0.0    0.0    0.0    0.0    6.0   14.0
40201    0.0    0.0    0.0    0.0    0.0    0.0    0.0    0.0    0.0    0.0    0.0    0.0    0.0    0.5    2.5    0.0    0.0    0.0    0.0    0.0    0.0   18.0   23.0
40211    0.0    0.0    0.0    0.0    0.0    0.0    0.0    0.0    0.0    0.0    0.0    0.0    0.0    1.5    0.0    0.0    0.0    0.0    0.0    0.0    0.5   39.0   59.5
40221    0.0    0.0    0.0    0.0    0.0    0.0    0.0    0.0    0.0    0.0    0.0    0.0    0.0    1.5    0.0    0.0    0.0    0.0    0.0    0.0    0.5   39.0   59.5
40231    0.0    0.0    0.0    0.0    0.0    0.0    0.0    0.0    0.0    0.0    0.0    0.0    0.0    1.5    0.0    0.0    0.0    0.0    0.0    0.0    0.5   39.0   59.5
40241    0.0    0.0    0.0    0.0    1.0    0.0    0.0    0.5    0.0    0.0    0.0    0.0    0.0   10.0    3.5   19.0    0.0    0.0    0.0    0.0    0.0   21.5    5.0
40251    0.0    0.0    0.0    0.0    0.0    0.0    0.0   18.0    0.0    0.0    0.0    0.5    5.0   16.0    9.0    1.5    0.0    0.0    0.0    0.0    1.0   34.5    6.5
40262    0.0    0.0    0.0    0.5    1.0    0.0    0.0   36.5    1.0    1.5    0.0   11.5    9.0    3.5    3.5    0.0    0.0    0.0    0.0    0.0    6.5   51.5    7.5
40271    0.0    0.0    0.0    0.5    1.0    0.0    0.0   36.5    1.0    1.5    0.0   11.5    9.0    3.5    3.5    0.0    0.0    0.0    0.0    0.0    6.5   51.5    7.5
40281    0.0    0.0    0.0    2.0    2.0    0.0    1.0   59.0    0.0    2.0    2.0    3.5    5.0    4.0    5.5    0.0    0.0    0.0    0.0    0.0    7.0   33.0    0.0
40291    0.0    0.0    0.0    0.0    0.0    0.0    0.0    0.0    0.0    0.0    0.0    0.0    3.0   13.5    0.0    0.0    0.0    0.0    0.0    0.0    0.0   35.0   77.5
40301    0.0    0.0    0.0    0.0    0.0    0.0    0.0    6.5    0.0    0.0    0.0    0.0    3.0   18.5    7.5    0.5    0.0    0.0    0.0    0.0    3.5   87.0   53.5
40311    1.5    0.0    0.0    0.0    0.0    0.0    0.0   27.5    1.0    0.0    1.0   27.5    6.5    0.0    0.0    0.0    0.0    0.0    0.0    2.0   15.0  115.0   17.5
40321    0.0    0.0    0.0    0.0    0.0    0.0    0.0   33.0    1.0    0.0    4.0   38.5    4.5    3.0    1.0    0.0    0.0    0.0    0.0    0.5   17.5  112.0   10.5
40331    0.0    0.0    0.0    0.5    1.0    0.0    0.0   36.5    1.0    1.5    0.0   11.5    9.0    3.5    3.5    0.0    0.0    0.0    0.0    0.0    6.5   51.5    7.5
40341    0.0    0.0    0.0    0.0    0.0    0.0    0.0   33.0    1.0    0.0    4.0   38.5    4.5    3.0    1.0    0.0    0.0    0.0    0.0    0.5   17.5  112.0   10.5
40351    3.5    0.0    0.0    0.0    0.0    0.0    0.0   13.5    1.5    0.0    1.5   10.5    1.5    0.0    0.0    0.0    0.0    0.0    0.0    2.5   26.0  112.5    9.5
40361    0.0    0.0    0.0    0.0    0.0    0.0    0.0   33.0    1.0    0.0    4.0   38.5    4.5    3.0    1.0    0.0    0.0    0.0    0.0    0.5   17.5  112.0   10.5
