2014071000+000HOUR     2014071009LST
STNID     6H    30H    54H    78H   102H   126H   150H   174H   198H   222H   246H   270H
STNID 071015 071115 071215 071315 071415 071515 071615 071715 071815 071915 072015 072115LST
47008   27.5   26.1   25.9   25.7   26.8   27.7   26.1   26.4   24.9   24.4   25.2   27.1
47035   31.8   32.9   29.6   29.3   28.3   26.7   25.9   28.9   26.9   31.5   30.1   27.2
47041   33.1   34.6   32.3   31.7   31.4   32.2   30.4   26.8   25.6   28.0   28.4   30.1
47058   30.4   30.9   30.3   29.1   31.7   32.4   28.6   25.5   26.9   29.6   27.3   28.6
47070   31.0   31.1   30.0   27.9   31.4   32.1   25.7   25.3   26.2   28.7   28.8   29.2
47090   31.0   32.5   31.2   29.0   30.9   27.0   30.7   24.6   26.5   25.5   25.5   27.1
47095   31.3   31.7   29.8   26.8   30.5   31.8   28.8   24.9   27.0   28.2   30.1   29.2
47098   34.2   32.6   31.5   28.2   32.2   33.4   28.2   27.1   26.9   30.1   30.6   29.4
47099   33.5   33.0   31.3   30.2   32.0   33.3   27.8   27.5   27.8   29.7   30.8   30.9
47100   26.3   27.1   26.8   24.8   25.7   25.1   24.7   22.6   24.1   21.7   24.0   23.1
47101   33.7   31.9   31.2   26.9   31.5   32.1   28.0   24.2   27.2   27.8   31.3   29.0
47104   29.5   32.6   31.7   30.1   31.0   27.3   30.0   25.4   30.0   25.6   26.6   25.8
47105   30.6   34.1   32.3   30.8   32.2   28.0   30.0   26.1   30.6   26.9   27.3   26.9
47106   29.0   33.3   30.8   29.4   29.2   27.1   29.5   25.5   29.8   24.8   26.7   28.1
47108   33.5   31.2   30.9   27.4   31.3   31.7   26.4   27.2   27.2   29.7   31.1   29.6
47112   30.3   27.2   27.3   26.6   28.6   28.9   23.0   25.0   25.9   26.6   28.2   29.2
47114   33.9   32.3   31.6   28.5   31.0   31.3   28.2   28.3   28.6   30.1   31.7   31.1
47115   28.0   28.2   27.4   26.1   28.2   24.5   27.0   24.3   27.2   24.5   22.6   23.8
47119   31.9   30.7   31.2   27.6   32.1   31.4   27.4   27.6   28.3   29.8   30.7   29.9
47121   33.6   31.4   32.0   29.5   31.8   29.4   28.5   27.4   28.7   27.8   29.4   31.0
47127   33.4   32.2   30.6   28.0   31.2   29.0   26.7   28.7   29.1   27.9   28.8   30.7
47129   29.9   29.6   29.1   25.7   30.4   29.4   25.0   28.5   27.7   27.4   29.6   28.5
47130   27.6   31.0   29.3   28.9   28.9   22.9   28.3   26.9   28.2   24.9   25.3   26.6
47131   32.9   33.1   30.9   28.3   31.2   29.1   28.7   30.4   29.6   27.9   29.8   31.5
47133   32.7   30.7   29.9   26.8   30.8   27.6   24.9   29.1   29.2   27.2   28.7   30.5
47135   31.5   29.6   28.6   28.1   27.7   26.6   26.8   28.4   27.9   27.1   26.6   27.0
47136   34.1   32.4   30.0   30.2   31.0   29.0   28.1   28.8   29.2   27.8   27.1   31.4
47137   32.9   31.6   29.6   28.9   29.3   25.7   26.5   29.0   28.6   28.1   27.5   29.6
47138   31.2   33.9   31.6   33.4   29.5   28.7   30.6   29.5   30.3   27.2   25.6   26.9
47140   21.7   29.3   27.3   26.0   27.6   27.0   25.6   28.9   28.2   28.9   26.4   28.8
47143   34.1   32.9   30.4   31.3   30.5   29.7   29.2   31.7   31.1   30.2   28.8   30.3
47146   32.1   31.3   28.7   28.3   30.3   28.8   30.0   31.3   30.5   29.0   30.0   31.2
47152   31.7   32.2   30.9   30.4   28.3   29.7   29.8   29.1   30.3   31.9   26.7   28.0
47155   32.4   29.4   29.6   29.0   26.7   28.0   28.1   28.1   29.0   30.3   27.4   27.6
47156   32.5   30.1   28.5   30.1   30.5   29.0   28.4   28.3   29.6   30.5   31.7   30.7
47159   30.3   28.5   27.1   27.5   25.0   27.1   27.1   27.4   27.9   28.6   27.3   28.2
47162   29.7   26.9   25.1   24.6   24.1   26.7   26.2   25.5   27.9   28.5   26.0   27.7
47165   28.6   27.7   25.8   26.4   28.2   27.7 -195.9   28.4   28.0   26.5   26.1   27.5
47168   30.6   29.2   25.7   24.1   24.8   27.7   25.4   27.4   27.5   28.5   26.2   27.4
47170   29.7   29.8   28.2   26.2   25.3   29.8   25.4   29.4   29.4   28.8   29.8   29.2
47172   28.9   29.3   27.8   28.5   27.9   28.3   28.2   28.4   29.2   29.1   29.2   29.5
47174   32.9   31.4   27.8   27.6   25.9   28.6   28.0   27.4   28.5   30.2   28.5   28.1
47176 -999.0 -999.0 -999.0 -999.0 -999.0 -999.0 -999.0 -999.0 -999.0 -999.0 -999.0 -999.0
47184   27.0   28.1   28.7   22.9   26.0   27.8   26.0   30.1   30.7   30.9   28.3   27.4
47185   23.2   24.9   25.1   25.4   25.4   25.1   27.3   28.5   28.0   27.2   29.2   27.2
47188   26.5   26.6   24.9   23.2   25.0   26.2   26.5   29.8   28.7   28.0   27.9   27.9
47189   29.9   27.2   25.4   24.2   25.6   26.9   27.1   29.0   28.7   30.1   28.7   29.0
47192   33.6   31.3   27.0   28.4   26.1   28.1   29.0   27.6   28.9   28.6   28.8   28.7
47203   34.5   33.2   31.3   28.2   31.3   32.0   26.1   28.7   27.6   27.6   30.4   30.7
47232   31.2   32.9   29.8   28.2   30.8   29.6   26.8   28.8   28.9   27.7   29.7   31.1
47235   30.1   29.6   27.6   25.4   26.9   29.2   24.9   28.1   27.4   27.6   27.1   27.3
47245   31.7   30.4   28.8   29.4   29.1   28.5   29.7   30.2   29.8   30.0   29.4   30.6
47247   32.0   30.8   28.6   27.2   27.4   28.2   29.6   28.9   28.8   30.9   30.3   29.1
47268   26.6   28.1   26.0   27.2   25.1   27.3   26.2   28.1   28.1   27.6   28.4   28.4
47279   33.0   31.2   30.5   28.6   29.5   28.2   28.0   29.3   30.0   28.4   28.4   29.9
47284   31.9   30.9   28.5   28.9   28.4   28.3   30.3   27.8   28.4   30.2   28.3   27.2
  887   31.6   31.2   29.1   26.6   30.5   28.6   25.0   30.0   29.0   26.7   29.2   31.1
47110   33.0   30.2   30.1   27.4   31.0   30.7   24.3   27.4   27.7   29.0   30.9   29.7
47113   29.5   27.6   27.2   26.5   28.1   27.6   24.0   26.0   26.1   27.0   27.1   28.1
47151   31.5   33.6   31.0   29.4   28.0   30.6   29.1   28.3   29.1   32.3   25.5   26.8
47153   31.7   30.3   27.9   26.6   25.6   28.3   26.8   26.7   27.9   29.5   27.0   27.1
47182   25.8   27.3   28.4   21.3   23.9   26.3   26.3   29.9   30.5   29.2   26.7   24.7
