2014071000+000HOUR     2014071009LST
STNID     6H    30H    54H    78H   102H   126H   150H   174H   198H   222H   246H   270H
STNID 071015 071115 071215 071315 071415 071515 071615 071715 071815 071915 072015 072115LST
47008   27.1   26.3   25.7   27.0   26.3   26.7   26.4   26.0   25.5   28.5   25.4   25.3
47035   31.8   29.5   29.6   30.7   30.3   29.8   28.6   29.5   27.4   30.7   29.2   28.3
47041   31.9   32.3   31.3   32.9   31.0   32.3   29.6   28.8   27.8   25.3   28.5   29.4
47058   33.0   28.7   29.7   31.3   32.1   33.5   32.9   27.0   27.7   28.5   28.0   28.3
47070   32.1   30.8   29.6   31.2   32.1   33.4   32.8   24.4   25.2   27.9   27.1   26.7
47090   29.3   30.6   31.1   30.8   28.9   28.4   28.0   25.1   25.1   24.9   29.3   27.4
47095   31.9   30.3   29.2   29.9   31.1   32.6   33.0   24.8   26.5   29.0   26.1   26.6
47098   34.2   32.0   31.4   32.0   33.1   33.8   33.7   23.9   28.1   30.3   27.2   26.1
47099   34.3   31.8   30.5   32.1   33.2   33.7   33.2   25.6   26.9   30.3   28.7   27.8
47100   25.0   24.7   25.3   24.8   26.4   28.4   26.3   28.9   23.8   25.7   24.3   23.4
47101   32.3   30.6   30.6   31.5   32.4   33.1   32.5   24.5   27.7   30.7   27.4   25.9
47104   28.6   30.2   30.3   30.6   29.0   29.3   29.1   24.9   26.4   28.9   27.6   27.7
47105   29.1   31.3   31.0   31.9   30.4   30.2   31.0   25.4   27.0   28.8   27.9   27.0
47106   29.8   31.9   31.2   30.2   28.7   29.3   29.2   25.9   26.5   27.7   28.4   27.0
47108   32.5   31.3   30.6   30.0   31.4   32.5   32.0   25.5   27.6   30.3   27.7   25.9
47112   30.0   28.4   27.2   27.3   28.7   30.3   29.0   23.3   26.0   29.0   26.8   25.1
47114   32.5   30.7   31.0   30.1   32.6   33.9   32.3   28.0   29.9   31.8   30.4   30.0
47115   27.0   28.7   26.3   27.3   28.2   25.6   26.4   26.6   24.5   26.6   28.4   27.3
47119   30.7   30.4   30.4   30.0   31.6   33.3   31.3   26.9   29.0   32.0   29.7   28.3
47121   32.8   29.9   30.9   30.3   33.1   34.1   32.8   26.0   28.3   32.1   29.0   28.5
47127   32.7   31.2   30.6   30.0   32.7   33.0   31.3   28.8   29.2   31.5   29.5   28.2
47129   26.6   28.7   28.9   27.8   30.5   30.3   27.3   27.0   27.6   29.9   27.3   26.6
47130   26.8   29.6   28.9   28.5   28.3   29.2   27.5   23.2   26.0   27.1   27.5   29.0
47131   31.9   32.2   30.4   30.2   32.7   33.4   30.5   28.6   29.2   32.3   29.7   29.3
47133   31.7   30.8   27.3   28.3   29.9   32.4   28.9   27.6   27.9   30.3   29.0   28.9
47135   31.2   29.9   27.6   27.9   28.9   30.3   28.7   27.6   27.7   28.3   28.2   27.4
47136   32.4   31.4   29.6   30.1   32.6   33.5   30.7   29.0   30.2   32.8   30.7   30.7
47137   32.4   31.3   29.0   30.0   31.3   30.9   28.9   28.3   28.6   30.4   28.7   29.4
47138   31.9   33.4   32.5   30.9   30.1   27.9   29.5   26.8   27.8   29.8   30.3   29.5
47140   28.3   28.2   26.7   26.9   28.6   28.9   28.1   27.4   28.9   31.4   30.2   29.0
47143   34.2   32.3   28.9   30.5   30.8   33.2   31.1   32.9   30.7   32.1   32.2   32.4
47146   31.9   30.4   28.5   30.0   29.4   33.3   31.3   29.6   31.0   33.4   31.5   30.2
47152   32.7   32.0   27.3   30.3   27.2   29.7   30.0   28.3   28.9   31.6   30.6   30.7
47155   33.0   29.6   27.2   28.4   25.5   30.3   28.5   29.4   30.7   31.6   29.9   31.7
47156   31.1   29.9   26.9   28.4   30.7   31.5   28.9   29.8   31.9   32.1   31.0   29.3
47159   30.7   28.8   24.7   27.4   24.2   29.1   27.3   28.2   30.1   29.2   28.3   30.5
47162   29.9   27.3   22.5   25.3   22.2   27.7   26.4   27.0   28.5   29.0   27.8   28.6
47165   27.4   27.5   25.7   26.5   26.8   29.8 -195.9   29.1   30.1   30.4   28.9   28.4
47168   30.2   29.6   22.7   25.5   23.1   29.2   25.4   28.0   28.6   28.7   27.8   28.1
47170   27.8   29.8   25.5   28.6   22.7   31.5   29.3   29.5   30.9   28.2   28.8   31.7
47172   27.6   28.3   25.9   26.8   28.3   30.2   27.4   29.0   31.6   32.0   30.4   28.4
47174   31.4   31.0   24.8   27.4   24.8   31.2   28.3   28.8   30.2   29.9   28.9   30.3
47176 -999.0 -999.0 -999.0 -999.0 -999.0 -999.0 -999.0 -999.0 -999.0 -999.0 -999.0 -999.0
47184   26.1   29.0   22.9   25.2   22.0   28.2   29.1   29.0   29.5   30.0   29.2   29.2
47185   22.7   24.5   24.6   25.6   21.1   25.5   26.0   28.7   29.6   29.3   28.9   29.4
47188   26.5   27.9   22.0   24.3   20.5   25.6   27.4   30.1   29.2   28.7   29.4   27.4
47189   29.4   27.5   23.8   25.5   22.9   26.7   27.8   29.3   28.3   29.2   28.9   27.6
47192   33.4   31.7   24.9   29.5   23.8   32.1   28.6   29.2   30.7   31.0   29.8   30.0
47203   32.6   31.7   31.4   30.0   32.3   33.6   31.1   27.5   27.7   31.9   28.6   27.4
47232   30.2   31.4   30.1   29.9   30.2   33.0   29.7   27.9   28.4   31.3   28.3   28.4
47235   28.4   29.1   25.7   25.1   23.4   30.4   28.8   26.3   27.0   30.7   28.1   26.8
47245   30.8   29.9   28.3   29.4   29.7   32.3   30.3   29.8   31.9   33.1   32.2   30.7
47247   30.8   30.3   27.0   28.7   27.7   31.4   28.7   28.4   30.1   31.5   31.1   31.0
47268   25.7   27.8   24.4   25.4   24.8   29.0   26.7   27.8   28.9   28.8   28.4   28.4
47279   32.5   31.2   28.1   30.2   30.4   32.2   30.2   29.3   29.4   31.1   30.8   30.5
47284   31.7   30.9   26.6   29.4   27.5   30.9   30.3   28.2   29.0   30.1   29.4   29.9
  887   30.5   31.1   29.1   29.1   27.8   31.1   28.7   28.6   27.2   30.6   28.0   28.3
47110   32.3   31.1   29.9   29.7   31.3   31.2   31.7   26.4   28.0   30.9   27.4   26.7
47113   29.4   28.3   26.9   27.6   28.4   29.3   30.4   24.6   25.2   28.3   26.5   24.8
47151   32.4   33.4   26.9   31.6   27.3   30.6   30.9   28.3   28.2   30.7   29.3   30.4
47153   32.0   30.6   25.0   28.4   23.5   29.7   26.7   28.0   30.2   30.5   29.5   30.6
47182   25.6   28.1   22.7   24.3   19.8   25.3   27.7   28.4   28.2   28.4   27.8   28.7
