2014071000+000HOUR     2014071009LST
STNID    21H    45H    69H    93H   117H   141H   165H   189H   213H   237H   261H   285H
STNID 071106 071206 071306 071406 071506 071606 071706 071806 071906 072006 072106 072206LST
47008   18.0   18.0   18.4   18.3   19.0   19.3   19.9   19.6   20.3   18.8   16.7   21.2
47035   19.9   19.0   19.2   19.8   21.0   21.1   20.9   23.1   22.0   23.1   23.2   22.4
47041   18.4   17.7   16.9   16.7   18.0   19.1    2.9   20.9   18.6   20.1   19.6   20.4
47058   20.2   20.4   20.2   20.3   21.0   22.1   21.2   22.8   23.1   24.1   22.8   23.9
47070   18.8   21.4   22.1   19.7   20.2   20.2   21.8   20.8   21.1   21.9   22.0   22.7
47090   21.2   24.7   23.6   22.5   22.5   23.7   23.6   25.2   24.3   22.0   21.1   22.7
47095   18.0   20.6   20.5   19.6   19.8   19.3   21.3   21.1   20.9   22.3   22.9   21.5
47098   19.1   21.4   21.3   20.6   19.3   20.4   23.3   22.2   21.9   22.8   22.4   22.6
47099   18.4   21.9   22.3   20.7   20.3   19.6   23.2   22.1   23.0   23.4   23.0   23.2
47100   15.9   18.7   17.7   17.6   16.7   17.2   17.6   19.5   19.3   19.1   18.8   19.7
47101   19.3   21.0   20.9   21.3   21.1   20.9   21.6   22.1   21.9   21.3   24.1   23.2
47104   21.7   22.1   20.8   22.6   22.1   23.9   23.2   23.7   23.1   22.1   20.2   22.7
47105   24.7   25.0   24.4   23.9   23.5   25.3   25.6   25.3   24.5   24.4   21.1   23.1
47106   21.5   23.2   22.7   22.8   22.6   23.0   24.0   24.5   21.6   22.2   20.7   22.6
47108   23.2   22.7   22.6   22.4   21.6   22.8   23.1   22.5   22.8   24.3   24.3   25.1
47112   20.8   22.5   22.4   21.8   22.3   21.8   24.6   22.5   23.3   23.6   23.6   23.9
47114   20.9   20.8   21.1   20.4   20.4   22.5   22.0   22.5   21.8   22.1   22.9   22.6
47115   21.8   24.0   23.4   23.0   23.1   23.2   24.4   23.4   22.8   22.1   20.8   20.8
47119   20.0   21.8   22.3   22.3   21.9   22.6   23.2   22.9   23.5   23.7   23.9   23.6
47121   19.6   19.3   19.9   19.2   20.2   18.9   20.6   21.2   21.5   21.9   22.0   22.5
47127  -39.1   20.8   21.3   22.4   20.5   21.4   23.1   21.7   23.4   23.3   23.7   23.4
47129   20.1   21.5   22.4   21.6   21.3   21.8   23.2   22.7   23.4   22.7   23.1   23.4
47130   20.1   22.8   20.7   22.6   21.8   21.7   23.8   23.7   20.3   22.3   20.2   21.7
47131   21.6   22.6   23.0   21.9   23.5   22.8   23.8   23.5   23.7   24.6   24.9   25.2
47133   22.3   21.7   22.5   22.9   19.2   22.7   20.9   21.8   21.0   24.3   24.5   23.9
47135   19.3   18.6   20.2   21.5   20.1   21.0   21.8   20.8   21.6   21.9   21.6   21.9
47136   21.2   21.3   22.1   22.3   21.7   22.8   22.6   22.3   23.1   24.1   23.0   23.4
47137   20.4   20.4   21.5   22.0   21.4   22.6   22.4   20.9   21.5   21.4   21.8   21.8
47138   24.3   24.3   24.3   25.3   24.3   26.2   25.3   25.7   25.3   25.3   22.3   24.8
47140   20.7   21.7   22.7   20.9   22.2   22.3   23.1   23.0   22.8   23.8   23.7   23.8
47143   24.1   22.9   23.9   23.0   24.7   24.5   24.6   23.9   24.3   24.9   22.9   24.8
47146   21.9   21.4   23.4   22.5   22.1   23.0   21.5   23.1   23.6   23.5   23.9   24.1
47152   22.9   22.3   23.0   20.7   23.4   23.6   24.0   23.4   23.6   23.3   22.1   23.3
47155   23.8   22.2   22.9   21.3   23.4   23.6   23.9   23.2   23.3   22.9   23.3   24.1
47156   22.5   21.5   23.8   21.3   23.3   23.0   23.8   24.1   24.0   25.0   25.9   25.4
47159   23.4   22.0   22.5   21.2   23.0   23.4   23.2   22.9   23.3   23.8   23.3   24.0
47162   21.3   20.6   22.5   20.2   22.1   22.3   23.3   22.3   22.8   22.9   23.3   23.3
47165   20.8   20.7   23.0   20.9   21.7   22.6   22.3   24.2   23.7   24.7   23.3   24.2
47168   23.2   22.0   23.7   21.2   23.1   23.8   23.9   22.9   23.6   23.9   23.8   24.4
47170   22.4   21.4   23.2   21.2   22.4   23.8   22.9   23.7   23.5   23.3   23.5   23.9
47172   20.0   19.8   23.0   22.3   19.8   23.9   23.1   24.0   24.4   24.7   23.9   25.4
47174   19.0   18.5   22.0   20.4   20.8   21.3   20.6   22.3   19.0   22.9   21.5   19.5
47176 -999.0 -999.0 -999.0 -999.0 -999.0 -999.0 -999.0 -999.0 -999.0 -999.0 -999.0 -999.0
47184   22.6   23.2   22.8   20.9   22.8   25.4   24.4   26.1   26.0   25.3   25.6   25.7
47185   21.4   21.6   22.5   21.2   22.3   23.7   23.9   24.6   25.5   25.5   25.4   25.1
47188   21.9   20.9   22.8   21.3   22.2   23.9   23.7   23.8   25.4   25.2   25.4   24.7
47189   23.3   22.7   22.8   22.2   23.2   24.3   24.7   25.7   25.9   26.2   25.8   25.9
47192   20.3   19.8   22.7   20.5   22.3   23.0   23.3   23.1   22.5   22.9   23.2   23.0
47203   18.8   20.4   21.1   20.6   20.5   21.5   21.4   22.1   21.4   23.2   23.2   21.9
47232   19.2   21.0   22.2   22.0   21.4   22.2   24.3   23.3   23.4   23.8   23.6   23.2
47235   21.3   22.0   23.2   22.4   21.4   21.0   23.1   20.8   24.5   23.7   23.4   24.2
47245   21.7   20.8   22.5   21.8   21.9   23.2   22.6   23.8   24.1   24.6   23.9   25.0
47247   20.6   19.1   21.7   20.5   21.1   22.1   22.7   23.0   22.9   23.6   24.5   23.5
47268   21.2   20.5   22.8   21.5   22.9   23.5   23.5   24.8   25.5   25.6   24.0   24.7
47279   20.9   19.8   21.4   22.0   21.8   22.7   22.7   22.5   23.0   23.7   23.0   22.9
47284   17.3   17.0   20.6   19.9   20.6   20.5   20.8   21.5   21.9   21.9   21.6   21.6
  887   20.1   19.5   21.5   21.7   19.4   20.6   23.0   22.4   22.1   22.1   24.1   23.3
47110   19.0   22.3   22.7   22.2   20.9   21.2   22.9   21.8   22.7   22.9   22.8   22.0
47113   20.1   22.2   22.3   23.0   22.2   21.1   22.8   22.9   23.0   24.0   22.6   22.7
47151   21.1   19.5   22.2   19.5   21.4   22.1   22.0   21.3   20.9   21.6   21.6   22.7
47153   23.6   22.2   22.9   20.9   22.6   22.6   23.5   23.2   22.7   22.8   23.1   23.3
47182   22.5   21.5   22.2   22.6   21.4   24.1   23.7   25.6   24.6   25.2   24.4   22.9
