2014071000+000HOUR     2014071009LST
STNID     6H    30H    54H    78H   102H   126H   150H   174H   198H   222H   246H   270H
STNID 071015 071115 071215 071315 071415 071515 071615 071715 071815 071915 072015 072115LST
47008   25.9   26.1   28.6   26.0   26.6   27.4   27.1   28.6   24.2   26.3   25.7   29.0
47035   31.3   31.0   28.2   28.0   29.5   26.9   27.5   28.9   27.1   29.6   25.9   29.5
47041   32.7   33.4   33.7   29.0   30.7   33.0   32.3   30.1   30.2   31.5   30.5   32.9
47058   28.7   30.5   29.9   25.9   29.0   31.9   31.2   28.8   27.5   30.1   29.6   31.5
47070   30.1   31.4   30.0   24.5   29.2   30.5   29.1   24.9   25.2   25.5   27.1   27.4
47090   29.0   30.2   31.8   28.6   29.5   30.5   29.6   30.3   30.8   30.1   31.7   33.2
47095   31.1   31.2   30.1   26.2   28.6   30.5   29.2   27.7   28.0   27.2   29.4   29.4
47098   33.2   31.9   31.6   26.4   30.2   31.9   30.9   25.6   28.3   27.3   29.8   29.9
47099   32.7   32.8   31.6   25.6   30.7   31.4   30.5   27.0   27.6   27.4   29.0   29.4
47100   24.6   25.4   25.3   23.2   25.0   25.9   26.6   26.4   25.5   25.9   27.7   29.4
47101   32.6   31.2   31.3   27.2   30.1   30.7   30.8   26.6   27.2   28.2   29.6   30.3
47104   28.0   31.0   30.1   30.6   30.2   30.8   27.2   28.9   30.5   30.2   32.0   33.4
47105   28.6   31.3   31.0   30.8   31.4   31.4   30.1   29.0   31.0   30.4   33.1   34.4
47106   28.4   30.1   29.4   27.1   27.2   29.8   29.2   29.3   30.0   29.6   31.3   35.1
47108   32.2   31.1   30.4   26.9   29.3   30.1   30.1   26.1   27.3   27.7   29.9   30.8
47112   29.8   26.5   27.4   24.0   26.1   27.7   26.6   24.6   25.7   26.1   27.1   28.4
47114   32.5   30.8   31.2   28.2   29.8   31.0   31.0   26.9   28.6   30.7   31.4   33.1
47115   26.6   27.9   27.5   25.8   26.4   27.2   29.0   26.2   26.2   28.4   31.4   32.3
47119   31.9   30.2   30.1   27.3   29.2   30.9   30.3   26.6   27.7   27.4   28.2   30.9
47121   32.7   30.6   31.5   27.9   30.4   30.7   31.9   26.4   28.6   30.5   32.8   34.2
47127   32.8   31.3   31.0   25.7   29.9   30.8   29.8   26.9   29.4   29.3   31.1   34.7
47129   28.7   28.6   28.6   26.3   28.4   29.2   29.6   26.8   25.8   28.6   29.2   30.7
47130   26.1   30.1   29.7   25.7   29.0   28.8   29.5   25.1   29.8   29.9   32.2   33.8
47131   32.1   31.6   31.8   25.4   29.7   29.8   30.3   28.8   30.7   29.1   31.7   35.2
47133   31.8   29.3   31.0   24.8   30.5   27.9   28.8   27.8   30.3   29.5   31.1   33.7
47135   31.4   28.4   29.7   22.9   28.6   28.0   28.5   27.3   30.4   29.5   31.3   34.1
47136   33.1   31.4   30.7   24.7   30.4   31.1   31.8   27.4   30.7   32.4   34.5   36.2
47137   32.7   30.5   31.6   22.9   29.1   28.3   30.1   26.6   29.8   30.0   32.0   35.8
47138   29.6   31.7   32.7   22.3   30.3   28.7   32.1   27.7   33.7   32.4   35.4   37.1
47140  -19.8   27.0   27.8   25.5   27.0   25.7   28.9   28.0   27.6   28.1   30.1   32.2
47143   33.7   30.5   31.7   24.8   31.5   30.5   31.9   30.1   32.7   32.9   35.5   36.9
47146   31.8   28.3   30.5   26.2   29.7   28.9   30.1   30.7   29.4   31.5   33.2   36.8
47152   29.9   29.6   31.3   24.0   30.3   30.1   31.7   28.2   31.1   33.3   36.1   37.0
47155   32.5   27.7   30.7   24.6   29.6   28.6   28.9   27.7   28.9   31.2   34.6   35.0
47156   32.0   27.1   30.3   25.3   30.3   26.9   30.8   28.6   29.1   31.6   33.8   35.4
47159   29.7   27.1   28.4   24.3   27.6   28.2   27.9   26.9   27.6   30.7   33.1   33.5
47162   30.0   24.2   26.6   23.5   26.7   25.3   27.0   25.0   26.8   29.7   31.1   32.1
47165   28.2   25.0   28.9   25.3   27.1   25.2 -195.9   27.8   26.9   31.2   30.9   32.4
47168   30.8   26.6   26.5   24.3   26.6   26.6   27.9   26.3   26.5   29.5   31.1   32.5
47170   29.2   26.7   29.7   26.0   29.7   27.5   28.5   28.2   30.1   38.7   34.8   38.7
47172   28.6   26.0   29.2   28.3   28.1   26.5   29.6   27.4   28.2   29.6   30.7   33.3
47174   32.6   27.3   30.5   24.7   28.9   28.3   28.8   27.1   27.3   31.8   33.7   36.0
47176 -999.0 -999.0 -999.0 -999.0 -999.0 -999.0 -999.0 -999.0 -999.0 -999.0 -999.0 -999.0
47184   26.6   26.9   29.2   26.5   25.6   27.4   29.6   30.5   30.9   31.6   32.4   32.4
47185   23.0   23.9   26.9   24.2   25.2   24.5   27.6   26.6   28.9   29.7   29.6   29.9
47188   26.8   27.3   27.5   25.3   25.4   23.6   26.9   30.7   29.5   29.3   30.7   31.9
47189   29.5   27.0   27.3   24.8   25.9   25.6   27.9   28.1   28.8   30.3   30.8   31.8
47192   33.5   27.8   31.0   24.3   29.3   29.4   29.0   27.1   28.7   32.1   33.9   35.8
47203   33.4   32.0   31.3   25.8   29.6   31.0   30.9   25.5   30.1   27.9   30.3   33.2
47232   31.5   31.3   30.9   26.3   29.4   30.3   30.7   28.6   31.1   29.5   31.2   33.8
47235   29.0   27.4   27.9   26.3   25.4   26.4   28.7   27.4   25.9   26.9   27.7   29.3
47245   30.9   27.8   30.7   25.7   29.3   28.6   30.3   29.9   28.6   31.6   33.5   36.6
47247   31.5   27.5   30.9   25.6   28.6   28.4   29.2   27.3   27.8   30.8   33.2   35.5
47268   26.6   25.5   27.9   25.8   27.3   25.5   26.1   28.3   29.0   29.9   30.9   32.7
47279   32.8   29.8   31.3   23.8   30.1   29.3   31.0   28.2   30.9   31.3   33.5   35.0
47284   31.9   28.2   30.7   24.3   29.5   28.7   29.6   26.8   29.0   30.9   33.0   34.5
  887   31.0   30.5   31.1   25.7   28.4   29.5   29.8   25.5   29.0   28.6   30.2   32.2
47110   32.0   30.4   29.7   26.8   28.5   29.8   29.1   25.9   27.8   27.6   28.5   28.7
47113   29.0   27.0   27.0   24.6   26.1   27.7   27.0   25.3   26.9   26.6   27.7   29.3
47151   30.6   31.2   32.0   24.4   29.9   30.3   31.9   27.4   29.3   33.8   36.8   37.2
47153   31.7   28.3   29.3   24.3   28.2   27.2   28.2   26.5   27.5   30.9   34.0   33.3
47182   26.1   25.8   28.6   26.5   25.1   25.0   28.6   30.3   30.9   31.8   31.9   31.4
