2014071000+000HOUR     2014071009LST
STNID    15H    27H    39H    51H    63H    75H    87H    99H   111H   123H   135H   147H   159H   171H   183H   195H   207H   219H   231H   243H   255H   267H   279H
STNID 071100 071112 071200 071212 071300 071312 071400 071412 071500 071512 071600 071612 071700 071712 071800 071812 071900 071912 072000 072012 072100 072112 072200LST
47003    0.0    0.0    0.0    1.5    2.0    0.0    0.0    0.0    0.0    0.0    0.0    0.0    0.0   11.0    3.0    2.0    3.0    0.0    0.0    3.0    6.5    9.5    1.0
47005    0.0    0.0    2.5    1.0    0.0    0.0    1.5    0.0    1.0    0.0    0.5    5.0    7.5    2.5    1.0    1.0    0.0    0.0    5.0   11.0    2.0    3.5    1.0
47008    1.0    1.5    0.5    0.0    0.0    0.0    0.0    0.0    0.0    0.0    0.0    0.0    0.0    3.0    0.0    0.0    0.0    0.0    0.0    5.0    1.0   10.0    0.0
47014    0.0    0.5    6.0    2.0    6.5    0.0    3.5    0.5    1.0    0.0    2.5    4.0    7.0    8.5    1.0    1.5    0.0    0.0    7.5    4.5    3.5    3.5    1.0
47016    0.0    0.0    1.5    0.0    0.0    0.0    0.0    0.0    0.0    0.0    0.0    3.0    0.5    0.0    0.0    0.0    0.0    0.0    3.0    5.5    0.0    0.0    1.5
47020    0.0    0.0   10.0    0.5    8.5    0.0    2.0    0.0    0.0    0.0    1.5    3.0    7.0    1.5    2.0    1.0    0.0    0.0    2.5    4.0    2.5    0.5    2.0
47022    0.0    0.0    0.0    0.0    0.0    0.0    0.0    0.0    0.0    0.0    0.0    0.5    1.0    0.0    1.0    0.0    0.0    0.0    0.0    3.5    0.0    0.0    6.0
47025    0.0    0.0    0.0    0.0    0.0    0.0    0.0    0.0    0.0    0.0    0.0    0.0    0.0    0.0    0.0    0.0    0.0    0.0    0.0   10.5    1.0    3.0    0.0
47028    0.0    0.0    3.0    0.0    0.0    0.0    4.0    0.0    0.5    0.0    0.0    0.0    0.0    8.0    0.0    1.0    0.5    1.0    2.5    4.5    1.0    0.5   26.5
47031    0.0    0.0    2.5    0.0    0.5    0.0    0.0    0.0    0.0    0.0    3.0    2.0    0.0    0.0    0.0    0.0    0.0    0.0    0.0    2.0    0.5    0.0    3.0
47035    0.0    0.0    2.5    0.0    0.0    0.0    0.0    0.0    2.0    0.0    0.0    0.0    0.0    5.5    0.0    0.0    1.5    0.0    2.0    5.5    0.0    0.5   37.5
47037    0.0    0.0    3.5    0.0    1.0    0.0    1.5    0.0    0.0    0.0    0.0    0.0    0.0    3.5    0.0    1.0    0.0    0.0    3.5    4.0    0.5    0.0   20.0
47039    0.0    0.0    2.5    0.0    3.0    0.0    2.0    0.0    0.0    0.0    0.0    0.0    1.5    2.5    0.0    0.5    0.0    0.0    4.5    2.0    1.5    0.0   17.5
47041    0.0    0.0    0.0    0.0    0.0    0.0    0.0    0.0    0.0    0.0    0.0    0.0    0.0    0.0    0.0    0.0    1.5    0.0    0.5    4.0    0.0    0.0    8.0
47046    0.0    0.0    0.0    0.0    0.0    0.0    0.0    0.0    0.0    0.0    1.0    0.0    1.0    0.0    0.0    0.0    0.5    0.0    0.0    7.5    0.5    0.0    7.0
47050    0.0    0.0    0.0    0.0    0.0    0.0    0.0    0.0    0.0    0.0    0.0    0.0    0.0    0.0    0.0    0.0    0.5    0.0    5.0    1.0    0.0    0.5   17.5
47052    0.0    0.0    0.0    0.0    0.0    0.0    0.0    0.0    0.0    0.0    0.0    0.0    0.0    0.0    0.0    0.0    0.0    0.0    0.0    0.5    0.0    0.0    6.5
47055    0.0    0.0    0.0    0.0    0.0    0.0    0.0    0.0    0.0    0.0    0.0    0.0    0.0    0.0    0.0    0.0    0.0    0.0    0.0    3.5    1.5    0.0    7.0
47058    0.0    0.0    0.0    0.0    0.0    0.0    0.0    1.0    0.0    0.0    0.0    0.0    0.0    0.0    0.0    0.0    0.0    0.0    0.0    1.0    1.0    0.5    6.5
47060    0.0    0.0    0.0    0.0    0.0    0.0    0.0    0.0    0.0    0.0    0.0    0.0    0.0    0.0    0.0    0.0    0.0    0.0    0.0    1.0    0.0    3.0    2.0
47061    0.0    0.0    0.0    0.0    0.0    0.0    0.0    0.0    0.0    0.0    0.0    0.0    0.0    0.0    0.0    0.0    0.0    0.0    0.0    0.0    2.0    0.0    4.0
47065    0.0    0.0    0.0    0.0    0.0    0.0    0.0    0.5    0.0    0.0    0.0    0.0    0.0    0.0    0.0    0.0    0.0    0.0    0.0    1.5    0.5    2.0    1.0
47067    0.0    0.0    0.0    0.0    0.0    0.0    0.0    1.0    0.0    0.0    0.0    0.0    0.0    0.0    0.0    0.0    0.0    0.0    0.0    1.0    0.0    0.0    3.0
47068    0.0    0.0    0.0    0.0    0.0    0.0    0.0    0.0    0.0    0.0    0.0    0.0    0.0    0.0    0.0    0.0    0.0    0.0    0.0    0.0    0.0    0.0    0.0
47069    0.0    0.0    0.0    0.0    0.0    0.0    0.0    0.0    0.5    0.0    0.0    0.0    0.0    0.0    0.0    0.0    0.0    0.0    0.0    0.0    0.0    0.0    0.0
47070    0.0    0.0    0.0    0.0    0.0    0.0    0.0    0.0    1.0    0.0    0.0    0.0    0.0    0.0    0.0    0.0    0.0    0.0    0.0    0.0    0.0    0.0    0.0
47075    0.0    0.0    0.0    0.0    0.0    0.0    0.0    1.0    0.0    0.0    0.0    0.0    0.0    0.0    0.0    0.0    0.0    0.0    0.0    0.0    0.0    0.0    0.0
47090    0.0    0.0    0.0    0.0    0.0    0.0    0.0    0.0    0.0    0.0    0.0    0.0    0.0    0.0    0.0    0.0    0.0    0.0    0.0    0.0    0.5    0.0    3.5
47095    0.0    0.0    0.0    0.0    0.0    0.0    0.0    1.0    0.0    0.0    0.0    0.0    0.0    0.0    0.0    0.0    0.0    0.0    0.0    0.0    0.0    0.0    0.0
47098    0.0    0.0    0.0    0.0    0.0    0.0    0.0    2.0    1.5    0.0    0.0    0.0    0.0    0.0    0.0    1.0    0.0    0.0    0.0    0.0    0.0    0.5    0.0
47099    0.0    0.0    0.0    0.0    0.0    0.0    0.0    0.0    1.0    0.0    0.0    0.0    0.0    0.0    0.0    0.0    0.0    0.0    0.0    0.0    0.0    0.0    0.0
47100    0.0    0.0    0.0    0.0    0.0    0.0    0.0    0.0    0.0    0.0    0.0    0.0    0.0    0.0    3.5    0.0    2.0    0.0    0.0    0.0    0.0    0.0    0.0
47101    1.0    0.0    0.0    0.0    0.0    0.0    0.0    1.5    0.5    0.0    0.0    0.0    0.0    0.0    0.0    0.0    0.0    0.0    0.0    0.0    0.0    1.0    0.0
47104    0.0    0.0    0.0    0.0    0.0    0.0    0.0    0.0    0.0    0.0    0.0    0.0    0.0    0.0    1.0    0.0    1.5    0.0    0.0    0.0    1.5    2.0    4.0
47105    0.0    0.0    0.0    0.0    0.0    0.0    0.0    0.0    0.0    0.0    0.0    0.0    0.0    0.0    1.0    0.0    1.5    0.0    0.0    0.0    1.5    2.0    4.0
47106    0.0    0.0    0.0    0.0    0.0    0.0    0.0    0.0    0.0    0.0    0.0    0.0    0.0    0.0    0.0    0.0    0.0    0.0    0.0    0.0    0.0    0.0    0.0
47108    0.0    0.0    0.0    0.0    0.0    0.0    0.0    1.0    0.0    0.0    0.0    0.0    0.0    0.5    0.0    1.0    0.0    0.0    0.0    0.0    0.0    0.0    0.0
47112    0.0    0.0    0.0    0.0    0.0    0.0    0.0    0.0    0.0    0.0    0.0    0.0    0.0    0.5    0.0    0.5    0.0    0.0    0.0    0.0    0.0    0.0    0.0
47114    1.5    0.0    0.0    0.0    0.0    0.0    0.0    2.0    0.0    0.0    0.0    0.0    0.0    0.5    1.0    1.5    0.0    0.0    0.0    0.0    0.0    0.0    0.0
47115    0.0    0.0    0.0    0.0    0.0    0.0    0.0    0.5    0.0    0.0    0.0    0.0    0.0    0.0    0.0    0.0    0.0    0.0    0.0    0.0    0.0    1.5    0.5
47119    0.0    0.0    0.0    0.0    0.0    0.0    0.0    0.0    0.0    0.0    0.0    0.0    0.0    1.5    0.0    1.0    0.0    0.0    0.0    0.0    0.0    0.0    0.0
47121    2.0    0.0    0.0    0.0    0.0    0.0    0.0    0.5    0.0    0.0    0.0    0.0    0.0    1.0    1.0    0.0    0.0    0.0    0.0    0.0    0.0    0.0    0.0
47127    1.0    0.0    0.0    0.0    0.0    0.0    1.0    1.5    0.0    0.0    0.0    0.0    0.0    1.5    0.5    1.0    0.0    0.0    0.0    0.0    0.0    0.0    0.0
47129    0.0    0.0    0.0    0.0    0.0    0.0    1.5    0.0    0.0    0.0    0.0    0.0    0.5    1.5    0.0    0.0    0.0    0.0    0.0    0.0    0.0    0.0    0.0
47130    0.0    0.0    0.0    0.0    0.0    0.0    0.5    0.0    0.0    0.0    0.0    0.0    0.0    0.5    2.0    0.0    1.0    0.0    0.0    0.0    0.0    0.0    0.0
47131    1.0    0.0    0.0    0.0    0.0    0.0    3.0    0.5    0.0    0.0    0.0    0.0    0.0    5.0    0.0    1.0    0.0    0.0    0.0    0.0    0.0    0.0    0.0
47133    0.0    0.0    0.0    0.0    0.0    0.0    6.0    1.5    0.0    0.0    0.0    0.0    7.5    4.0    0.0    0.5    0.0    0.0    0.0    0.0    0.0    0.0    0.0
47135    0.5    0.0    0.0    0.0    0.0    0.0    7.0    5.5    0.0    0.0    0.0    0.0    8.5   12.5    0.0    0.0    0.0    0.0    2.0    0.0    0.0    0.0    0.0
47136    0.5    0.0    0.0    0.0    0.0    0.0    3.0    1.5    0.0    0.0    0.0    0.0    1.5    1.0    0.5    0.0    0.0    0.0    1.0    0.0    0.0    0.0    0.0
47137    0.5    0.0    0.0    0.0    0.0    0.0    7.0    5.5    0.0    0.0    0.0    0.0    8.5   12.5    0.0    0.0    0.0    0.0    2.0    0.0    0.0    0.0    0.0
47138    5.0    0.0    0.0    0.5    0.0    0.0    9.5   34.0    0.0    0.0    0.0    0.0    4.0    4.5    1.0    0.0    0.0    0.0    0.0    0.0    0.0    0.0    0.0
47140    0.0    0.0    0.0    0.0    0.0    0.0   13.5    3.5    0.0    0.0    0.0    0.0   23.5    4.0    0.0    1.0    0.0    0.0    0.0    0.0    0.0    0.0    0.0
47143    1.5    0.0    0.0    0.0    0.0    0.0   10.5   22.0    0.0    0.0    0.0    0.0   11.0    3.0    0.0    0.0    0.0    0.0    0.5    0.0    0.0    0.0    0.0
47146    0.0    0.0    0.0    0.0    0.0    0.0   12.0    6.0    0.0    0.0    0.0    0.0   23.5    3.0    0.0    1.0    0.0    0.0    0.0    0.0    0.0    0.0    0.0
47152    5.5    0.0    0.0    0.0    0.0    0.0   13.0   34.5    0.0    0.0    0.0    0.0    1.5    1.5    0.5    0.0    0.0    0.0    0.0    0.0    0.5    0.0    0.0
47155    0.0    0.0    0.0    0.0    0.0    3.0   33.0   40.5    0.0    0.0    0.0    0.0    1.0    0.0    0.5    0.0    0.0    0.0    0.0    0.0    0.0    0.0    0.0
47156    1.0    0.0    0.0    0.0    1.0    1.5   17.0   25.5    0.0    0.0    0.0    2.0   21.0    3.5    0.0    0.0    0.0    0.0    0.0    0.0    0.0    0.0    0.0
47159    0.0    0.0    0.0    0.0    0.0    3.0   33.0   40.5    0.0    0.0    0.0    0.0    1.0    0.0    0.5    0.0    0.0    0.0    0.0    0.0    0.0    0.0    0.0
47162    1.0    0.0    0.0    0.0    0.0    7.0   33.0   64.0    0.0    0.0    0.0    0.0    2.0    0.5    0.5    0.0    0.0    0.0    0.5    0.0    0.0    0.0    0.0
47165    0.0    0.0    0.0    0.0    0.0    6.5   28.5   29.5    0.0    0.0    0.0    3.0   14.5    2.5    0.0    0.0    0.0    0.0    0.0    0.0    0.0    0.0    0.0
47168    1.0    0.0    0.0    0.0    0.0    9.0   38.5   55.5    0.0    0.0    0.0    0.0    3.0    2.0    0.5    0.0    0.0    0.0    1.0    0.0    0.0    0.0    0.0
47169    0.0    1.0    0.0    1.5    0.5   11.5   32.5   33.5    0.0    0.0    0.0    9.5   17.5    0.5    0.0    0.0    0.0    0.0    0.0    0.0    0.0    0.0    0.0
47170    0.0    0.0    0.0    1.0    0.0    8.5   30.5   46.5    0.0    0.0    0.0    1.0    8.0    2.5    0.0    0.0    0.0    0.0    0.0    0.0    0.0    0.0    0.0
47172    0.0    0.0    0.0    0.0    0.5    1.0   23.0   20.0    0.0    0.0    0.0    1.0   11.5    3.0    0.0    0.0    0.0    0.0    0.0    0.0    0.0    0.0    0.0
47174    0.5    0.0    0.0    0.0    1.0    6.0   31.0   35.5    0.0    0.0    0.0    1.0   18.5    3.0    0.5    0.0    0.0    0.0    0.0    0.0    0.0    0.0    0.0
47184    0.0    0.0    0.0    0.0    8.0   20.0    0.5    2.5   18.5   12.5    6.0    4.0    0.0    0.0    4.0    0.0    0.0    0.0    0.0    0.0    0.0    0.0    0.0
47185    0.0    0.0    0.0    0.0    0.0   33.0    2.0   11.5    7.0    5.0    0.0    8.0    0.0    0.0    0.0    0.0    0.0    0.0    0.0    0.0    0.0    0.0    0.0
47188    0.0    0.0    0.0    0.0    0.0   14.0    0.5    0.0   12.0   18.0    0.0    0.5    0.0    0.0    0.0    0.0    0.0    0.0    0.0    0.0    0.0    0.0    0.0
47189    0.0    0.0    0.0    0.0    8.0   20.0    0.5    2.5   18.5   12.5    6.0    4.0    0.0    0.0    4.0    0.0    0.0    0.0    0.0    0.0    0.0    0.0    0.0
47192    0.0    0.0    0.0    0.0    0.0    3.0   28.0   42.5    0.0    0.0    0.0    0.0    2.0    1.0    0.0    0.0    0.0    0.0    1.5    0.0    0.0    0.0    0.0
47201    0.0    0.0    0.0    0.0    0.0    0.0    0.0    0.0    1.0    0.0    0.0    0.0    0.0    0.0    0.0    0.0    0.0    0.0    0.0    0.0    0.0    0.0    0.0
47202    1.5    0.0    0.0    0.0    0.0    0.0    0.0    2.0    0.0    0.0    0.0    0.0    0.0    0.5    1.0    1.5    0.0    0.0    0.0    0.0    0.0    0.0    0.0
47203    1.0    0.0    0.0    0.0    0.0    0.0    1.0    1.5    0.0    0.0    0.0    0.0    0.0    1.5    0.5    1.0    0.0    0.0    0.0    0.0    0.0    0.0    0.0
47211    3.5    0.0    0.0    0.0    0.0    0.0    0.0    0.0    0.0    0.0    0.0    0.0    0.0    0.0    0.0    0.0    1.0    0.0    0.0    0.0    0.0    9.5    1.5
47212    1.5    0.0    0.0    0.0    0.0    0.0    0.0    2.0    0.0    0.0    0.0    0.0    0.0    0.5    1.0    1.5    0.0    0.0    0.0    0.0    0.0    0.0    0.0
47216    1.0    0.0    0.0    0.0    0.0    0.0    0.0    0.0    0.0    0.0    0.0    0.0    0.0    0.5    2.0    0.0    1.5    0.0    1.0    0.0    0.0    0.0    0.0
47221    2.0    0.0    0.0    0.0    0.0    0.0    0.0    0.5    0.0    0.0    0.0    0.0    0.0    1.0    1.0    0.0    0.0    0.0    0.0    0.0    0.0    0.0    0.0
47226    1.0    0.0    0.0    0.0    0.0    0.0    6.5    3.0    0.0    0.0    0.0    0.0    7.5    5.5    0.0    0.5    0.0    0.0    0.0    0.0    0.0    0.0    0.0
47232    1.5    0.0    0.0    0.0    0.0    0.0    4.0    0.0    0.0    0.0    0.0    0.0    0.0    3.0    0.0    0.5    0.0    0.0    0.0    0.0    0.0    0.0    0.0
47235    0.0    0.0    0.0    0.0    0.0    0.0    3.5    1.0    0.0    0.0    0.0    0.0    2.5    1.5    0.0    0.5    0.0    0.0    0.0    0.0    0.0    0.0    0.0
47236    0.0    0.0    0.0    0.0    0.0    0.0    6.0    1.5    0.0    0.0    0.0    0.0    7.5    4.0    0.0    0.5    0.0    0.0    0.0    0.0    0.0    0.0    0.0
47238    1.5    0.0    0.0    0.0    0.0    0.0   14.0   10.5    0.0    0.0    0.0    0.0   23.5    2.0    0.0    0.5    0.0    0.0    0.0    0.0    0.0    0.0    0.0
47243    0.0    0.0    0.5    0.5    0.0    0.0   20.5   13.0    0.0    0.0    0.0    0.5   39.0    2.5    0.0    1.0    0.0    0.0    0.0    0.0    0.0    0.0    0.0
47244    1.0    0.0    0.0    0.0    0.0    0.0   17.0   16.0    0.0    0.0    0.0    0.0   19.0    3.0    0.0    1.0    0.0    0.0    0.0    0.0    0.0    0.0    0.0
47245    1.0    0.0    0.0    0.0    0.0    0.0   17.0   16.0    0.0    0.0    0.0    0.0   19.0    3.0    0.0    1.0    0.0    0.0    0.0    0.0    0.0    0.0    0.0
47247    1.0    0.0    0.0    0.0    1.0    1.5   17.0   25.5    0.0    0.0    0.0    2.0   21.0    3.5    0.0    0.0    0.0    0.0    0.0    0.0    0.0    0.0    0.0
47248    3.5    0.0    0.0    0.0    0.0    0.0   11.0   24.0    0.0    0.0    0.0    0.0   11.0    1.0    0.0    0.0    0.0    0.0    0.0    0.0    0.0    0.0    0.0
47251    0.0    0.0    0.0    0.0    0.5    1.0   23.0   20.0    0.0    0.0    0.0    1.0   11.5    3.0    0.0    0.0    0.0    0.0    0.0    0.0    0.0    0.0    0.0
47252    0.0    0.0    0.0    0.0    0.5    1.0   23.0   20.0    0.0    0.0    0.0    1.0   11.5    3.0    0.0    0.0    0.0    0.0    0.0    0.0    0.0    0.0    0.0
47253    0.0    0.0    0.0    0.0    0.0    3.0   33.0   40.5    0.0    0.0    0.0    0.0    1.0    0.0    0.5    0.0    0.0    0.0    0.0    0.0    0.0    0.0    0.0
47254    1.0    0.0    0.0    0.0    1.0    1.5   17.0   25.5    0.0    0.0    0.0    2.0   21.0    3.5    0.0    0.0    0.0    0.0    0.0    0.0    0.0    0.0    0.0
47255    0.0    0.0    0.0    0.0    0.0    3.0   33.0   40.5    0.0    0.0    0.0    0.0    1.0    0.0    0.5    0.0    0.0    0.0    0.0    0.0    0.0    0.0    0.0
47256    1.0    0.0    0.0    0.0    1.0    1.5   17.0   25.5    0.0    0.0    0.0    2.0   21.0    3.5    0.0    0.0    0.0    0.0    0.0    0.0    0.0    0.0    0.0
47257    0.0    0.0    0.0    0.0    0.0    3.0   33.0   40.5    0.0    0.0    0.0    0.0    1.0    0.0    0.5    0.0    0.0    0.0    0.0    0.0    0.0    0.0    0.0
47259    0.0    0.0    0.0    1.0    0.0    8.5   30.5   46.5    0.0    0.0    0.0    1.0    8.0    2.5    0.0    0.0    0.0    0.0    0.0    0.0    0.0    0.0    0.0
47260    0.5    0.0    0.0    0.0    1.0    6.0   31.0   35.5    0.0    0.0    0.0    1.0   18.5    3.0    0.5    0.0    0.0    0.0    0.0    0.0    0.0    0.0    0.0
47261    0.0    0.0    0.0    1.0    0.0    8.5   30.5   46.5    0.0    0.0    0.0    1.0    8.0    2.5    0.0    0.0    0.0    0.0    0.0    0.0    0.0    0.0    0.0
47262    1.0    0.0    0.0    0.0    0.0   14.0   23.5   45.0    0.0    0.0    0.0    2.5    2.5    1.5    0.5    0.0    0.0    0.0    0.0    0.0    0.0    0.0    0.0
47263    0.0    0.0    0.0    0.0    0.0    3.0   28.0   42.5    0.0    0.0    0.0    0.0    2.0    1.0    0.0    0.0    0.0    0.0    1.5    0.0    0.0    0.0    0.0
47264    3.5    0.0    0.0    0.0    0.0    0.0   11.0   24.0    0.0    0.0    0.0    0.0   11.0    1.0    0.0    0.0    0.0    0.0    0.0    0.0    0.0    0.0    0.0
47266    1.0    0.0    0.0    0.0    0.0    9.0   38.5   55.5    0.0    0.0    0.0    0.0    3.0    2.0    0.5    0.0    0.0    0.0    1.0    0.0    0.0    0.0    0.0
47268    0.0    0.5    0.0    0.5    0.0   11.0   36.0   43.5    0.0    0.0    0.0    3.0   19.0    1.0    0.0    0.0    0.0    0.0    0.0    0.0    0.0    0.0    0.0
47271    1.0    0.0    0.0    0.0    0.0    0.0    0.0    0.0    0.0    0.0    0.0    0.0    0.0    0.5    2.0    0.0    1.5    0.0    1.0    0.0    0.0    0.0    0.0
47272    1.5    0.0    0.0    0.0    0.0    0.0    3.0    1.5    0.0    0.0    0.0    0.0    0.0    2.5    0.0    0.0    0.0    0.0    0.5    0.0    0.0    0.0    0.0
47273    1.5    0.0    0.0    0.0    0.0    0.0    3.0    1.5    0.0    0.0    0.0    0.0    0.0    2.5    0.0    0.0    0.0    0.0    0.5    0.0    0.0    0.0    0.0
47276    2.0    0.0    0.0    0.0    0.0    0.0    7.5    7.5    0.0    0.0    0.0    0.0   13.5   16.0    0.0    0.0    0.0    0.0    1.0    0.0    0.0    0.0    0.0
47277    1.5    0.0    0.0    0.0    0.0    0.0    6.0    9.0    0.0    0.0    0.0    0.0   11.5   15.5    1.0    0.0    0.5    0.0    0.0    0.0    0.0    0.0    0.0
47278    2.0    0.0    0.0    0.0    0.0    0.0    7.5    7.5    0.0    0.0    0.0    0.0   13.5   16.0    0.0    0.0    0.0    0.0    1.0    0.0    0.0    0.0    0.0
47279    1.0    0.0    0.0    0.0    0.0    0.0   12.0   16.0    0.0    0.0    0.0    0.0   13.0    1.0    0.0    0.0    0.0    0.0    1.5    0.0    0.0    0.0    0.0
47281    1.5    0.0    0.0    0.0    0.0    0.0   10.5   22.0    0.0    0.0    0.0    0.0   11.0    3.0    0.0    0.0    0.0    0.0    0.5    0.0    0.0    0.0    0.0
47283    5.0    0.0    0.0    0.5    0.0    0.0    9.5   34.0    0.0    0.0    0.0    0.0    4.0    4.5    1.0    0.0    0.0    0.0    0.0    0.0    0.0    0.0    0.0
47284    3.5    0.0    0.0    0.0    0.0    0.0   11.0   24.0    0.0    0.0    0.0    0.0   11.0    1.0    0.0    0.0    0.0    0.0    0.0    0.0    0.0    0.0    0.0
47285    0.0    0.0    0.0    0.0    0.0    0.0   13.0   31.0    0.5    0.0    0.0    0.0    8.5    1.0    0.0    0.0    0.0    0.0    1.0    0.0    0.0    0.0    0.0
47288    0.0    0.0    0.0    0.0    0.0    0.0    9.5   32.5    0.0    0.0    0.0    0.0    4.0    1.5    0.0    0.0    0.0    0.0    0.5    0.0    0.0    0.0    0.0
47289    2.5    0.0    0.0    0.0    1.0    2.0   27.0   39.5    0.0    0.0    0.0    0.5    9.5    3.0    0.0    0.0    0.0    0.0    0.0    0.0    0.0    0.0    0.0
47294    0.0    0.0    0.0    0.0    0.0    7.5   24.5   64.5    0.0    0.0    0.0    0.0    0.0    0.0    0.0    0.0    0.0    0.0    0.0    0.0    0.0    0.0    0.0
47295    1.0    0.0    0.0    0.0    0.0    9.0   38.5   55.5    0.0    0.0    0.0    0.0    3.0    2.0    0.5    0.0    0.0    0.0    1.0    0.0    0.0    0.0    0.0
47299    0.0    0.0    0.0    0.0    0.0    0.5    0.0    1.0   14.5   12.5    0.0    0.0    0.0    0.0    0.0    0.0    0.0    0.0    0.0    0.0    0.0    0.0    0.0
  319    0.0    0.0    0.0    0.0    0.0    0.0    0.0    0.5    0.0    0.0    0.0    0.0    0.0    0.0    0.0    0.0    0.0    0.0    0.0    0.0    0.0    1.5    0.5
  328    0.0    0.0    0.0    0.0    8.0   20.0    0.5    2.5   18.5   12.5    6.0    4.0    0.0    0.0    4.0    0.0    0.0    0.0    0.0    0.0    0.0    0.0    0.0
  400    0.0    0.0    0.0    0.0    0.0    0.0    0.0    1.0    0.0    0.0    0.0    0.0    0.0    0.5    0.0    1.0    0.0    0.0    0.0    0.0    0.0    0.0    0.0
  433    0.0    0.0    0.0    0.0    0.0    0.0    0.0    0.0    0.0    0.0    0.0    0.0    0.0    0.5    0.0    0.5    0.0    0.0    0.0    0.0    0.0    0.0    0.0
  441    0.0    0.0    0.0    0.0    0.0    0.0    0.0    0.0    0.0    0.0    0.0    0.0    0.0    0.5    0.0    0.5    0.0    0.0    0.0    0.0    0.0    0.0    0.0
  504    0.0    0.0    0.0    0.0    0.0    0.0    0.0    2.0    1.5    0.0    0.0    0.0    0.0    0.0    0.0    1.0    0.0    0.0    0.0    0.0    0.0    0.5    0.0
  516    0.0    0.0    0.0    0.0    0.0    0.0    0.0    0.0    0.0    0.0    0.0    0.0    0.0    1.5    0.0    1.0    0.0    0.0    0.0    0.0    0.0    0.0    0.0
  517    0.5    0.0    0.0    0.0    0.0    0.0    0.0    0.0    0.0    0.0    0.0    0.0    0.0    0.0    1.0    0.0    5.0    0.0    0.0    0.0    2.0    0.0   10.5
  519    0.0    0.0    0.0    0.0    0.0    0.0    0.0    0.0    0.0    0.0    0.0    0.0    0.0    0.0    0.0    0.0    0.0    0.0    0.0    0.0    0.0    0.0    2.0
  523    0.0    0.0    0.0    0.0    0.0    0.0    0.0    0.0    0.0    0.0    0.0    0.0    0.0    0.0    1.0    0.0    1.5    0.0    0.0    0.0    1.5    2.0    4.0
  525    2.0    0.0    0.0    0.0    0.0    0.0    0.0    0.0    0.0    0.0    0.0    0.0    0.0    0.0    0.0    0.0    0.0    0.0    0.0    0.0    0.0    0.0    0.0
  526    2.0    0.0    0.0    0.0    0.0    0.0    0.0    0.0    0.0    0.0    0.0    0.0    0.0    0.0    0.0    0.0    0.0    0.0    0.0    0.0    0.0    0.0    0.0
  527    1.0    0.0    0.0    0.0    0.0    0.0    0.0    0.0    0.0    0.0    0.0    0.0    0.0    0.5    2.0    0.0    1.5    0.0    1.0    0.0    0.0    0.0    0.0
  528    0.0    0.0    0.0    0.0    0.0    0.0    0.0    0.0    0.0    0.0    0.5    0.0    0.0    0.0    0.5    0.0    0.0    0.0    0.0    0.0    0.0    0.0    0.0
  529    0.0    0.0    0.0    0.0    0.0    0.0    0.5    0.0    0.0    0.0    0.0    0.0    0.0    0.5    2.0    0.0    1.0    0.0    0.0    0.0    0.0    0.0    0.0
  530    0.0    0.0    0.0    0.0    0.0    0.0    0.0    0.5    0.0    0.0    0.0    0.0    0.0    0.0    0.0    0.0    0.0    0.0    0.0    0.0    0.0    1.5    0.5
  531    1.0    0.0    0.0    0.0    0.0    0.0    0.0    1.5    0.5    0.0    0.0    0.0    0.0    0.0    0.0    0.0    0.0    0.0    0.0    0.0    0.0    1.0    0.0
  532    0.0    0.0    0.0    0.0    0.0    0.0    0.0    2.0    1.5    0.0    0.0    0.0    0.0    0.0    0.0    1.0    0.0    0.0    0.0    0.0    0.0    0.5    0.0
  534    1.0    0.0    0.0    0.0    0.0    0.0    1.0    1.5    0.0    0.0    0.0    0.0    0.0    1.5    0.5    1.0    0.0    0.0    0.0    0.0    0.0    0.0    0.0
  536    2.0    0.0    0.0    0.0    0.0    0.0    0.0    0.0    0.0    0.0    0.0    0.0    0.0    0.0    0.0    0.0    0.0    0.0    0.0    0.0    0.0    0.0    0.0
  540    0.0    0.0    0.0    0.0    0.0    0.0    0.0    1.0    0.0    0.0    0.0    0.0    0.0    0.5    0.0    1.0    0.0    0.0    0.0    0.0    0.0    0.0    0.0
  541    0.0    0.0    0.0    0.0    0.0    0.0    0.0    1.0    0.0    0.0    0.0    0.0    0.0    0.5    0.0    1.0    0.0    0.0    0.0    0.0    0.0    0.0    0.0
  542    0.0    0.0    0.0    0.0    0.0    0.0    0.0    1.0    0.0    0.0    0.0    0.0    0.0    0.5    0.0    1.0    0.0    0.0    0.0    0.0    0.0    0.0    0.0
  546    0.0    0.0    0.0    0.0    0.0    0.0    0.0    1.0    0.0    0.0    0.0    0.0    0.0    0.5    0.0    1.0    0.0    0.0    0.0    0.0    0.0    0.0    0.0
  548    1.0    0.0    0.0    0.0    0.0    0.0    1.0    1.5    0.0    0.0    0.0    0.0    0.0    1.5    0.5    1.0    0.0    0.0    0.0    0.0    0.0    0.0    0.0
  549    0.0    0.0    0.0    0.0    0.0    0.0    0.0    0.0    0.0    0.0    0.0    0.0    0.0    1.5    0.0    1.0    0.0    0.0    0.0    0.0    0.0    0.0    0.0
  551    0.0    0.0    0.0    0.0    0.0    0.0    0.0    0.0    0.0    0.0    0.0    0.0    0.0    1.5    0.0    1.0    0.0    0.0    0.0    0.0    0.0    0.0    0.0
  552    0.0    0.0    0.0    0.0    0.0    0.0    0.0    0.0    0.0    0.0    0.0    0.0    0.0    0.0    0.0    0.0    0.0    0.0    0.0    0.0    0.0    0.0    2.0
  555    0.0    0.0    0.0    0.0    0.0    0.0    0.0    0.0    0.0    0.0    0.0    0.0    0.0    0.0    0.0    0.0    0.0    0.0    0.0    0.0    0.0    0.0    2.0
  556    0.5    0.0    0.0    0.0    0.0    0.0    0.0    0.0    0.0    0.0    0.0    0.0    0.0    0.0    1.0    0.0    5.0    0.0    0.0    0.0    2.0    0.0   10.5
  557    3.5    0.0    0.0    0.0    0.0    0.0    0.0    0.0    0.0    0.0    0.0    0.0    0.0    0.0    0.0    0.0    1.0    0.0    0.0    0.0    0.0    9.5    1.5
  559    3.5    0.0    0.0    0.0    0.0    0.0    0.0    0.0    0.0    0.0    0.0    0.0    0.0    0.0    0.0    0.0    1.0    0.0    0.0    0.0    0.0    9.5    1.5
  561    2.0    0.0    0.0    0.0    0.0    0.0    0.0    0.0    0.0    0.0    0.0    0.0    0.0    0.0    0.0    0.0    0.0    0.0    0.0    0.0    0.0    0.0    0.0
  562    2.0    0.0    0.0    0.0    0.0    0.0    0.0    0.5    0.0    0.0    0.0    0.0    0.0    1.0    1.0    0.0    0.0    0.0    0.0    0.0    0.0    0.0    0.0
  563    0.0    0.0    0.0    0.0    0.0    0.0    0.0    0.0    0.0    0.0    0.0    0.0    0.0    0.0    3.5    0.0    2.0    0.0    0.0    0.0    0.0    0.0    0.0
  565    0.0    0.0    0.0    0.0    0.0    0.0    0.0    0.0    0.0    0.0    0.0    0.0    0.0    0.5    0.0    0.5    0.0    0.0    0.0    0.0    0.0    0.0    0.0
  566    0.0    0.0    0.0    0.0    0.0    0.0    0.0    0.0    0.0    0.0    0.0    0.0    0.0    0.0    1.0    0.0    1.5    0.0    0.0    0.0    1.5    2.0    4.0
  571    0.0    0.0    0.0    0.0    0.0    0.0    0.0    0.0    0.0    0.0    0.0    0.0    0.0    1.5    0.0    0.5    0.0    0.0    0.0    0.0    0.0    0.0    0.0
  572    0.0    0.0    0.0    0.0    0.0    0.0    0.0    1.0    0.0    0.0    0.0    0.0    0.0    0.5    0.0    1.0    0.0    0.0    0.0    0.0    0.0    0.0    0.0
  579    0.0    0.0    0.0    0.0    0.0    0.0    0.0    0.0    0.0    0.0    0.0    0.0    0.0    0.0    3.5    0.0    2.0    0.0    0.0    0.0    0.0    0.0    0.0
  580    0.0    0.0    0.0    0.0    0.0    0.0    0.0    0.0    0.0    0.0    0.0    0.0    0.0    0.0    3.5    0.0    2.0    0.0    0.0    0.0    0.0    0.0    0.0
  581    1.0    0.0    0.0    0.0    0.0    0.0    0.0    0.0    0.0    0.0    0.0    0.0    0.0    0.5    2.0    0.0    1.5    0.0    1.0    0.0    0.0    0.0    0.0
  583    2.0    0.0    0.0    0.0    0.0    0.0    0.0    0.0    0.0    0.0    0.0    0.0    0.0    0.0    0.0    0.0    0.0    0.0    0.0    0.0    0.0    0.0    0.0
  586    1.0    0.0    0.0    0.0    0.0    0.0    0.0    1.5    0.5    0.0    0.0    0.0    0.0    0.0    0.0    0.0    0.0    0.0    0.0    0.0    0.0    1.0    0.0
  588    1.0    0.0    0.0    0.0    0.0    0.0    0.0    1.5    0.5    0.0    0.0    0.0    0.0    0.0    0.0    0.0    0.0    0.0    0.0    0.0    0.0    1.0    0.0
  590    0.0    0.0    0.0    0.0    0.0    0.0    0.0    1.0    0.0    0.0    0.0    0.0    0.0    0.5    0.0    1.0    0.0    0.0    0.0    0.0    0.0    0.0    0.0
  598    0.0    0.0    0.0    0.0    0.0    0.0    0.0    2.0    1.5    0.0    0.0    0.0    0.0    0.0    0.0    1.0    0.0    0.0    0.0    0.0    0.0    0.5    0.0
  601    2.0    0.0    0.0    0.0    0.0    0.0    0.0    0.5    0.0    0.0    0.0    0.0    0.0    1.0    1.0    0.0    0.0    0.0    0.0    0.0    0.0    0.0    0.0
  602    1.0    0.0    0.0    0.0    0.0    0.0    3.0    0.5    0.0    0.0    0.0    0.0    0.0    5.0    0.0    1.0    0.0    0.0    0.0    0.0    0.0    0.0    0.0
  603    1.0    0.0    0.0    0.0    0.0    0.0    3.0    0.5    0.0    0.0    0.0    0.0    0.0    5.0    0.0    1.0    0.0    0.0    0.0    0.0    0.0    0.0    0.0
  604    1.0    0.0    0.0    0.0    0.0    0.0    6.5    3.0    0.0    0.0    0.0    0.0    7.5    5.5    0.0    0.5    0.0    0.0    0.0    0.0    0.0    0.0    0.0
  605    1.5    0.0    0.0    0.0    0.0    0.0   14.0   10.5    0.0    0.0    0.0    0.0   23.5    2.0    0.0    0.5    0.0    0.0    0.0    0.0    0.0    0.0    0.0
  606    0.0    0.0    0.0    0.0    0.0    0.0    0.0    0.0    0.0    0.0    0.0    0.0    0.0    1.5    0.0    0.5    0.0    0.0    0.0    0.0    0.0    0.0    0.0
  610    0.0    0.0    0.0    0.0    0.0    0.0    1.5    0.0    0.0    0.0    0.0    0.0    0.5    1.5    0.0    0.0    0.0    0.0    0.0    0.0    0.0    0.0    0.0
  611    1.5    0.0    0.0    0.0    0.0    0.0    4.0    0.0    0.0    0.0    0.0    0.0    0.0    3.0    0.0    0.5    0.0    0.0    0.0    0.0    0.0    0.0    0.0
  612    0.0    0.0    0.0    0.0    0.0    0.0    6.0    1.5    0.0    0.0    0.0    0.0    7.5    4.0    0.0    0.5    0.0    0.0    0.0    0.0    0.0    0.0    0.0
  614    0.0    0.0    0.0    0.0    0.0    0.0   13.5    3.5    0.0    0.0    0.0    0.0   23.5    4.0    0.0    1.0    0.0    0.0    0.0    0.0    0.0    0.0    0.0
  615    0.0    0.0    0.0    0.0    0.0    0.0    6.0    1.5    0.0    0.0    0.0    0.0    7.5    4.0    0.0    0.5    0.0    0.0    0.0    0.0    0.0    0.0    0.0
  616    0.0    0.0    0.0    0.0    0.0    0.0    1.5    0.0    0.0    0.0    0.0    0.0    0.5    1.5    0.0    0.0    0.0    0.0    0.0    0.0    0.0    0.0    0.0
  617    1.5    0.0    0.0    0.0    0.0    0.0    4.0    0.0    0.0    0.0    0.0    0.0    0.0    3.0    0.0    0.5    0.0    0.0    0.0    0.0    0.0    0.0    0.0
  618    0.0    0.0    0.0    0.0    0.0    0.0    3.5    1.0    0.0    0.0    0.0    0.0    2.5    1.5    0.0    0.5    0.0    0.0    0.0    0.0    0.0    0.0    0.0
  619    1.0    0.0    0.0    0.0    0.0    0.0    1.0    1.5    0.0    0.0    0.0    0.0    0.0    1.5    0.5    1.0    0.0    0.0    0.0    0.0    0.0    0.0    0.0
  623    1.0    0.0    0.0    0.0    0.0    0.0    3.0    0.5    0.0    0.0    0.0    0.0    0.0    5.0    0.0    1.0    0.0    0.0    0.0    0.0    0.0    0.0    0.0
  624    1.0    0.0    0.0    0.0    0.0    0.0    3.0    0.5    0.0    0.0    0.0    0.0    0.0    5.0    0.0    1.0    0.0    0.0    0.0    0.0    0.0    0.0    0.0
  627    0.0    0.0    0.0    0.0    0.0    0.0    1.5    0.0    0.0    0.0    0.0    0.0    0.5    1.5    0.0    0.0    0.0    0.0    0.0    0.0    0.0    0.0    0.0
  628    0.0    0.0    0.0    0.0    0.0    0.0    1.5    0.0    0.0    0.0    0.0    0.0    0.5    1.5    0.0    0.0    0.0    0.0    0.0    0.0    0.0    0.0    0.0
  630    1.0    0.0    0.0    0.0    0.0    0.0    1.0    1.5    0.0    0.0    0.0    0.0    0.0    1.5    0.5    1.0    0.0    0.0    0.0    0.0    0.0    0.0    0.0
  634    1.5    0.0    0.0    0.0    0.0    0.0    4.0    0.0    0.0    0.0    0.0    0.0    0.0    3.0    0.0    0.5    0.0    0.0    0.0    0.0    0.0    0.0    0.0
  635    0.0    0.0    0.0    0.0    0.0    0.0   12.0    6.0    0.0    0.0    0.0    0.0   23.5    3.0    0.0    1.0    0.0    0.0    0.0    0.0    0.0    0.0    0.0
  636    0.0    0.0    0.0    0.0    0.0    0.0    6.0    1.5    0.0    0.0    0.0    0.0    7.5    4.0    0.0    0.5    0.0    0.0    0.0    0.0    0.0    0.0    0.0
  642    0.0    0.0    0.0    0.0    0.0    0.0    6.0    1.5    0.0    0.0    0.0    0.0    7.5    4.0    0.0    0.5    0.0    0.0    0.0    0.0    0.0    0.0    0.0
  652    0.0    0.0    0.0    0.0    0.0    0.0    0.0    2.0    1.5    0.0    0.0    0.0    0.0    0.0    0.0    1.0    0.0    0.0    0.0    0.0    0.0    0.5    0.0
   96    0.0    0.0    0.0    0.0    0.0    0.0    0.0    2.0    0.0    0.0    0.0    0.0    1.5    7.0    0.0    0.0    0.0    0.0    0.0    0.0    0.0    1.5    0.0
  661    0.0    0.0    0.0    0.0    0.0    0.0    0.0    0.0    0.0    0.0    0.0    0.0    0.0    0.0    0.0    0.0    0.0    0.0    0.0    0.0    2.0    0.0    4.0
  670    0.0    0.0    0.0    0.0    0.0    0.0    0.0    0.0    0.0    0.0    0.0    0.0    0.0    0.0    0.0    0.0    0.0    0.0    0.0    0.0    0.5    0.0    3.5
  671    0.0    0.0    0.0    0.0    0.0    0.0    0.0    0.0    0.0    0.0    0.0    0.0    0.0    0.0    0.0    0.0    0.0    0.0    0.0    0.0    0.5    0.0    3.5
  699    0.0    0.0    0.0    0.0    0.0    6.5   28.5   29.5    0.0    0.0    0.0    3.0   14.5    2.5    0.0    0.0    0.0    0.0    0.0    0.0    0.0    0.0    0.0
  701    1.5    0.0    0.0    0.0    0.0    0.0   14.0   10.5    0.0    0.0    0.0    0.0   23.5    2.0    0.0    0.5    0.0    0.0    0.0    0.0    0.0    0.0    0.0
  702    0.0    0.0    0.0    0.0    0.0    0.0   12.0    6.0    0.0    0.0    0.0    0.0   23.5    3.0    0.0    1.0    0.0    0.0    0.0    0.0    0.0    0.0    0.0
  703    3.5    0.0    0.0    0.0    0.0    0.0   11.0   24.0    0.0    0.0    0.0    0.0   11.0    1.0    0.0    0.0    0.0    0.0    0.0    0.0    0.0    0.0    0.0
  704    0.0    0.0    0.5    0.5    0.0    0.0   20.5   13.0    0.0    0.0    0.0    0.5   39.0    2.5    0.0    1.0    0.0    0.0    0.0    0.0    0.0    0.0    0.0
  706    1.0    0.0    0.0    0.0    1.0    1.5   17.0   25.5    0.0    0.0    0.0    2.0   21.0    3.5    0.0    0.0    0.0    0.0    0.0    0.0    0.0    0.0    0.0
  709    2.5    0.0    0.0    0.0    1.0    2.0   27.0   39.5    0.0    0.0    0.0    0.5    9.5    3.0    0.0    0.0    0.0    0.0    0.0    0.0    0.0    0.0    0.0
  710    0.0    0.0    0.0    0.0    0.0    6.5   28.5   29.5    0.0    0.0    0.0    3.0   14.5    2.5    0.0    0.0    0.0    0.0    0.0    0.0    0.0    0.0    0.0
  711    0.5    0.0    0.0    0.0    1.0    6.0   31.0   35.5    0.0    0.0    0.0    1.0   18.5    3.0    0.5    0.0    0.0    0.0    0.0    0.0    0.0    0.0    0.0
  712    1.0    0.0    0.0    0.0    0.0    9.0   38.5   55.5    0.0    0.0    0.0    0.0    3.0    2.0    0.5    0.0    0.0    0.0    1.0    0.0    0.0    0.0    0.0
  713    1.0    0.0    0.0    0.0    0.0    9.0   38.5   55.5    0.0    0.0    0.0    0.0    3.0    2.0    0.5    0.0    0.0    0.0    1.0    0.0    0.0    0.0    0.0
  727    0.0    0.0    0.0    0.0    8.0   20.0    0.5    2.5   18.5   12.5    6.0    4.0    0.0    0.0    4.0    0.0    0.0    0.0    0.0    0.0    0.0    0.0    0.0
  730    0.0    0.0    0.0    0.0    0.5    1.0   23.0   20.0    0.0    0.0    0.0    1.0   11.5    3.0    0.0    0.0    0.0    0.0    0.0    0.0    0.0    0.0    0.0
  731    0.0    0.0    0.0    0.0    0.0    6.5   28.5   29.5    0.0    0.0    0.0    3.0   14.5    2.5    0.0    0.0    0.0    0.0    0.0    0.0    0.0    0.0    0.0
  732    0.5    0.0    0.0    0.0    1.0    6.0   31.0   35.5    0.0    0.0    0.0    1.0   18.5    3.0    0.5    0.0    0.0    0.0    0.0    0.0    0.0    0.0    0.0
  733    0.0    0.0    0.0    0.0    0.0    0.0   12.0    6.0    0.0    0.0    0.0    0.0   23.5    3.0    0.0    1.0    0.0    0.0    0.0    0.0    0.0    0.0    0.0
  734    0.0    0.0    0.0    0.0    0.0    0.0   12.0    6.0    0.0    0.0    0.0    0.0   23.5    3.0    0.0    1.0    0.0    0.0    0.0    0.0    0.0    0.0    0.0
  736    0.0    0.0    0.0    0.0    0.0    0.0   13.5    3.5    0.0    0.0    0.0    0.0   23.5    4.0    0.0    1.0    0.0    0.0    0.0    0.0    0.0    0.0    0.0
  737    1.0    0.0    0.0    0.0    0.0    0.0   17.0   16.0    0.0    0.0    0.0    0.0   19.0    3.0    0.0    1.0    0.0    0.0    0.0    0.0    0.0    0.0    0.0
  738    0.0    0.0    0.5    0.5    0.0    0.0   20.5   13.0    0.0    0.0    0.0    0.5   39.0    2.5    0.0    1.0    0.0    0.0    0.0    0.0    0.0    0.0    0.0
  741    0.5    0.0    0.0    0.0    1.0    6.0   31.0   35.5    0.0    0.0    0.0    1.0   18.5    3.0    0.5    0.0    0.0    0.0    0.0    0.0    0.0    0.0    0.0
  745    0.0    0.0    0.0    0.0    0.0    6.5   28.5   29.5    0.0    0.0    0.0    3.0   14.5    2.5    0.0    0.0    0.0    0.0    0.0    0.0    0.0    0.0    0.0
  748    0.5    0.0    0.0    0.0    1.0    6.0   31.0   35.5    0.0    0.0    0.0    1.0   18.5    3.0    0.5    0.0    0.0    0.0    0.0    0.0    0.0    0.0    0.0
  751    0.0    0.0    0.0    0.0    8.0   20.0    0.5    2.5   18.5   12.5    6.0    4.0    0.0    0.0    4.0    0.0    0.0    0.0    0.0    0.0    0.0    0.0    0.0
  752    0.0    0.0    0.0    0.0    8.0   20.0    0.5    2.5   18.5   12.5    6.0    4.0    0.0    0.0    4.0    0.0    0.0    0.0    0.0    0.0    0.0    0.0    0.0
  754    0.0    0.0    0.0    0.0    0.0    6.5   28.5   29.5    0.0    0.0    0.0    3.0   14.5    2.5    0.0    0.0    0.0    0.0    0.0    0.0    0.0    0.0    0.0
  757    1.5    0.0    0.0    0.0    0.0    0.0   14.0   10.5    0.0    0.0    0.0    0.0   23.5    2.0    0.0    0.5    0.0    0.0    0.0    0.0    0.0    0.0    0.0
  762    1.0    0.0    0.0    0.0    0.0    0.0   17.0   16.0    0.0    0.0    0.0    0.0   19.0    3.0    0.0    1.0    0.0    0.0    0.0    0.0    0.0    0.0    0.0
  767    1.0    0.0    0.0    0.0    0.0   14.0   23.5   45.0    0.0    0.0    0.0    2.5    2.5    1.5    0.5    0.0    0.0    0.0    0.0    0.0    0.0    0.0    0.0
  768    1.0    0.0    0.0    0.0    1.0    1.5   17.0   25.5    0.0    0.0    0.0    2.0   21.0    3.5    0.0    0.0    0.0    0.0    0.0    0.0    0.0    0.0    0.0
  769    0.0    0.0    0.0    0.0    0.5    1.0   23.0   20.0    0.0    0.0    0.0    1.0   11.5    3.0    0.0    0.0    0.0    0.0    0.0    0.0    0.0    0.0    0.0
  771    0.0    0.0    0.0    2.0    0.5    4.5   25.5   25.5    0.0    0.0    0.0    4.5   17.5    1.0    0.0    0.0    0.0    0.0    0.0    0.0    0.0    0.0    0.0
  775    0.0    0.0    0.0    0.0    0.5    1.0   23.0   20.0    0.0    0.0    0.0    1.0   11.5    3.0    0.0    0.0    0.0    0.0    0.0    0.0    0.0    0.0    0.0
  779    0.0    0.0    0.0    0.0    0.0   33.0    2.0   11.5    7.0    5.0    0.0    8.0    0.0    0.0    0.0    0.0    0.0    0.0    0.0    0.0    0.0    0.0    0.0
  780    0.0    0.0    0.0    0.0    8.0   20.0    0.5    2.5   18.5   12.5    6.0    4.0    0.0    0.0    4.0    0.0    0.0    0.0    0.0    0.0    0.0    0.0    0.0
  789    0.0    0.0    0.0    0.0    0.0    6.5   28.5   29.5    0.0    0.0    0.0    3.0   14.5    2.5    0.0    0.0    0.0    0.0    0.0    0.0    0.0    0.0    0.0
  801    0.0    0.0    0.0    0.0    0.0    0.0    3.0    2.0    0.0    0.0    0.0    0.0    0.0    2.5    2.5    0.0    2.0    0.0    0.0    0.0    0.0    0.0    0.0
  803    2.0    0.0    0.0    0.0    0.0    0.0    7.5    7.5    0.0    0.0    0.0    0.0   13.5   16.0    0.0    0.0    0.0    0.0    1.0    0.0    0.0    0.0    0.0
  804    1.5    0.0    0.0    0.0    0.0    0.0    6.0    9.0    0.0    0.0    0.0    0.0   11.5   15.5    1.0    0.0    0.5    0.0    0.0    0.0    0.0    0.0    0.0
  810    1.0    0.0    0.0    0.0    0.0    0.0   12.0   16.0    0.0    0.0    0.0    0.0   13.0    1.0    0.0    0.0    0.0    0.0    1.5    0.0    0.0    0.0    0.0
  811    5.0    0.0    0.0    0.5    0.0    0.0    9.5   34.0    0.0    0.0    0.0    0.0    4.0    4.5    1.0    0.0    0.0    0.0    0.0    0.0    0.0    0.0    0.0
  812    0.0    0.0    0.0    0.0    0.0    0.0   13.0   31.0    0.5    0.0    0.0    0.0    8.5    1.0    0.0    0.0    0.0    0.0    1.0    0.0    0.0    0.0    0.0
  813    0.0    0.0    0.0    0.0    0.0    0.0    9.5   32.5    0.0    0.0    0.0    0.0    4.0    1.5    0.0    0.0    0.0    0.0    0.5    0.0    0.0    0.0    0.0
  815    1.5    0.0    0.0    0.0    0.0    0.0    3.0    1.5    0.0    0.0    0.0    0.0    0.0    2.5    0.0    0.0    0.0    0.0    0.5    0.0    0.0    0.0    0.0
  822    1.0    0.0    0.0    0.0    0.0    0.0   12.0   16.0    0.0    0.0    0.0    0.0   13.0    1.0    0.0    0.0    0.0    0.0    1.5    0.0    0.0    0.0    0.0
  823    2.0    0.0    0.0    0.0    0.0    0.0    7.5    7.5    0.0    0.0    0.0    0.0   13.5   16.0    0.0    0.0    0.0    0.0    1.0    0.0    0.0    0.0    0.0
  825    1.0    0.0    0.0    0.0    0.0    0.0   12.0   16.0    0.0    0.0    0.0    0.0   13.0    1.0    0.0    0.0    0.0    0.0    1.5    0.0    0.0    0.0    0.0
  827    1.5    0.0    0.0    0.0    0.0    0.0   10.5   22.0    0.0    0.0    0.0    0.0   11.0    3.0    0.0    0.0    0.0    0.0    0.5    0.0    0.0    0.0    0.0
  828    0.0    0.0    0.0    0.0    0.0    0.0   13.0   31.0    0.5    0.0    0.0    0.0    8.5    1.0    0.0    0.0    0.0    0.0    1.0    0.0    0.0    0.0    0.0
  832    0.5    0.0    0.0    0.0    0.0    0.0    7.0    5.5    0.0    0.0    0.0    0.0    8.5   12.5    0.0    0.0    0.0    0.0    2.0    0.0    0.0    0.0    0.0
  834    1.0    0.0    0.0    0.0    0.0    0.0    6.5    3.0    0.0    0.0    0.0    0.0    7.5    5.5    0.0    0.5    0.0    0.0    0.0    0.0    0.0    0.0    0.0
  836    2.0    0.0    0.0    0.0    0.0    0.0    7.5    7.5    0.0    0.0    0.0    0.0   13.5   16.0    0.0    0.0    0.0    0.0    1.0    0.0    0.0    0.0    0.0
  844    1.5    0.0    0.0    0.0    0.0    0.0    6.0    9.0    0.0    0.0    0.0    0.0   11.5   15.5    1.0    0.0    0.5    0.0    0.0    0.0    0.0    0.0    0.0
  850    5.5    0.0    0.0    0.0    0.0    0.0   13.0   34.5    0.0    0.0    0.0    0.0    1.5    1.5    0.5    0.0    0.0    0.0    0.0    0.0    0.5    0.0    0.0
  876    0.0    0.0    0.0    0.0    0.0    0.0    0.0    0.0    0.0    0.0    0.0    0.0    0.0    0.0    0.0    0.0    0.0    0.0    0.0    0.0    0.0    0.0    0.0
  877    1.5    0.0    0.0    0.0    0.0    0.0    0.0    2.0    0.0    0.0    0.0    0.0    0.0    0.5    1.0    1.5    0.0    0.0    0.0    0.0    0.0    0.0    0.0
  887    0.0    0.0    0.0    0.0    0.0    0.0    6.0    1.5    0.0    0.0    0.0    0.0    7.5    4.0    0.0    0.5    0.0    0.0    0.0    0.0    0.0    0.0    0.0
  900    5.5    0.0    0.0    0.0    0.0    0.0   13.0   34.5    0.0    0.0    0.0    0.0    1.5    1.5    0.5    0.0    0.0    0.0    0.0    0.0    0.5    0.0    0.0
  901    5.5    0.0    0.0    0.0    0.0    0.0   13.0   34.5    0.0    0.0    0.0    0.0    1.5    1.5    0.5    0.0    0.0    0.0    0.0    0.0    0.5    0.0    0.0
  907    1.0    0.0    0.0    0.0    0.0    7.0   33.0   64.0    0.0    0.0    0.0    0.0    2.0    0.5    0.5    0.0    0.0    0.0    0.5    0.0    0.0    0.0    0.0
  908    0.0    0.0    0.0    0.0    0.0    3.0   33.0   40.5    0.0    0.0    0.0    0.0    1.0    0.0    0.5    0.0    0.0    0.0    0.0    0.0    0.0    0.0    0.0
  909    0.0    0.0    0.0    0.0    0.0    7.5   24.5   64.5    0.0    0.0    0.0    0.0    0.0    0.0    0.0    0.0    0.0    0.0    0.0    0.0    0.0    0.0    0.0
  912    3.5    0.0    0.0    0.0    0.0    0.0   11.0   24.0    0.0    0.0    0.0    0.0   11.0    1.0    0.0    0.0    0.0    0.0    0.0    0.0    0.0    0.0    0.0
  915    0.0    0.0    0.0    0.0    0.0    3.0   28.0   42.5    0.0    0.0    0.0    0.0    2.0    1.0    0.0    0.0    0.0    0.0    1.5    0.0    0.0    0.0    0.0
  917    1.0    0.0    0.0    0.0    0.0    7.0   33.0   64.0    0.0    0.0    0.0    0.0    2.0    0.5    0.5    0.0    0.0    0.0    0.5    0.0    0.0    0.0    0.0
  918    1.0    0.0    0.0    0.0    0.0    7.0   33.0   64.0    0.0    0.0    0.0    0.0    2.0    0.5    0.5    0.0    0.0    0.0    0.5    0.0    0.0    0.0    0.0
  919    0.0    0.0    0.0    0.0    0.0    0.0   13.0   31.0    0.5    0.0    0.0    0.0    8.5    1.0    0.0    0.0    0.0    0.0    1.0    0.0    0.0    0.0    0.0
  920    0.0    0.0    0.0    0.0    0.0    3.0   28.0   42.5    0.0    0.0    0.0    0.0    2.0    1.0    0.0    0.0    0.0    0.0    1.5    0.0    0.0    0.0    0.0
  923    2.5    0.0    0.0    0.0    0.0    2.5   34.5   28.5    0.0    0.0    0.0    0.0    0.0    0.0    0.0    0.0    0.0    0.0    0.0    0.0    0.0    0.0    0.0
  932    2.5    0.0    0.0    0.0    1.0    2.0   27.0   39.5    0.0    0.0    0.0    0.5    9.5    3.0    0.0    0.0    0.0    0.0    0.0    0.0    0.0    0.0    0.0
  936    0.0    0.0    0.0    0.0    0.0    3.0   28.0   42.5    0.0    0.0    0.0    0.0    2.0    1.0    0.0    0.0    0.0    0.0    1.5    0.0    0.0    0.0    0.0
  940    0.0    0.0    0.0    0.0    0.0    3.0   33.0   40.5    0.0    0.0    0.0    0.0    1.0    0.0    0.5    0.0    0.0    0.0    0.0    0.0    0.0    0.0    0.0
  946    3.5    0.0    0.0    0.0    0.0    0.0   11.0   24.0    0.0    0.0    0.0    0.0   11.0    1.0    0.0    0.0    0.0    0.0    0.0    0.0    0.0    0.0    0.0
  790    0.0    0.0    0.0    0.0    0.0    8.0   17.5   45.0    0.0    0.5    0.0    0.0    1.5    1.0    0.0    0.0    0.0    0.0    0.0    0.0    0.0    0.0    0.0
10111    0.0    0.0    0.0    0.0    0.0    0.0    0.0    1.0    0.0    0.0    0.0    0.0    0.0    0.5    0.0    1.0    0.0    0.0    0.0    0.0    0.0    0.0    0.0
10112    0.0    0.0    0.0    0.0    0.0    0.0    0.0    1.0    0.0    0.0    0.0    0.0    0.0    0.5    0.0    1.0    0.0    0.0    0.0    0.0    0.0    0.0    0.0
10121    0.5    0.0    0.0    0.0    0.0    0.0    0.0    0.0    0.0    0.0    0.0    0.0    0.0    0.0    1.0    0.0    5.0    0.0    0.0    0.0    2.0    0.0   10.5
10122    0.5    0.0    0.0    0.0    0.0    0.0    0.0    0.0    0.0    0.0    0.0    0.0    0.0    0.0    1.0    0.0    5.0    0.0    0.0    0.0    2.0    0.0   10.5
10131    0.0    0.0    0.0    0.0    0.0    0.0    0.0    0.0    0.0    0.0    0.0    0.0    0.0    0.0    1.0    0.0    1.5    0.0    0.0    0.0    1.5    2.0    4.0
10132    0.0    0.0    0.0    0.0    0.0    0.0    0.0    0.0    0.0    0.0    0.0    0.0    0.0    0.0    1.0    0.0    1.5    0.0    0.0    0.0    1.5    2.0    4.0
10141    2.0    0.0    0.0    0.0    0.0    0.0    0.0    0.0    0.0    0.0    0.0    0.0    0.0    0.0    0.0    0.0    0.0    0.0    0.0    0.0    0.0    0.0    0.0
10142    2.0    0.0    0.0    0.0    0.0    0.0    0.0    0.0    0.0    0.0    0.0    0.0    0.0    0.0    0.0    0.0    0.0    0.0    0.0    0.0    0.0    0.0    0.0
10151    0.0    0.0    0.0    0.0    0.0    0.0    6.0    1.5    0.0    0.0    0.0    0.0    7.5    4.0    0.0    0.5    0.0    0.0    0.0    0.0    0.0    0.0    0.0
10152    0.0    0.0    0.0    0.0    0.0    0.0    6.0    1.5    0.0    0.0    0.0    0.0    7.5    4.0    0.0    0.5    0.0    0.0    0.0    0.0    0.0    0.0    0.0
10161    1.0    0.0    0.0    0.0    0.0    0.0    6.5    3.0    0.0    0.0    0.0    0.0    7.5    5.5    0.0    0.5    0.0    0.0    0.0    0.0    0.0    0.0    0.0
10162    1.0    0.0    0.0    0.0    0.0    0.0    6.5    3.0    0.0    0.0    0.0    0.0    7.5    5.5    0.0    0.5    0.0    0.0    0.0    0.0    0.0    0.0    0.0
10171    1.5    0.0    0.0    0.0    0.0    0.0    3.0    1.5    0.0    0.0    0.0    0.0    0.0    2.5    0.0    0.0    0.0    0.0    0.5    0.0    0.0    0.0    0.0
10172    1.5    0.0    0.0    0.0    0.0    0.0    3.0    1.5    0.0    0.0    0.0    0.0    0.0    2.5    0.0    0.0    0.0    0.0    0.5    0.0    0.0    0.0    0.0
10181    0.0    0.0    0.0    0.0    0.0    6.5   28.5   29.5    0.0    0.0    0.0    3.0   14.5    2.5    0.0    0.0    0.0    0.0    0.0    0.0    0.0    0.0    0.0
10182    0.0    0.0    0.0    0.0    0.0    6.5   28.5   29.5    0.0    0.0    0.0    3.0   14.5    2.5    0.0    0.0    0.0    0.0    0.0    0.0    0.0    0.0    0.0
10192    2.5    0.0    0.0    0.0    1.0    2.0   27.0   39.5    0.0    0.0    0.0    0.5    9.5    3.0    0.0    0.0    0.0    0.0    0.0    0.0    0.0    0.0    0.0
10201    1.0    0.0    0.0    0.0    0.0    0.0   17.0   16.0    0.0    0.0    0.0    0.0   19.0    3.0    0.0    1.0    0.0    0.0    0.0    0.0    0.0    0.0    0.0
10202    1.0    0.0    0.0    0.0    0.0    0.0   17.0   16.0    0.0    0.0    0.0    0.0   19.0    3.0    0.0    1.0    0.0    0.0    0.0    0.0    0.0    0.0    0.0
10211    1.5    0.0    0.0    0.0    0.0    0.0   14.0   10.5    0.0    0.0    0.0    0.0   23.5    2.0    0.0    0.5    0.0    0.0    0.0    0.0    0.0    0.0    0.0
10212    3.5    0.0    0.0    0.0    0.0    0.0   11.0   24.0    0.0    0.0    0.0    0.0   11.0    1.0    0.0    0.0    0.0    0.0    0.0    0.0    0.0    0.0    0.0
10221    1.5    0.0    0.0    0.0    0.0    0.0    6.0    9.0    0.0    0.0    0.0    0.0   11.5   15.5    1.0    0.0    0.5    0.0    0.0    0.0    0.0    0.0    0.0
10222    1.5    0.0    0.0    0.0    0.0    0.0    6.0    9.0    0.0    0.0    0.0    0.0   11.5   15.5    1.0    0.0    0.5    0.0    0.0    0.0    0.0    0.0    0.0
10231    2.5    0.0    0.0    0.0    1.0    2.0   27.0   39.5    0.0    0.0    0.0    0.5    9.5    3.0    0.0    0.0    0.0    0.0    0.0    0.0    0.0    0.0    0.0
10232    2.5    0.0    0.0    0.0    1.0    2.0   27.0   39.5    0.0    0.0    0.0    0.5    9.5    3.0    0.0    0.0    0.0    0.0    0.0    0.0    0.0    0.0    0.0
10241    1.5    0.0    0.0    0.0    0.0    0.0    3.0    1.5    0.0    0.0    0.0    0.0    0.0    2.5    0.0    0.0    0.0    0.0    0.5    0.0    0.0    0.0    0.0
10242    2.0    0.0    0.0    0.0    0.0    0.0    0.0    0.5    0.0    0.0    0.0    0.0    0.0    1.0    1.0    0.0    0.0    0.0    0.0    0.0    0.0    0.0    0.0
10251    1.0    0.0    0.0    0.0    0.0    0.0   12.0   16.0    0.0    0.0    0.0    0.0   13.0    1.0    0.0    0.0    0.0    0.0    1.5    0.0    0.0    0.0    0.0
10252    0.0    0.0    0.0    0.0    0.0    0.0   13.0   31.0    0.5    0.0    0.0    0.0    8.5    1.0    0.0    0.0    0.0    0.0    1.0    0.0    0.0    0.0    0.0
10261    0.0    0.0    0.0    0.0    8.0   20.0    0.5    2.5   18.5   12.5    6.0    4.0    0.0    0.0    4.0    0.0    0.0    0.0    0.0    0.0    0.0    0.0    0.0
10262    0.0    0.0    0.0    0.0    8.0   20.0    0.5    2.5   18.5   12.5    6.0    4.0    0.0    0.0    4.0    0.0    0.0    0.0    0.0    0.0    0.0    0.0    0.0
10272    0.0    0.0    0.0    0.0    8.0   20.0    0.5    2.5   18.5   12.5    6.0    4.0    0.0    0.0    4.0    0.0    0.0    0.0    0.0    0.0    0.0    0.0    0.0
10281    1.0    0.0    0.0    0.0    1.0    1.5   17.0   25.5    0.0    0.0    0.0    2.0   21.0    3.5    0.0    0.0    0.0    0.0    0.0    0.0    0.0    0.0    0.0
10282    1.0    0.0    0.0    0.0    1.0    1.5   17.0   25.5    0.0    0.0    0.0    2.0   21.0    3.5    0.0    0.0    0.0    0.0    0.0    0.0    0.0    0.0    0.0
20111    1.0    0.0    0.0    0.0    0.0    0.0    0.0    1.5    0.5    0.0    0.0    0.0    0.0    0.0    0.0    0.0    0.0    0.0    0.0    0.0    0.0    1.0    0.0
20121    0.0    0.0    0.0    0.0    0.0    0.0    0.0    1.0    0.0    0.0    0.0    0.0    0.0    0.5    0.0    1.0    0.0    0.0    0.0    0.0    0.0    0.0    0.0
20131    0.0    0.0    0.0    0.0    0.0    0.0    0.0    1.0    0.0    0.0    0.0    0.0    0.0    0.5    0.0    1.0    0.0    0.0    0.0    0.0    0.0    0.0    0.0
20141    1.0    0.0    0.0    0.0    0.0    0.0    0.0    0.0    0.0    0.0    0.0    0.0    0.0    0.5    2.0    0.0    1.5    0.0    1.0    0.0    0.0    0.0    0.0
20151    0.0    0.0    0.0    0.0    0.0    0.0    6.0    1.5    0.0    0.0    0.0    0.0    7.5    4.0    0.0    0.5    0.0    0.0    0.0    0.0    0.0    0.0    0.0
20161    0.0    0.0    0.0    0.0    0.0    0.0   12.0    6.0    0.0    0.0    0.0    0.0   23.5    3.0    0.0    1.0    0.0    0.0    0.0    0.0    0.0    0.0    0.0
20171    3.5    0.0    0.0    0.0    0.0    0.0   11.0   24.0    0.0    0.0    0.0    0.0   11.0    1.0    0.0    0.0    0.0    0.0    0.0    0.0    0.0    0.0    0.0
20181    1.0    0.0    0.0    0.0    0.0    0.0   17.0   16.0    0.0    0.0    0.0    0.0   19.0    3.0    0.0    1.0    0.0    0.0    0.0    0.0    0.0    0.0    0.0
20191    0.0    0.0    0.5    0.5    0.0    0.0   20.5   13.0    0.0    0.0    0.0    0.5   39.0    2.5    0.0    1.0    0.0    0.0    0.0    0.0    0.0    0.0    0.0
20201    1.0    0.0    0.0    0.0    1.0    1.5   17.0   25.5    0.0    0.0    0.0    2.0   21.0    3.5    0.0    0.0    0.0    0.0    0.0    0.0    0.0    0.0    0.0
20211    0.5    0.0    0.0    0.0    1.0    6.0   31.0   35.5    0.0    0.0    0.0    1.0   18.5    3.0    0.5    0.0    0.0    0.0    0.0    0.0    0.0    0.0    0.0
20221    0.0    0.0    0.0    0.0    0.0    8.0   17.5   45.0    0.0    0.5    0.0    0.0    1.5    1.0    0.0    0.0    0.0    0.0    0.0    0.0    0.0    0.0    0.0
20231    0.0    0.0    0.0    1.0    0.0    8.5   30.5   46.5    0.0    0.0    0.0    1.0    8.0    2.5    0.0    0.0    0.0    0.0    0.0    0.0    0.0    0.0    0.0
20241    0.0    0.0    0.0    1.0    0.0    8.5   30.5   46.5    0.0    0.0    0.0    1.0    8.0    2.5    0.0    0.0    0.0    0.0    0.0    0.0    0.0    0.0    0.0
20251    0.0    0.0    0.0    0.0    0.0    0.0    9.5   32.5    0.0    0.0    0.0    0.0    4.0    1.5    0.0    0.0    0.0    0.0    0.5    0.0    0.0    0.0    0.0
20261    0.5    0.0    0.0    0.0    0.0    0.0    3.0    1.5    0.0    0.0    0.0    0.0    1.5    1.0    0.5    0.0    0.0    0.0    1.0    0.0    0.0    0.0    0.0
20271    1.0    0.0    0.0    0.0    0.0    0.0   12.0   16.0    0.0    0.0    0.0    0.0   13.0    1.0    0.0    0.0    0.0    0.0    1.5    0.0    0.0    0.0    0.0
20281    1.0    0.0    0.0    0.0    0.0    0.0   12.0   16.0    0.0    0.0    0.0    0.0   13.0    1.0    0.0    0.0    0.0    0.0    1.5    0.0    0.0    0.0    0.0
20291    1.5    0.0    0.0    0.0    0.0    0.0   10.5   22.0    0.0    0.0    0.0    0.0   11.0    3.0    0.0    0.0    0.0    0.0    0.5    0.0    0.0    0.0    0.0
20301    0.0    0.0    0.0    0.0    0.0    3.0   28.0   42.5    0.0    0.0    0.0    0.0    2.0    1.0    0.0    0.0    0.0    0.0    1.5    0.0    0.0    0.0    0.0
30111    0.0    0.0    0.0    0.0    0.0    0.0    0.0    1.0    0.0    0.0    0.0    0.0    0.0    0.5    0.0    1.0    0.0    0.0    0.0    0.0    0.0    0.0    0.0
30121    1.0    0.0    0.0    0.0    0.0    0.0    0.0    1.5    0.5    0.0    0.0    0.0    0.0    0.0    0.0    0.0    0.0    0.0    0.0    0.0    0.0    1.0    0.0
30131    3.5    0.0    0.0    0.0    0.0    0.0    0.0    0.0    0.0    0.0    0.0    0.0    0.0    0.0    0.0    0.0    1.0    0.0    0.0    0.0    0.0    9.5    1.5
30141    3.5    0.0    0.0    0.0    0.0    0.0   11.0   24.0    0.0    0.0    0.0    0.0   11.0    1.0    0.0    0.0    0.0    0.0    0.0    0.0    0.0    0.0    0.0
30151    1.0    0.0    0.0    0.0    1.0    1.5   17.0   25.5    0.0    0.0    0.0    2.0   21.0    3.5    0.0    0.0    0.0    0.0    0.0    0.0    0.0    0.0    0.0
30161    0.0    0.0    0.0    0.0    0.0    0.0   13.0   31.0    0.5    0.0    0.0    0.0    8.5    1.0    0.0    0.0    0.0    0.0    1.0    0.0    0.0    0.0    0.0
30171    0.0    0.0    0.0    0.0    0.0    0.0    9.5   32.5    0.0    0.0    0.0    0.0    4.0    1.5    0.0    0.0    0.0    0.0    0.5    0.0    0.0    0.0    0.0
30181    0.0    0.0    0.0    0.0    0.0    0.0    9.5   32.5    0.0    0.0    0.0    0.0    4.0    1.5    0.0    0.0    0.0    0.0    0.5    0.0    0.0    0.0    0.0
30191    0.0    0.0    0.0    0.0    0.0    0.0    9.5   32.5    0.0    0.0    0.0    0.0    4.0    1.5    0.0    0.0    0.0    0.0    0.5    0.0    0.0    0.0    0.0
30201    3.5    0.0    0.0    0.0    0.0    0.0   11.0   24.0    0.0    0.0    0.0    0.0   11.0    1.0    0.0    0.0    0.0    0.0    0.0    0.0    0.0    0.0    0.0
30211    0.0    0.0    0.0    0.0    0.0    0.0   13.0   31.0    0.5    0.0    0.0    0.0    8.5    1.0    0.0    0.0    0.0    0.0    1.0    0.0    0.0    0.0    0.0
30221    2.5    0.0    0.0    0.0    1.0    2.0   27.0   39.5    0.0    0.0    0.0    0.5    9.5    3.0    0.0    0.0    0.0    0.0    0.0    0.0    0.0    0.0    0.0
30231    0.0    0.0    0.0    0.0    0.0    3.0   28.0   42.5    0.0    0.0    0.0    0.0    2.0    1.0    0.0    0.0    0.0    0.0    1.5    0.0    0.0    0.0    0.0
30241    2.5    0.0    0.0    0.0    1.0    2.0   27.0   39.5    0.0    0.0    0.0    0.5    9.5    3.0    0.0    0.0    0.0    0.0    0.0    0.0    0.0    0.0    0.0
30251    1.0    0.0    0.0    0.0    0.0    9.0   38.5   55.5    0.0    0.0    0.0    0.0    3.0    2.0    0.5    0.0    0.0    0.0    1.0    0.0    0.0    0.0    0.0
40111    0.0    0.0    0.0    0.0    0.0    0.0    0.0    2.0    1.5    0.0    0.0    0.0    0.0    0.0    0.0    1.0    0.0    0.0    0.0    0.0    0.0    0.5    0.0
40121    0.0    0.0    0.0    0.0    0.0    0.0    0.0    2.0    1.5    0.0    0.0    0.0    0.0    0.0    0.0    1.0    0.0    0.0    0.0    0.0    0.0    0.5    0.0
40131    0.0    0.0    0.0    0.0    0.0    0.0    0.0    2.0    1.5    0.0    0.0    0.0    0.0    0.0    0.0    1.0    0.0    0.0    0.0    0.0    0.0    0.5    0.0
40141    1.5    0.0    0.0    0.0    0.0    0.0    0.0    2.0    0.0    0.0    0.0    0.0    0.0    0.5    1.0    1.5    0.0    0.0    0.0    0.0    0.0    0.0    0.0
40151    0.0    0.0    0.0    0.0    0.0    0.0    0.0    1.0    0.0    0.0    0.0    0.0    0.0    0.5    0.0    1.0    0.0    0.0    0.0    0.0    0.0    0.0    0.0
40161    0.0    0.0    0.0    0.0    0.0    0.0    0.0    0.0    0.0    0.0    0.0    0.0    0.0    0.5    0.0    0.5    0.0    0.0    0.0    0.0    0.0    0.0    0.0
40171    0.0    0.0    0.0    0.0    0.0    0.0    0.0    0.0    0.0    0.0    0.0    0.0    0.0    0.0    0.0    0.0    0.0    0.0    0.0    0.0    0.0    0.0    2.0
40181    1.0    0.0    0.0    0.0    0.0    0.0    0.0    1.5    0.5    0.0    0.0    0.0    0.0    0.0    0.0    0.0    0.0    0.0    0.0    0.0    0.0    1.0    0.0
40191    1.0    0.0    0.0    0.0    0.0    0.0    0.0    1.5    0.5    0.0    0.0    0.0    0.0    0.0    0.0    0.0    0.0    0.0    0.0    0.0    0.0    1.0    0.0
40201    2.0    0.0    0.0    0.0    0.0    0.0    0.0    0.0    0.0    0.0    0.0    0.0    0.0    0.0    0.0    0.0    0.0    0.0    0.0    0.0    0.0    0.0    0.0
40211    0.0    0.0    0.0    0.0    0.0    0.0    0.0    0.0    0.0    0.0    0.0    0.0    0.0    0.0    3.5    0.0    2.0    0.0    0.0    0.0    0.0    0.0    0.0
40221    0.0    0.0    0.0    0.0    0.0    0.0    0.0    0.0    0.0    0.0    0.0    0.0    0.0    0.0    3.5    0.0    2.0    0.0    0.0    0.0    0.0    0.0    0.0
40231    0.0    0.0    0.0    0.0    0.0    0.0    0.0    0.0    0.0    0.0    0.0    0.0    0.0    0.0    3.5    0.0    2.0    0.0    0.0    0.0    0.0    0.0    0.0
40241    1.5    0.0    0.0    0.0    0.0    0.0    4.0    0.0    0.0    0.0    0.0    0.0    0.0    3.0    0.0    0.5    0.0    0.0    0.0    0.0    0.0    0.0    0.0
40251    1.5    0.0    0.0    0.0    0.0    0.0   14.0   10.5    0.0    0.0    0.0    0.0   23.5    2.0    0.0    0.5    0.0    0.0    0.0    0.0    0.0    0.0    0.0
40262    2.5    0.0    0.0    0.0    1.0    2.0   27.0   39.5    0.0    0.0    0.0    0.5    9.5    3.0    0.0    0.0    0.0    0.0    0.0    0.0    0.0    0.0    0.0
40271    2.5    0.0    0.0    0.0    1.0    2.0   27.0   39.5    0.0    0.0    0.0    0.5    9.5    3.0    0.0    0.0    0.0    0.0    0.0    0.0    0.0    0.0    0.0
40281    0.0    0.0    0.0    1.0    0.0    8.5   30.5   46.5    0.0    0.0    0.0    1.0    8.0    2.5    0.0    0.0    0.0    0.0    0.0    0.0    0.0    0.0    0.0
40291    0.0    0.0    0.0    0.0    0.0    0.0    0.0    0.5    0.0    0.0    0.0    0.0    0.0    0.0    0.0    0.0    0.0    0.0    0.0    0.0    0.0    1.5    0.5
40301    0.0    0.0    0.0    0.0    0.0    0.0    3.0    2.0    0.0    0.0    0.0    0.0    0.0    2.5    2.5    0.0    2.0    0.0    0.0    0.0    0.0    0.0    0.0
40311    5.5    0.0    0.0    0.0    0.0    0.0   13.0   34.5    0.0    0.0    0.0    0.0    1.5    1.5    0.5    0.0    0.0    0.0    0.0    0.0    0.5    0.0    0.0
40321    0.0    0.0    0.0    0.0    0.0    3.0   33.0   40.5    0.0    0.0    0.0    0.0    1.0    0.0    0.5    0.0    0.0    0.0    0.0    0.0    0.0    0.0    0.0
40331    2.5    0.0    0.0    0.0    1.0    2.0   27.0   39.5    0.0    0.0    0.0    0.5    9.5    3.0    0.0    0.0    0.0    0.0    0.0    0.0    0.0    0.0    0.0
40341    0.0    0.0    0.0    0.0    0.0    3.0   33.0   40.5    0.0    0.0    0.0    0.0    1.0    0.0    0.5    0.0    0.0    0.0    0.0    0.0    0.0    0.0    0.0
40351    2.5    0.0    0.0    0.0    0.0    2.5   34.5   28.5    0.0    0.0    0.0    0.0    0.0    0.0    0.0    0.0    0.0    0.0    0.0    0.0    0.0    0.0    0.0
40361    0.0    0.0    0.0    0.0    0.0    3.0   33.0   40.5    0.0    0.0    0.0    0.0    1.0    0.0    0.5    0.0    0.0    0.0    0.0    0.0    0.0    0.0    0.0
