2014071000+000HOUR     2014071009LST
STNID    21H    45H    69H    93H   117H   141H   165H   189H   213H   237H   261H   285H
STNID 071106 071206 071306 071406 071506 071606 071706 071806 071906 072006 072106 072206LST
47008    0.8    0.5    0.4    0.5    0.6    0.6    0.6    0.5    0.6    0.7    1.4    1.3
47035    0.4    0.7    1.0    0.6    0.7    0.7    0.6    0.6    0.9    1.2    1.5    1.5
47041    0.5    0.6    0.8    0.8   13.1    0.7    7.2    0.8    1.3    6.7   10.0    6.7
47058    0.4    0.8    0.8    0.9    0.7    0.6    0.9    0.9    0.5    0.9    1.0    1.0
47070    0.5    1.0    0.8    1.0    0.6    0.5    0.9    0.7    1.0    1.2    1.3    1.5
47090    0.6    0.7    0.5    0.7    0.6    0.6    0.7    1.2    1.3    1.3    1.9    1.6
47095    0.5    1.0    0.5    1.0    0.6    0.6    0.9    0.9    0.8    1.2    1.0    1.2
47098    0.6    0.8    0.8    0.9    0.7    0.5    1.2    0.6    0.7    1.2    1.1    1.2
47099    0.6    1.2    0.9    1.2    0.7    0.7    1.0    0.8    0.7    1.2    1.1    1.1
47100    0.9    0.7    0.6    0.8    0.7    0.5    0.7    1.1    1.3    1.6    1.7    1.4
47101    0.6    0.7    0.6    0.6    0.6    0.6    0.6    0.5    0.6  133.8  114.2  175.9
47104    0.9    0.6    0.6    0.8    0.7    0.6    0.6    1.1    1.3    1.4    1.9    1.7
47105    1.3    0.7    0.6    1.0    0.8    0.8    0.9    1.4    1.5    1.6    2.4    2.0
47106    0.9    0.8    0.6    1.0    0.7    0.5    0.7    1.0    1.2    1.3    1.9    1.9
47108    0.6    0.7    0.7    0.9    0.7    0.8    1.3    1.2    0.9    1.4    1.2    1.6
47112    0.4    0.8    0.8    0.9    0.7    0.6    1.1    1.1    1.2    1.0    0.9    1.3
47114    0.6    0.7    0.6    0.6    0.8    0.6    0.6    0.5    1.3   22.3   18.0   33.3
47115    1.0    0.8    0.6    1.2    0.9    0.7    0.7    0.9    1.3    1.5    1.9    2.0
47119    0.5    0.9    0.8    1.1    0.6    0.5    0.8    0.8    0.7    0.9    1.0    1.2
47121    0.6    0.6    0.6    0.7    0.5    0.6    0.5    0.7    0.6    1.0    1.2    1.3
47127    0.0    1.0    0.8    0.9    0.6    0.5    0.8    0.8    0.9    0.7    0.7    0.8
47129    0.6    0.9    1.1    1.0    0.6    0.4    0.7    0.8    0.6    0.8    0.8    0.9
47130    1.4    0.8    1.3    1.0    0.6    0.7    0.9    1.0    1.4    1.3    1.9    1.6
47131    0.6    0.9    0.9    0.8    0.7    0.6    0.8    0.7    0.6    1.0    0.9    1.2
47133    0.8    0.9    1.1    1.1    1.7    4.1    2.5    1.8    2.6    1.0    0.9    1.2
47135    0.6    0.8    0.9    1.0    0.6    0.4    0.5    0.4    0.6    0.8    1.0    1.0
47136    0.7    0.8    0.9    1.0    0.7    0.7    0.6    0.5    0.9    1.3    1.4    1.4
47137    0.6    0.6    0.8    0.8    0.6    0.9    0.5    0.9   24.0    1.7    1.9    2.1
47138    0.7    0.7    1.3    1.5    1.0    1.1    0.8    0.9    1.1    1.5    1.8    1.6
47140    0.5    0.5    0.8    2.4    0.6    0.6    0.8    0.7    1.5    0.7    0.9    1.1
47143    0.6    0.6    1.2    1.1    0.8    0.8    0.6    0.7    1.0    1.2    1.6    1.5
47146    0.6    0.8    1.2    1.2    0.6    0.7    2.4    1.0    0.7    0.8    1.0    1.3
47152    0.6    0.7    1.6    1.6    0.7    0.8    0.5    0.8    0.9    1.2    1.6    1.6
47155    0.6    0.5    1.0    0.9    0.6    0.5    0.7    0.6    0.7    1.0    1.2    1.3
47156    0.4    0.7    1.2    1.0    0.6    0.6    0.6    0.6    0.9    1.0    1.1    1.3
47159    0.7    0.8    1.2    1.0    0.7    0.6    0.5    0.4    0.6    0.9    1.1    1.0
47162    0.8    0.6    1.0    0.9    0.7    0.6    0.6    0.6    0.8    0.9    1.1    1.2
47165    0.5    0.5    0.8    1.0    0.7    0.7    0.7    0.8    1.0    0.9    1.0    0.9
47168    0.5    1.0    0.8    0.7    0.6    0.5    0.5    0.4    0.6    0.6    0.8    0.8
47170    0.5    0.7    0.8    1.1    0.6    0.8    0.7    0.7    0.7    0.8    1.0    1.0
47172    0.9    0.8    1.2    1.0    1.5    1.3    1.2    1.4   21.0    2.2    1.6    2.0
47174    0.5    0.8    1.0    1.2    0.7    0.8    0.9    0.9   95.6   85.3  150.5  256.4
47176 -999.0 -999.0 -999.0 -999.0 -999.0 -999.0 -999.0 -999.0 -999.0 -999.0 -999.0 -999.0
47184    0.7    0.8    1.3    1.8    0.8    0.9    0.7    0.8    0.7    1.0    0.8    1.1
47185    1.0    0.9    0.9    1.3    0.6    0.6    0.5    0.6    0.8    0.7    0.8    0.9
47188    0.8    0.9    1.0    1.5    0.7    1.0    0.5    0.5    0.7    0.9    1.1    1.4
47189    0.6    0.5    1.1    1.3    0.5    0.6    0.7    0.6    0.8    0.8    0.7    0.8
47192    0.4    0.7    1.1    1.0    0.6    0.7    0.6    0.7    0.7    0.7    0.7    0.9
47203    0.8    1.0    0.7    0.8    0.6    0.6    1.0    0.6    0.9    1.1    1.1    1.4
47232    0.8    1.2    1.0    1.0    0.6    0.6    0.9    0.8    0.6    1.0    0.9    1.1
47235    0.9    0.8    1.1    1.1    0.6    1.3    0.8    1.3    0.7    0.8    0.9    1.1
47245    0.5    0.8    1.1    1.1    0.7    0.7    0.7    1.1    1.0    1.1    0.8    1.0
47247    0.5    0.6    0.9    1.0    0.6    0.5    0.5    0.7    1.1    1.2    1.2    1.5
47268    0.8    0.8    0.6    0.9    0.6    0.9    0.6    0.6    1.0    0.9    0.7    0.8
47279    0.6    0.6    0.7    0.8    0.6    0.5    0.4    0.4    0.6    1.0    1.0    1.2
47284    0.7    0.8    1.0    0.9    0.6    0.8    0.7    0.6    0.9    1.0    1.1    1.4
  887    0.8    0.9    1.1    1.3    0.7    0.8    1.6    1.3    1.4    1.4    1.8    2.5
47110    0.5    1.0    0.9    1.3    0.7    0.6    1.4    1.6    0.9    1.2    1.4    1.7
47113    0.5    0.8    0.9    1.2    0.7    0.6    1.0    0.9    1.0    0.8    1.2    1.4
47151    0.6    1.0    1.4    1.6    1.0    0.9    0.7    0.9    0.9    1.6    1.7    1.7
47153    0.6    0.6    1.0    1.1    0.6    0.6    0.8    0.7    1.0    1.3    1.6    1.7
47182    0.7    0.9    1.1    1.7    0.9    1.2    1.0    1.2    1.7    1.0    1.1    1.2
