2014071000+000HOUR     2014071009LST
STNID     6H    30H    54H    78H   102H   126H   150H   174H   198H   222H   246H   270H
STNID 071015 071115 071215 071315 071415 071515 071615 071715 071815 071915 072015 072115LST
47008    0.9    0.7    1.0    1.1    1.1    1.1    0.7    1.3    1.3    1.5    1.8    2.1
47035    0.7    1.1    1.1    1.4    1.7    1.1    1.6    1.8    1.5    2.5    2.9    2.3
47041    1.0    0.7    0.8    1.1    0.9    0.5    1.2    1.1    1.5    1.5    2.3    2.6
47058    1.4    0.9    0.8    1.5    1.3    1.0    1.4    2.4    1.7    1.8    1.8    2.0
47070    1.1    0.8    1.5    1.7    1.9    1.5    2.3    4.1    4.2    4.0    3.4    3.3
47090    1.0    1.1    1.0    1.2    1.6    1.1    1.3    2.0    2.3    1.9    1.9    2.3
47095    0.8    1.0    1.0    1.2    1.6    1.0    1.8    2.7    2.7    2.6    2.2    2.4
47098    1.1    1.0    1.4    1.4    1.9    1.2    2.0    3.6    3.9    4.0    3.4    3.4
47099    1.0    1.0    1.4    1.6    1.6    1.3    2.0    3.2    3.7    3.7    3.1    3.0
47100    0.9    1.1    0.9    0.9    1.7    1.3    1.2    2.6    1.4    1.9    2.3    2.6
47101    0.9    1.1    1.4    1.5    1.9    1.2    1.7    2.8    2.8    2.6    2.4    2.8
47104    0.8    1.1    0.7    0.9    1.7    0.9    0.9    2.0    2.1    1.9    2.3    2.3
47105    0.9    1.3    0.7    1.0    1.9    0.9    1.4    2.1    2.2    2.4    2.8    2.9
47106    0.9    1.5    0.9    2.2    1.6    0.9    1.1    1.9    1.6    1.9    2.2    2.6
47108    1.4    1.0    1.4    1.2    1.5    1.5    2.2    3.0    2.9    3.5    2.9    2.9
47112    1.0    0.8    1.1    1.4    1.1    1.2    2.1    2.5    2.1    2.1    2.0    2.3
47114    0.8    0.9    1.0    0.9    1.6    1.6    1.6    1.9    2.0    1.7    1.7    1.5
47115    0.9    1.1    0.7    1.3    1.6    1.4    1.1    1.3    1.5    2.2    2.6    2.9
47119    1.1    0.9    1.0    1.2    1.4    1.4    1.9    2.2    2.4    2.5    2.2    2.5
47121    0.5    0.9    0.9    1.0    1.9    1.7    1.6    2.0    2.4    2.3    2.9    2.5
47127    0.6    0.9    0.8    1.7    1.6    1.2    1.5    1.8    2.2    2.5    2.4    2.2
47129    1.2    0.7    1.3    1.3    1.2    1.0    1.5    1.8    2.1    2.1    1.6    1.9
47130    0.6    0.9    0.9    1.4    1.6    1.4    1.6    2.0    1.9    2.2    2.6    2.9
47131    0.9    1.1    0.9    1.8    1.6    1.5    1.5    1.7    1.8    2.5    1.7    1.9
47133    0.8    1.3    1.3    2.1    1.6    1.5    1.4    1.6    1.8    1.9    1.4    1.4
47135    0.5    1.6    1.0    2.0    2.1    1.1    1.0    1.1    1.6    1.9    1.9    1.9
47136    0.6    1.1    0.9    1.8    1.8    1.3    1.2    1.6    1.8    2.1    2.4    1.8
47137    0.5    1.6    1.1    2.5    1.7    1.5    1.0    1.7    1.9    2.1    1.9    1.8
47138    0.9    1.1    0.9    3.3    2.6    1.6    1.5    2.1    2.0    2.1    2.5    3.2
47140   30.4    1.1    0.9    1.2    1.0    1.4    1.4    1.3    1.5    1.6    1.5    1.4
47143    0.6    1.3    1.3    2.1    1.9    1.3    1.2    1.4    1.7    2.0    2.0    1.8
47146    0.6    1.3    1.2    1.5    1.3    1.5    1.6    1.6    1.7    2.2    1.7    1.8
47152    1.0    1.5    1.3    2.4    2.1    1.5    1.3    1.5    1.6    1.9    2.3    2.4
47155    0.4    1.5    1.5    1.8    2.1    1.4    1.1    1.0    1.8    2.2    2.0    2.1
47156    0.7    1.4    1.2    1.5    1.6    1.8    1.1    1.4    1.7    1.4    1.2    1.3
47159    0.5    1.1    1.2    1.7    1.7    1.2    1.1    1.2    1.6    1.6    1.6    1.9
47162    0.5    1.9    1.3    1.4    1.7    1.3    1.0    1.2    1.5    1.7    1.8    1.5
47165    0.6    1.3    1.3    1.2    1.2    1.8    0.0    1.2   68.8    2.5    2.1    2.3
47168    0.4    1.6    1.3    1.3    1.5    1.3    0.9    0.9    1.6    2.0    1.8    1.6
47170    0.8    1.6    1.4    1.8    2.3    1.5    2.0    1.2    2.4    3.8    2.9    3.9
47172    0.7    1.3    1.1    1.3    1.0    1.2    1.3    1.5    1.8    1.4    1.1    1.6
47174    0.7    1.6    1.6    1.7    1.8    1.7    1.3    1.2    1.8    2.5    1.8    2.0
47176 -999.0 -999.0 -999.0 -999.0 -999.0 -999.0 -999.0 -999.0 -999.0 -999.0 -999.0 -999.0
47184    0.7    1.0    2.0    2.2    1.8    1.2    1.4    1.1    1.1    1.7    2.1    1.8
47185    0.7    1.1    1.2    1.1    1.2    1.5    1.1    1.3    1.4    0.9    1.0    1.2
47188    0.7    1.3    2.0    1.4    1.6    1.1    1.5    1.5    1.3    1.8    1.9    1.8
47189    0.8    1.1    1.7    1.3    1.2    1.0    0.7    1.1    1.2    1.8    2.1    1.5
47192    0.6    1.5    1.5    2.0    1.9    1.6    0.9    1.3    1.9    2.2    2.2    2.2
47203    1.5    1.4    1.2    1.7    1.5    1.5    2.4    2.5    3.1    2.8    2.2    2.5
47232    0.8    1.0    1.0    1.4    1.0    1.3    1.4    1.8    2.2    2.1    1.6    1.7
47235    0.8    1.2    1.0    1.3    3.1    1.4    2.1    1.5    1.9    2.4    1.9    2.2
47245    0.6    1.5    1.2    1.7    1.4    1.5    1.5    1.3    1.6    1.7    1.2    1.5
47247    0.6    1.4    1.3    1.3    1.4    1.2    1.0    1.1    1.7    1.6    1.0    1.5
47268    0.5    1.5    1.2    1.1    1.5    1.2    1.1    1.4    1.4    1.5    1.7    1.4
47279    0.5    1.6    1.1    2.1    1.7    1.2    1.0    1.2    1.7    2.0    1.8    1.6
47284    0.5    1.5    1.4    1.9    1.8    1.6    1.2    1.2    1.7    1.9    1.7    2.0
  887    0.9    1.2    1.4    2.0    1.6    1.4    1.5    2.1    2.2    2.4    1.7    1.9
47110    1.0    0.8    1.1    1.2    1.2    1.0    2.2    2.6    2.7    2.7    2.5    2.8
47113    0.8    0.6    0.8    1.1    1.0    0.9    1.9    1.9    2.4    2.0    1.9    2.3
47151    0.8    1.2    1.5    2.3    1.9    1.5    1.7    1.4    2.2    2.8    3.1    3.2
47153    0.5    1.3    1.3    1.9    1.8    1.3    1.1    1.2    2.0    2.1    2.1    2.1
47182    0.7    0.9    1.8    2.5    2.2    1.3    1.5    1.2    1.4    1.9    1.9    2.0
