2014071000+000HOUR     2014071009LST
STNID     6H    30H    54H    78H   102H   126H   150H   174H   198H   222H   246H   270H
STNID 071015 071115 071215 071315 071415 071515 071615 071715 071815 071915 072015 072115LST
47008   26.9   26.7   27.9   26.4   25.8   26.8   26.2   26.6   28.4   28.6   27.8   25.7
47035   31.5   30.7   28.7   30.1   28.3   27.5   28.9   29.0   30.0   27.4   28.3   27.8
47041   33.3   33.8   33.4   31.9   29.9   31.1   29.8   30.1   30.7   30.4   32.0   30.9
47058   31.0   30.9   30.4   31.6   31.8   32.8   31.7   33.5   32.2   32.5   30.8   31.3
47070   30.9   32.6   30.7   29.8   31.8   32.9   32.5   37.6   39.1   39.0   38.0   34.5
47090   29.5   30.4   31.1   28.1   28.4   27.4   28.6   28.7   29.7   30.7   28.4   28.6
47095   31.1   32.1   30.4   29.8   30.2   31.3   32.0   33.1   34.9   36.6   34.5   32.4
47098   33.0   33.4   31.9   30.7   32.7   33.5   33.7   34.4   38.2   41.5   38.8   34.9
47099   33.1   33.9   31.9   31.5   32.4   32.9   33.5   34.3   39.4   40.6   38.7   35.7
47100   24.8   25.9   26.7   24.2   26.0   26.5   25.5   27.2   27.9   30.2   31.5   30.1
47101   32.6   32.6   31.5   28.7   32.1   31.8   32.7   30.7   34.7   36.5   35.0   33.2
47104   28.5   30.5   30.6   29.5   28.8   28.5   28.3   29.1   31.2   32.4   34.8   32.5
47105   29.1   31.6   31.2   29.8   30.3   29.2   29.5   29.9   32.4   34.7   35.7   33.2
47106   29.4   30.3   30.0   28.9   28.0   28.7   28.3   29.2   30.9   32.5   33.6   31.0
47108   32.5   32.6   31.0   28.7   31.1   31.9   33.9   30.7   34.5   39.4   37.1   33.3
47112   29.7   29.8   28.6   26.5   28.8   29.2   29.8   28.4   31.3   33.2   33.1   30.4
47114   33.0   31.2   31.5   28.6   31.4   32.7   32.3   31.7   34.0   35.5   34.9   34.5
47115   26.6   26.5   28.3   25.8   26.9   27.2   26.5   27.7   30.1   32.0   32.2   30.1
47119   32.3   31.7   30.6   28.9   31.3   32.7   32.7   30.7   34.3   35.7   36.2   32.0
47121   32.9   31.1   31.6   28.9   31.6   32.6   32.2   31.1   34.2   37.5   38.2   36.1
47127   33.4   31.4   30.8   26.9   32.1   31.5   32.1   32.4   34.0   37.3   37.2   34.4
47129   29.6   29.1   27.1   27.0   29.1   29.8   28.1   30.2   31.1   33.9   31.8   30.2
47130   27.1   29.5   28.8   27.1   27.4   27.6   25.7   27.7   28.4   28.2   31.6   30.3
47131   33.3   31.9   30.8   26.7   31.1   31.5   32.4   33.2   33.0   35.6   34.6   33.2
47133   32.1   30.7   30.0   26.2   31.0   30.6   30.5   31.4   32.5   33.5   32.8   32.7
47135   31.6   29.3   28.6   26.3   29.9   29.2   29.4   30.0   32.1   33.8   33.9   33.0
47136   33.5   31.4   30.4   30.2   32.0   32.6   30.6   32.2   34.8   36.7   37.5   35.3
47137   33.2   30.7   29.8   27.7   30.3   29.4   29.2   32.2   34.0   35.5   34.5   33.6
47138   30.8   32.7   33.1   26.4   30.3   28.8   28.6   29.1   33.6   33.1   34.6   35.2
47140    6.3   28.8   29.1   26.4   27.6   28.1   30.2   27.6   31.3   32.4   32.7   30.1
47143   33.9   32.3   30.5   27.2   31.5   31.6   31.3   31.8   35.5   36.5   36.8   36.6
47146   32.7   31.0   30.1   27.3   30.3   31.8   32.6   31.1   33.7   37.0   36.3   34.4
47152   31.8   32.1   31.4   24.6   30.0   28.3   29.5   29.2   34.6   34.5   34.3   34.6
47155   32.9   30.9   30.5   25.7   29.4   27.5   29.8   30.0   33.4   34.1   33.7   33.0
47156   32.1   30.8   29.7   26.9   29.8   30.2   30.1   28.9   33.1   33.0   33.8   34.1
47159   31.2   29.7   28.3   23.9   28.4   27.3   29.7   28.9   31.0   33.8   33.7   33.6
47162   31.1   28.5   26.4   24.8   26.3   27.2   28.5   27.3   29.8   32.6   32.1   31.8
47165   29.1   28.5   29.0   26.2   25.5   29.4 -195.9   26.8   30.8   34.7   34.6   31.6
47168   31.1   30.1   26.3   24.4   25.0   28.0   27.3   28.5   30.0   32.9   32.1   31.4
47170   29.6   29.6   29.8   25.8   26.7   29.9   30.4   28.6   31.6   34.5   34.3   35.8
47172   29.2   29.2   29.3   28.4   27.3   29.3   30.6   31.4   32.7   32.0   31.7   30.4
47174   32.8   31.8   29.8   25.6   27.3   28.3   30.6   28.5   32.4   34.4   34.0   32.6
47176 -999.0 -999.0 -999.0 -999.0 -999.0 -999.0 -999.0 -999.0 -999.0 -999.0 -999.0 -999.0
47184   27.7   28.5   29.7   25.7   25.7   25.5   29.5   28.5   30.6   32.3   33.6   32.2
47185   25.0   26.7   27.9   26.3   24.7   26.9   27.5   28.5   27.9   28.8   29.3   28.1
47188   28.4   28.6   29.1   26.9   24.8   27.1   30.7   28.6   30.0   32.8   32.8   31.8
47189   31.5   28.6   29.6   26.7   25.3   27.9   28.3   28.3   29.5   32.1   33.1   31.7
47192   33.9   32.1   30.3   24.4   28.1   28.8   30.0   30.4   32.9   35.6   36.1   34.8
47203   33.9   32.5   30.9   26.3   31.3   32.7   32.8   32.0   35.7   37.6   36.4   33.7
47232   32.5   31.7   30.4   26.9   30.7   31.1   30.9   33.0   33.3   34.9   34.4   33.3
47235   29.7   29.5   28.1   27.3   27.0   29.9   30.3   28.5   31.3   33.4   33.2   29.8
47245   31.3   30.1   29.7   26.8   29.8   31.1   32.3   29.7   34.1   35.6   34.6   34.1
47247   31.6   30.6   30.4   26.2   28.9   29.1   29.3   28.5   34.4   33.6   33.6   32.3
47268   27.1   27.5   27.7   26.2   25.9   28.2   29.8   29.0   29.0   32.8   33.1   30.2
47279   33.2   30.9   30.2   26.3   31.2   31.0   30.1   31.0   34.4   35.7   35.7   34.6
47284   32.3   30.7   30.1   24.8   30.3   29.3   30.3   28.4   32.8   34.0   33.8   33.0
  887   31.8   30.6   29.1   26.2   29.4   29.9   29.6   32.1   31.5   33.3   32.2   32.2
47110   32.1   32.3   30.6   28.8   30.9   30.3   32.5   31.2   34.7   36.1   35.7   33.0
47113   29.3   29.5   28.3   27.5   28.5   27.7   30.5   29.5   32.8   33.5   32.6   29.4
47151   31.5   32.8   31.8   24.6   29.3   29.7   30.7   29.6   35.5   34.7   34.7   35.2
47153   31.8   31.1   29.4   25.0   28.7   28.2   28.9   27.8   33.1   34.5   32.8   33.5
47182   27.1   27.8   29.2   25.7   24.8   23.0   26.9   27.3   28.8   31.0   31.4   31.1
