2014071000+000HOUR     2014071009LST
STNID     6H    30H    54H    78H   102H   126H   150H   174H   198H   222H   246H   270H
STNID 071015 071115 071215 071315 071415 071515 071615 071715 071815 071915 072015 072115LST
47008   26.4   26.2   27.5   27.8   26.2   27.6   28.1   25.0   26.9   25.2   24.6   24.0
47035   33.1   29.3   28.4   26.7   30.9   28.6   26.4   25.2   28.9   27.6   27.9   29.4
47041   31.9   33.3   33.5   32.2   30.8   31.8   30.6   29.6   27.9   27.6   31.2   29.0
47058   30.8   30.3   31.1   29.5   30.7   33.1   32.2   31.2   29.8   33.4   32.5   27.3
47070   31.0   31.2   30.1   26.7   30.1   32.0   30.4   29.6   29.8   36.4   33.5   26.9
47090   28.4   32.9   30.6   31.1   29.5   28.5   29.2   29.4   28.0   27.3   30.6   29.7
47095   31.6   31.6   30.1   26.7   29.8   31.5   31.1   30.8   30.5   34.3   32.4   27.5
47098   33.6   32.4   31.6   29.7   30.7   32.8   32.1   32.2   32.4   38.2   35.8   28.1
47099   33.5   33.2   31.6   29.1   31.3   32.1   31.1   30.3   29.9   37.4   34.4   28.5
47100   25.0   26.9   25.7   26.0   25.5   26.5   26.7   28.1   26.3   26.3   28.6   24.8
47101   31.3   31.7   31.2   27.5   30.6   31.1   31.5   31.3   31.4   34.0   32.8   27.8
47104   28.2   32.6   29.9   31.7   29.9   29.5   28.7   30.4   30.7   29.9   31.9   29.3
47105   28.7   34.1   30.5   32.7   31.0   30.2   30.9   30.9   31.7   29.8   33.7   29.8
47106   29.0   33.6   30.2   31.4   29.7   29.2   28.9   29.3   30.0   29.5   31.7   29.3
47108   33.0   31.1   30.3   29.4   29.5   31.9   31.9   30.1   30.4   35.6   34.3   29.3
47112   29.4   27.2   27.9   24.9   27.2   29.1   29.6   26.5   27.5   30.6   28.0   25.7
47114   31.5   31.7   31.1   29.0   29.5   32.0   31.6   30.5   31.4   32.9   33.9   31.7
47115   26.0   29.7   27.5   26.2   25.6   27.4   27.9   27.6   28.6   30.5   28.4   26.9
47119   31.4   30.6   29.9   29.6   29.2   32.1   31.7   28.8   29.6   34.5   31.8   27.6
47121   32.5   30.4   31.6   29.7   30.4   31.7   31.7   31.0   31.6   33.8   34.1   31.9
47127   31.8   31.5   31.1   25.9   29.4   31.1   30.3   29.5   29.2   34.7   33.3   30.8
47129   27.5   29.2   27.9   27.1   28.1   29.5   30.8   27.3   28.3   30.8   31.4   30.1
47130   28.1   30.8   29.6   29.8   28.1   28.4   28.6   29.5   27.3   26.4   30.4   29.7
47131   31.1   31.4   31.3   26.8   30.1   30.5   30.6   29.3   29.2   34.0   34.0   31.2
47133   29.8   27.9   30.5   25.5   29.8   29.0   30.2   28.1   28.3   32.9   33.0   30.7
47135   30.6   25.8   29.3   24.2   26.3   28.6   27.9   28.4   29.7   32.6   30.7   30.0
47136   33.0   30.2   30.9   30.2   29.3   31.5   29.8   30.2   32.5   33.0   33.5   32.6
47137   32.0   28.0   30.6   26.5   28.9   28.7   29.1   30.4   30.8   33.2   32.9   30.8
47138   30.9   31.8   32.2   26.8   26.4   29.4   30.3   32.4   31.7   30.2   33.1   34.6
47140   26.4   27.3   27.3   25.3   26.3   27.3   28.4   27.2   27.4   30.3   30.2   28.1
47143   33.7   29.1   30.5   26.4   27.4   31.3   30.5   32.5   33.4   34.2   35.0   33.5
47146   31.8   28.0   30.2   26.1   28.4   29.7   30.0   30.9   28.5   34.1   33.8   31.9
47152   31.7   29.3   30.8   25.8   26.3   29.0   30.4   32.1   31.9   32.6   33.2   33.9
47155   32.3   26.6   29.7   25.0   25.0   28.0   28.0   29.0   31.4   32.4   31.9   31.4
47156   31.5   26.6   29.5   24.7   28.0   29.6   28.3   29.8   28.9   31.6   32.1   33.0
47159   30.4   26.8   28.2   24.2   24.2   27.1   27.3   28.0   31.2   29.4   31.4   31.7
47162   30.1   22.9   26.7   23.5   23.1   24.7   26.1   26.8   31.2   30.5   30.5   29.7
47165   28.0   25.3   27.0   24.1   24.6   27.4 -195.9   26.8 -308.9   31.2   30.0   28.8
47168   29.9   26.5   26.5   23.1   23.6   26.1   25.8   28.6   30.3   30.8   30.8   29.5
47170   28.7   27.6   28.8   24.8   24.2   28.8   27.4   30.4   31.7   34.0   32.9   42.4
47172   27.0   27.2   27.2   27.6   26.0   28.6   27.8   27.6   28.8   31.2   30.8   29.0
47174   31.3   28.9   28.7   24.3   25.0   27.7   26.2   28.7   31.1   32.4   32.5   29.8
47176 -999.0 -999.0 -999.0 -999.0 -999.0 -999.0 -999.0 -999.0 -999.0 -999.0 -999.0 -999.0
47184   27.5   28.4   29.2   25.8   26.3   26.0   28.5   29.1   29.9   32.6   32.7   31.3
47185   23.4   23.8   26.0   24.0   24.7   26.3   25.5   28.5   29.1   28.1   27.9   27.1
47188   27.2   27.0   27.9   24.6   26.8   26.9   26.6   27.8   30.0   31.2   31.6   30.8
47189   29.9   26.8   28.0   24.0   26.2   28.4   26.8   29.5   28.6   30.6   32.1   31.2
47192   32.7   29.0   28.6   24.7   25.1   28.6   27.6   29.7   31.9   32.1   32.2   33.6
47203   32.2   32.5   31.4   27.6   29.3   32.0   31.5   29.7   28.7   35.1   33.1   28.5
47232   30.0   31.5   30.6   27.2   29.4   30.7   31.4   28.8   29.5   33.9   34.2   31.5
47235   26.8   27.0   27.3   26.3   24.5   28.7   30.4   26.2   27.0   31.1   28.4   27.1
47245   30.7   26.6   30.2   25.2   27.1   29.1   28.0   30.1   29.4   32.9   33.8   32.1
47247   31.1   27.8   29.1   25.6   26.7   28.9   26.9   31.6   30.8   31.9   32.3   30.2
47268   26.3   26.1   27.1   24.7   24.6   26.6   25.4   25.6   28.9   31.5   31.4   31.0
47279   32.1   26.6   30.9   26.3   28.4   30.4   30.1   30.8   31.7   33.8   34.1   31.9
47284   31.6   27.6   29.5   24.4   26.5   30.4   28.9   30.6   31.3   31.7   31.3   30.0
  887   28.6   29.5   30.0   26.1   27.7   28.9   30.1   29.8   27.8   33.5   33.1   29.4
47110   32.4   30.3   29.8   29.2   29.4   30.7   31.1   28.8   30.4   34.4   33.3   27.8
47113   29.1   27.8   27.7   26.0   27.2   28.4   29.3   26.3   26.7   30.8   29.7   25.9
47151   31.9   31.5   30.5   26.6   26.5   29.3   30.7   31.0   33.0   32.8   33.8   34.3
47153   31.3   27.6   28.2   24.4   24.5   26.9   27.3   29.2   32.0   32.6   31.9   30.7
47182   26.4   27.4   28.6   25.6   24.0   26.3   28.8   28.4   27.7   30.7   29.5   27.7
