2014071000+000HOUR     2014071009LST
STNID    21H    45H    69H    93H   117H   141H   165H   189H   213H   237H   261H   285H
STNID 071106 071206 071306 071406 071506 071606 071706 071806 071906 072006 072106 072206LST
47008   18.3   17.5   17.7   18.8   18.1   17.2   19.0   19.8   19.4   20.1   19.1   20.8
47035   19.6   21.2   21.9   21.1   18.2   19.8   19.7   20.7   21.4   23.6   25.5   25.8
47041   18.6   18.2   18.6   18.3   19.4   17.2   19.6   20.1   20.6   20.7   22.6   24.2
47058   20.5   20.3   22.4   21.5   19.5   20.8   23.1   23.1   23.4   23.6   23.1   22.6
47070   19.3   21.7   21.0   22.0   19.6   21.2   22.7   20.8   21.9   23.9   24.4   26.1
47090   22.4   23.7   23.2   21.4   22.2   21.7   21.3   22.2   21.7   22.4   23.5   24.0
47095   18.9   20.5   19.6   20.9   19.1   20.2   20.3   21.1   22.7   21.2   22.5   23.1
47098   19.8   21.6   21.0   21.7   18.9   20.9   21.1   22.4   23.1   23.1   23.4   25.5
47099   19.1   22.1   21.5   23.3   20.0   21.7   21.8   22.8   23.6   23.4   24.2   25.5
47100   14.6   18.8   17.3   19.6   17.6   17.4   17.6   17.6   18.9   17.4   17.7   20.2
47101   20.7   22.3   20.5   21.2   19.8   21.8   21.7   22.3   23.3  -95.6   26.2 -192.7
47104   20.1   22.6   21.3   21.6   20.7   21.6   22.8   24.1   23.3   22.5   23.7   25.2
47105   22.5   24.6   24.6   21.8   22.3   22.7   22.7   25.5   24.2   24.3   24.1   25.8
47106   22.2   23.4   22.9   22.4   21.3   22.1   22.4   22.4   21.2   22.6   23.0   25.2
47108   23.8   23.2   22.8   22.3   20.8   22.1   23.6   24.8   23.7   26.4   26.8   28.3
47112   21.3   23.1   22.0   22.5   20.4   22.6   23.9   24.2   22.9   24.0   25.6   25.2
47114   21.7   22.0   21.0   21.9   20.1   21.1   21.6   22.7   23.7   25.3   24.8    8.1
47115   20.5   24.4   23.9   22.6   21.2   22.6   23.0   22.5   24.3   23.2   23.7   23.4
47119   21.0   22.9   21.9   23.3   20.9   22.0   22.7   23.4   23.2   24.2   25.7   26.5
47121   20.0   20.5   20.1   21.4   20.0   19.3   20.4   21.5   22.1   21.9   23.5   24.7
47127  -39.1   22.4   21.1   23.0   20.1   21.2   21.6   23.1   23.6   22.4   22.2   23.1
47129   20.7   21.8   21.4   23.5   19.7   21.9   22.3   22.4   23.3   22.5   23.5   24.8
47130   19.3   22.5   22.9   21.8   21.2   20.7   20.8   20.5   22.7   22.4   22.1   22.8
47131   22.5   23.5   22.6   23.4   21.0   22.2   23.9   25.4   23.9   25.4   26.4   27.6
47133   22.9   22.9   22.4   23.5   19.5   13.4   20.6   21.8   21.1   23.7   24.8   25.4
47135   20.0   19.8   20.0   21.8   18.4   20.6   21.6   21.6   22.0   22.9   22.9   23.5
47136   22.4   21.8   22.1   22.4   19.3   21.7   22.5   22.8   22.8   23.0   24.2   24.2
47137   21.4   21.2   21.2   22.3   19.5   21.8   21.8   21.2   22.4   24.2   22.9   24.0
47138   23.7   24.3   22.4   24.5   22.6   23.4   24.6   24.5   25.1   24.7   25.3   25.1
47140   21.4   22.4   21.8   19.6   21.0   22.4   22.4   23.2   22.2   24.3   24.1   25.8
47143   24.2   23.0   21.6   24.1   23.3   23.9   24.5   23.4   24.1   25.2   25.6   26.5
47146   22.5   22.9   21.7   23.9   21.6   22.8   20.2   23.6   23.5   23.9   25.0   25.5
47152   23.4   22.7   19.8   24.8   21.6   23.7   23.4   22.3   23.8   24.0   24.1   24.9
47155   24.4   22.8   21.2   24.3   21.9   22.1   23.3   23.2   23.4   23.8   24.9   24.8
47156   22.9   22.8   21.1   23.5   21.9   23.2   23.2   23.7   23.6   24.9   24.5   26.8
47159   24.3   22.8   19.8   24.6   22.8   22.2   23.1   23.9   24.5   25.5   24.9   24.8
47162   21.9   21.5   20.5   22.6   21.4   21.1   23.0   22.1   23.2   22.5   23.2   22.8
47165   21.8   21.7   21.7   23.3   21.7   22.3   23.3   23.3   23.1   22.9   22.4   23.2
47168   23.6   22.0   21.4   23.0   22.0   23.2   22.7   23.4   23.9   24.5   23.6   24.6
47170   23.4   23.0   22.0   24.0   21.9   21.9   22.7   23.4   23.6   24.3   25.5   24.5
47172   21.6   21.3   21.1   23.6   18.6   22.1   21.7   23.4   25.7   21.3   21.8   23.6
47174   19.5   19.6   19.7   23.9   19.5   19.2   20.6   21.3   21.9   26.2 -108.6   16.9
47176 -999.0 -999.0 -999.0 -999.0 -999.0 -999.0 -999.0 -999.0 -999.0 -999.0 -999.0 -999.0
47184   23.8   24.1   25.2   25.3   23.1   23.0   24.0   23.7   23.9   23.5   24.0   25.1
47185   23.3   22.3   23.6   23.7   22.2   22.2   24.0   24.9   24.5   23.8   24.2   24.0
47188   23.8   21.5   24.9   24.4   21.5   21.6   23.2   23.8   23.7   22.9   23.7   24.5
47189   23.6   23.8   24.7   24.2   23.0   22.7   24.6   24.5   24.9   25.2   25.7   25.9
47192   20.4   20.0   19.8   23.5   20.7   20.7   22.1   22.1   21.7   21.9   22.7   22.9
47203   19.8   22.0   20.2   22.1   18.8   20.9   21.7   22.1   21.6   22.5   22.7   23.8
47232   20.5   22.2   21.5   23.8   20.7   21.8   21.6   24.2   22.8   22.9   22.8   24.5
47235   22.0   23.0   22.6   23.6   20.5   21.7   22.8   22.1   24.3   23.4   23.3   24.0
47245   22.1   22.4   21.8   25.0   22.1   22.5   22.7   23.7   23.4   22.8   23.4   24.0
47247   21.3   19.8   20.5   22.8   20.0   21.0   21.8   22.7   23.1   22.7   22.2   25.1
47268   22.1   22.0   22.5   24.0   22.3   22.7   23.3   24.1   23.3   24.6   22.8   23.7
47279   21.4   20.4   21.7   22.6   19.9   21.7   21.8   22.7   22.6   23.4   24.1   24.7
47284   17.7   17.3   19.7   21.5   19.5   19.7   21.1   21.3   21.6   22.2   19.7   21.7
  887   20.8   20.6   21.0   22.5   18.5   19.0   21.7   20.7   21.6   22.3   24.3   26.2
47110   19.5   23.1   22.5   23.4   20.1   21.8   23.7   24.8   24.2   24.7   27.1   27.4
47113   20.7   22.7   22.1   23.6   21.1   22.3   22.2   23.0   23.4   24.5   25.3   26.3
47151   20.8   20.3   19.3   24.5   20.9   19.3   20.5   20.5   21.1   23.0   22.2   23.4
47153   23.7   23.0   20.2   24.4   21.7   22.3   22.0   22.8   23.2   23.3   23.7   23.4
47182   23.5   22.6   24.1   24.5   22.7   20.6   23.5   21.8   24.2   24.3   24.5   24.6
