2014071000+000HOUR     2014071009LST
STNID  +021H  +045H  +069H  +093H  +117H  +141H  +165H  +189H  +213H  +237H  +261H  +285H
STNID 071106 071206 071306 071406 071506 071606 071706 071806 071906 072006 072106 072206
47003   19.8   19.6   21.2   19.4   19.8   20.7   20.0   19.2   18.7   19.8   18.2   21.2
47005   12.2   11.2   11.9   10.9   12.7   12.9   13.6   15.8   14.3   13.2   12.9   12.5
47008   18.9   19.1   19.2   19.2   19.8   20.5   19.4   19.5   19.1   20.3   18.3   20.5
47014   18.4   17.2   17.4   17.0   18.4   19.0   18.2   20.1   19.7   18.8   19.3   18.7
47016   16.1   16.2   15.7   14.9   16.0   16.3   16.7   18.6   19.3   16.9   17.2   17.1
47020   19.5   17.7   18.4   17.2   18.9   19.1   18.7   20.2   20.7   19.7   19.6   20.0
47022   12.2   12.4   11.9   11.9   13.0   12.8   14.0   15.9   15.2   13.3   13.5   15.3
47025   18.0   18.6   19.4   19.6   20.0   20.5   20.3   20.5   20.6   20.1   20.4   19.4
47028   18.6   17.8   19.6   19.7   19.8   19.9   21.0   20.6   21.9   22.4   22.4   21.2
47031   12.7   11.5   11.8   11.7   12.5   13.3   12.7   14.4   14.8   14.5   15.3   16.1
47035   19.7   18.8   20.4   20.5   20.8   21.6   20.8   21.7   23.9   22.7   23.1   21.4
47037   19.6   18.5   19.9   19.6   20.5   21.7   20.1   21.5   22.3   23.0   22.2   20.6
47039   19.3   18.2   19.5   18.9   19.6   19.8   20.3   20.9   21.9   20.7   20.7   22.0
47041   18.7   19.1   18.9   19.1   20.5   20.7   20.1   20.5   21.1   20.9   20.1   20.8
47046   20.8   20.0   20.0   19.9   20.5   21.1   19.8   21.3   21.4   21.2   20.6   21.4
47050   20.6   21.1   20.7   21.8   21.9   22.7   21.0   22.6   23.6   22.4   23.1   21.7
47052   16.8   16.8   17.1   18.7   18.0   19.0   18.0   20.8   21.7   20.7   20.1   21.1
47055   24.5   23.1   21.8   21.8   22.1   21.8   21.3   21.0   21.3   21.3   20.7   22.9
47058   21.7   21.5   21.2   21.6   21.4   22.5   22.0   23.2   24.0   22.4   22.6   22.0
47060   21.8   21.6   21.5   21.4   21.8   22.1   20.6   22.5   23.4   22.5   22.2   21.9
47061   26.7   25.6   24.1   22.8   23.1   22.7   22.1   22.8   22.8   22.6   21.3   22.7
47065   21.2   20.9   21.4   21.3   21.2   22.0   22.1   22.4   24.4   22.8   22.0   21.6
47067   19.8   20.6   19.7   20.3   20.7   21.6   21.3   22.5   23.1   21.9   22.0   21.0
47068   20.0   21.5   21.2   21.1   21.6   22.0   21.4   22.4   23.7   22.8   22.2   21.8
47069   21.2   20.9   21.6   22.6   23.0   22.8   21.7   22.4   24.2   23.8   22.8   22.6
47070   20.4   22.0   21.3   21.1   21.6   22.3   21.4   22.4   23.9   23.7   22.5   22.1
47075   17.0   20.3   19.7   20.1   19.0   20.1   20.3   20.7   22.1   20.6   20.3   19.9
47090   24.8   23.8   21.9   21.6   22.6   21.7   21.4   22.5   22.1   21.4   22.2   22.6
47095   18.3   20.9   19.2   21.1   19.8   20.4   21.6   21.6   22.5   21.0   21.4   21.7
47098   19.2   21.1   20.2   21.4   20.1   20.8   21.3   22.1   23.0   21.0   22.2   21.7
47099   18.9   21.5   20.8   21.7   20.8   21.4   21.8   22.2   22.9   22.4   22.4   21.8
47100   15.4   17.1   17.3   15.5   17.6   16.6   20.5   19.2   18.5   17.4   18.3   18.0
47101   18.8   20.9   20.1   21.3   20.3   20.4   21.9   22.1   22.5   21.8   22.8   21.9
47102   21.5   19.9   19.2   19.4   20.9   21.3   20.8   21.5   22.1   21.4   20.8   20.8
47104   22.6   22.0   21.3   21.2   22.6   22.2   23.9   23.7   22.7   21.1   21.1   23.2
47105   25.2   24.5   23.8   23.7   23.7   22.1   25.3   24.4   22.6   22.3   22.6   23.6
47106   23.6   23.4   21.9   20.2   21.2   20.3   21.6   21.4   20.8   21.5   21.1   22.1
47108   22.0   22.3   21.7   22.1   22.4   22.3   22.6   22.9   23.4   23.5   23.5   23.4
47112   22.7   22.3   21.5   21.7   22.8   22.9   23.0   22.8   23.0   22.8   23.1   22.4
47114   19.8   21.3   21.0   21.4   20.8   21.9   23.1   22.8   23.4   22.6   23.3   23.2
47115   19.6   22.7   22.5   21.4   22.4   22.5   23.2   23.1   22.2   21.1   21.0   21.4
47119   21.7   22.1   21.7   22.5   22.8   22.4   22.9   23.1   23.5   23.3   23.8   23.0
47121   18.7   19.5   20.0   20.8   20.0   19.8   21.5   21.8   22.4   22.0   21.2   22.1
47127   18.9   20.3   21.2   20.8   20.8   21.8   22.4   23.1   23.5   23.1   22.5   23.0
47129   20.0   21.2   21.7   21.1   21.4   21.2   22.1   22.5   22.8   21.8   22.4   24.0
47130   21.8   23.0   22.2   21.6   22.2   21.5   22.1   21.1   21.6   21.2   20.7   21.3
47131   21.2   22.1   22.3   22.1   22.5   22.7   23.6   24.2   24.0   24.1   23.4   23.8
47133   21.2   21.4   21.2   21.4   22.2   22.8   23.2   23.4   23.9   24.1   23.9   23.8
47135   19.6   19.6   21.3   21.2   20.7   21.1   21.3   22.3   21.9   22.6   21.4   22.0
47136   20.6   21.2   21.4   22.0   21.3   21.4   22.4   22.5   23.6   23.4   22.0   22.6
47137   21.5   21.3   21.8   21.5   22.3   22.0   22.1   23.1   22.7   23.1   21.7   22.5
47138   24.2   23.8   23.8   21.8   23.3   22.8   24.0   23.8   23.6   23.8   22.4   22.4
47140   21.8   21.4   22.1   21.5   21.9   22.8   23.5   23.5   24.0   23.7   23.1   23.4
47143   24.5   23.4   23.2   22.3   23.7   23.8   24.0   24.0   24.9   24.3   23.4   23.7
47146   22.2   21.8   22.5   21.4   22.5   23.2   23.4   24.0   24.8   24.5   23.9   24.0
47152   23.1   22.0   22.3   20.8   22.0   22.1   23.2   23.1   23.6   23.5   21.8   22.4
47155   22.9   21.5   21.9   21.7   22.7   23.2   23.3   23.8   24.6   24.5   22.6   23.2
47156   22.1   21.2   22.5   21.5   23.6   23.8   24.3   24.2   24.9   25.5   24.2   24.4
47159   22.8   22.7   22.0   21.3   22.8   22.9   24.0   24.0   24.5   24.4   22.3   21.9
47162   21.3   21.2   21.3   21.9   22.3   22.1   22.9   23.7   24.2   23.6   22.3   21.9
47165   21.4   21.0   22.1   21.7   22.8   23.3   24.2   23.6   23.9   24.1   23.4   22.6
47168   22.7   22.5   22.0   22.8   23.3   23.7   24.3   23.7   24.4   24.8   23.2   23.2
47169   19.6   20.5   21.0   20.2   20.8   21.3   21.8   21.4   22.3   22.2   21.9   21.8
47170   21.6   21.3   21.3   21.0   22.2   23.3   24.2   23.8   23.9   23.8   23.3   22.6
47175   19.3   20.3   21.3   18.7   20.7   22.0   22.0   22.1   22.5   22.4   21.6   21.4
47184   22.6   21.9   22.8   22.6   23.9   24.8   25.5   25.4   26.0   25.9   25.2   24.5
47185   21.1   21.6   22.5   21.4   23.0   23.9   23.7   24.3   25.1   24.7   24.8   23.7
47188   22.8   22.3   22.5   22.1   23.7   24.0   24.5   24.9   25.6   25.1   24.8   23.5
47189   23.0   22.1   23.4   22.1   23.5   24.4   24.7   25.4   25.7   25.3   25.3   24.8
47192   21.2   20.5   21.3   22.0   21.6   23.0   23.7   23.0   24.5   24.1   22.9   22.3
47201   19.9   22.0   21.4   21.2   21.7   21.8   21.5   21.9   22.9   22.1   22.2   21.7
47202   19.9   21.9   20.8   21.7   20.6   21.9   22.4   23.1   23.3   22.4   23.1   22.7
47203   20.2   20.4   20.0   21.1   21.1   21.3   21.8   22.3   23.4   22.5   22.0   21.8
47211   17.1   19.3   18.9   19.4   19.7   17.9   21.0   19.4   21.2   20.2   20.6   20.9
47212   18.3   21.4   19.6   21.8   20.5   20.1   22.0   22.2   22.9   21.4   22.9   22.5
47216   17.3   18.6   18.5   16.8   18.8   18.4   20.2   19.9   20.4   18.9   18.9   19.2
47221   17.2   19.2   19.1   20.2   18.5   19.5   20.4   21.8   21.8   21.1   21.1   21.8
47226   18.2   19.6   20.2   20.9   20.7   20.8   21.3   22.5   22.4   22.5   21.3   22.1
47232   20.4   21.5   21.4   21.9   21.3   21.8   23.2   23.0   23.0   22.8   23.0   22.6
47235   20.7   22.1   22.2   22.1   22.1   22.7   24.1   24.2   24.1   23.6   23.5   23.9
47236   21.5   21.3   21.6   21.7   21.9   22.6   23.4   23.7   24.1   22.9   23.0   23.5
47238   20.4   19.0   19.8   21.2   21.3   21.3   22.1   22.7   22.8   23.2   22.8   22.5
47243   22.2   21.4   22.6   21.5   22.3   22.6   23.2   24.0   23.7   24.1   24.0   23.8
47244   19.3   18.2   19.9   20.6   21.2   20.6   22.0   21.7   22.4   22.8   22.3   22.3
47245   21.4   20.9   22.1   21.2   23.3   23.1   24.5   24.4   25.0   24.5   24.2   23.9
47247   20.2   17.9   19.9   20.6   20.4   21.0   22.2   22.0   23.2   22.6   22.7   22.9
47248   18.8   16.7   19.5   18.5   19.3   19.8   21.1   21.6   22.9   21.8   21.7   22.3
47251   22.1   21.4   23.3   21.7   23.1   23.7   24.6   25.3   24.8   25.4   24.9   23.8
47252   20.8   21.7   22.9   21.1   22.6   23.5   23.8   24.4   24.2   25.1   24.6   23.5
47253   23.5   22.6   22.8   22.8   23.4   24.1   25.2   25.6   26.7   26.0   23.7   23.3
47254   21.0   19.3   22.4   19.9   22.3   22.4   23.6   23.8   23.7   24.1   23.5   23.1
47255   23.1   20.9   22.5   22.9   22.0   23.4   24.4   25.3   25.7   25.1   23.6   21.9
47256   20.0   19.8   22.0   20.9   21.9   22.3   23.5   22.8   23.6   24.6   23.3   22.3
47257   23.3   22.7   23.8   23.4   22.9   23.6   25.1   25.4   26.2   24.7   23.4   23.2
47260   21.1   19.9   22.1   20.9   22.6   22.7   23.7   23.4   24.7   24.4   23.5   22.9
47261   20.4   21.0   22.6   21.7   23.2   22.9   24.0   24.1   24.8   24.7   23.9   22.4
47262   20.7   19.7   20.3   21.5   22.6   22.6   23.5   23.3   24.3   24.6   23.2   22.0
47268   19.3   20.2   21.2   20.6   21.5   21.4   22.9   21.0   21.5   21.5   20.5   20.0
47271   15.7   17.7   19.8   19.6   18.2   18.8   20.4   20.9   21.8   21.8   20.9   21.4
47272   18.5   20.4   20.5   21.3   20.4   20.4   21.0   20.6   22.1   22.3   20.7   21.6
47273   19.1   20.1   20.6   20.9   21.4   20.5   22.1   23.0   22.1   22.8   21.8   22.8
47277   23.0   23.9   23.0   21.7   22.6   22.8   22.6   22.4   23.1   22.3   21.5   21.6
47278   18.7   19.4   21.4   23.1   22.5   21.5   22.5   23.2   24.0   23.5   22.7   22.1
47279   22.1   20.9   22.1   22.0   22.5   21.7   22.6   23.0   23.6   23.6   22.5   23.1
47281   21.5   20.7   21.7   21.5   21.7   20.8   21.9   21.5   23.0   22.7   21.1   20.9
47284   18.2   18.0   20.5   20.5   20.2   20.1   21.9   22.4   23.3   23.3   22.7   23.3
47285   20.5   20.0   22.1   21.7   21.9   21.5   23.1   23.0   23.5   24.1   23.0   23.3
47288   22.3   20.6   22.1   21.2   22.2   22.1   23.1   23.0   23.5   23.2   22.0   22.0
47289   19.2   18.9   21.5   21.4   21.2   21.6   23.1   23.3   24.0   24.1   23.3   23.2
47294   21.8   22.0   21.5   22.9   23.1   23.4   24.4   24.6   25.6   24.9   23.2   22.5
47295   22.2   21.4   21.4   21.8   22.8   23.4   23.2   23.5   23.7   24.1   23.1   23.3
  300   20.8   21.3   21.6   21.5   22.0   23.1   24.8   23.7   24.1   24.2   23.6   23.1
  303   21.4   22.1   23.1   21.9   22.8   23.6   24.0   23.8   24.9   24.1   23.6   22.3
  305   21.0   21.4   22.8   21.3   23.1   23.6   24.2   24.2   24.2   24.2   23.3   23.2
  306   21.6   21.9   22.0   22.5   22.7   23.0   23.1   23.5   23.7   23.7   22.5   22.0
  307   20.1   20.2   21.4   20.6   21.6   21.2   22.2   22.5   21.8   21.5   21.0   21.4
  310   23.2   23.1   22.3   21.7   22.7   20.3   20.2   19.7   19.7   20.0   19.1   19.3
  311   16.5   15.6   18.2   18.0   18.0   18.1   19.6   20.3   20.6   21.1   20.9   20.5
  312   18.3   19.3   20.4   21.6   21.2   20.9   22.2   23.2   24.0   23.7   22.0   21.3
  313   22.1   21.4   19.4   19.1   20.3   19.3   18.3   17.3   17.7   17.5   16.5   16.4
  314   12.4   13.3   13.4   14.3   14.8   15.8   16.9   16.8   17.0   16.8   16.8   17.9
  315   16.6   17.5   17.3   16.0   17.9   18.9   19.6   19.4   19.7   19.9   19.3   19.8
  316   18.4   17.9   18.7   16.6   19.8   20.5   20.9   20.7   21.9   22.9   21.8   20.8
  317   18.7   17.5   19.6   19.1   20.2   19.1   20.6   20.8   20.4   20.5   20.5   20.0
  318   17.4   17.7   17.5   16.2   19.4   20.4   22.9   23.1   23.5   22.2   22.5   21.7
  319   21.2   24.3   23.4   20.6   21.9   22.0   21.7   19.3   17.6   15.7   16.4   16.8
  320   14.7   14.5   15.2   15.4   17.0   17.8   17.9   18.4   19.3   18.9   19.7   19.3
  322   15.3   18.7   17.6   18.9   18.2   18.4   20.1   20.8   21.3   19.5   20.1   20.7
  323   15.9   18.8   18.7   19.6   18.5   19.1   20.4   20.7   22.1   20.4   20.6   21.2
  325   16.9   18.8   18.4   20.6   19.6   19.7   21.4   22.0   22.0   21.9   21.7   21.8
  326   18.5   19.7   19.7   20.9   19.3   20.2   21.4   22.5   22.4   21.4   22.5   21.8
  327   19.1   21.1   21.1   21.3   21.6   21.9   23.0   24.0   24.5   24.2   23.5   23.5
  328   21.2   20.2   23.4   21.3   22.0   22.1   23.3   22.9   23.3   22.8   22.2   20.7
  329   18.5   20.1   21.9   20.5   21.5   21.8   22.0   22.6   22.2   22.8   22.6   22.1
  330   21.0   20.4   21.5   21.2   22.1   22.4   22.9   24.6   23.6   23.0   24.1   23.0
  352   21.2   22.5   22.7   23.5   22.9   23.4   24.3   25.5   24.3   24.2   23.7   23.5
  353   19.6   21.8   22.1   21.7   21.9   22.1   22.5   24.1   24.0   22.3   23.3   22.7
  359   20.1   21.0   20.8   21.5   21.3   21.5   22.8   22.9   24.0   21.4   22.5   22.4
  360   18.6   20.9   20.0   21.2   20.2   20.6   22.2   23.2   23.7   20.9   22.3   21.4
  361   18.7   21.3   21.4   22.0   21.5   22.3   23.7   24.6   25.3   23.6   25.0   22.7
  364   22.2   22.0   22.4   23.3   23.2   23.0   23.7   24.8   24.4   24.3   24.7   23.3
  365   21.1   21.7   21.8   23.0   22.3   22.9   24.2   25.2   24.5   24.0   23.5   22.4
  370   20.6   20.6   20.8   21.1   22.0   22.4   23.3   24.4   23.3   23.8   23.6   21.4
  371   22.3   22.2   22.5   22.9   23.6   22.5   23.1   23.5   24.0   23.4   23.5   24.0
  400   22.9   22.9   21.7   23.1   23.4   23.1   23.3   23.0   24.1   24.1   24.4   24.1
  402   22.1   22.7   21.0   22.9   22.1   22.2   22.3   22.7   23.4   22.8   23.7   23.2
  406   20.6   22.1   20.1   21.8   21.3   21.9   21.5   23.0   23.2   22.7   23.0   22.0
  412   21.1   21.8   21.2   21.9   22.2   21.6   22.8   22.5   22.2   22.2   22.7   22.0
  419   21.6   21.2   20.4   21.8   21.1   22.2   22.1   22.8   23.3   24.3   23.8   22.9
  432   23.1   23.2   22.4   22.1   23.5   23.1   23.4   23.7   24.2   24.6   24.5   23.7
  433   23.0   23.3   22.9   23.5   24.2   23.4   23.5   23.9   24.1   24.5   24.0   23.1
  439   22.7   23.0   22.3   23.2   23.2   22.9   23.3   23.6   24.0   23.9   24.0   23.0
  440   21.3   21.6   21.7   22.2   22.6   22.5   22.6   23.2   23.8   23.8   23.5   23.0
  441   21.2   22.5   21.8   21.8   22.1   22.4   22.8   23.0   24.2   23.6   23.3   22.3
  444   20.2   21.9   21.1   22.2   21.1   21.0   22.9   22.6   23.6   23.3   23.2   23.0
  455   19.1   21.4   20.2   21.9   20.4   21.1   22.2   23.1   23.6   22.3   23.3   22.2
  457   20.3   22.2   20.1   21.6   20.5   21.2   21.3   22.1   22.7   22.3   23.0   22.2
  458   18.8   20.8   19.9   21.4   20.0   20.9   21.0   22.3   23.1   22.6   22.6   21.4
  460   18.7   20.8   20.4   21.6   20.3   20.5   20.9   21.8   23.5   22.2   21.5   22.2
  461   19.8   20.2   20.3   21.4   21.0   20.2   20.4   21.9   22.8   21.9   20.9   21.2
  476   16.1   19.7   18.8   20.0   18.5   19.0   20.6   21.7   22.5   20.9   21.0   20.3
  481   19.3   21.9   21.4   21.3   20.9   21.5   21.8   22.5   23.1   22.4   22.0   21.6
  482   18.8   21.2   21.1   22.0   20.5   21.0   21.4   22.5   23.0   21.4   22.1   21.7
  484   17.2   20.5   19.0   22.1   18.9   20.6   21.5   22.5   23.4   22.1   23.4   22.2
  486   18.0   21.2   19.1   21.0   18.7   19.5   20.4   20.6   20.1   18.6   20.3   19.3
  497   13.8   15.0   16.4   14.6   17.0   14.8   18.9   18.2   17.5   16.0   16.7   17.6
  498   15.8   16.9   16.6   15.2   17.8   17.9   18.5   19.5   21.1   20.6   20.8   20.7
  499   19.3   22.1   20.2   21.5   20.2   20.6   21.3   22.8   23.0   21.8   22.0   22.0
  501   22.1   21.4   21.5   21.5   22.8   22.4   22.1   22.2   21.9   22.6   22.3   22.7
  502   21.6   21.8   21.5   21.2   22.1   22.1   21.6   21.0   22.0   22.3   21.7   22.1
  503   19.2   21.2   20.6   21.0   21.4   21.5   21.8   22.2   23.6   22.2   22.6   21.9
  504   18.7   20.8   20.1   21.5   19.8   20.4   21.6   21.9   22.7   20.6   22.1   21.3
  505   16.8   20.4   19.2   20.9   19.2   19.7   20.8   22.3   23.1   21.3   22.5   21.9
  507   18.5   20.7   19.9   21.1   19.4   20.1   20.1   21.7   21.4   21.2   20.6   21.1
  508   20.9   20.3   20.6   20.0   21.7   21.8   21.4   21.7   22.2   22.0   22.1   21.4
  509   19.4   21.0   20.2   20.7   20.3   21.0   21.1   21.8   21.5   22.1   22.5   22.0
  513   20.7   20.9   21.3   20.2   22.0   22.0   22.4   22.0   22.7   23.1   23.1   21.6
  516   21.4   21.7   21.6   21.5   22.4   22.2   23.0   23.3   23.1   22.7   22.4   22.4
  517   23.7   22.6   21.5   20.6   21.2   20.3   19.8   20.6   20.7   19.6   19.8   21.7
  518   16.0   19.0   18.8   18.0   19.5   17.2   21.4   20.5   20.5   19.4   19.7   20.4
  519   16.1   18.7   18.4   19.5   17.9   18.7   20.8   20.9   22.4   20.1   20.2   21.2
  520   22.4   21.1   21.7   19.9   20.5   19.6   22.1   21.0   21.7   21.2   21.1   21.9
  521   22.6   22.6   20.4   20.3   21.3   19.8   20.5   21.0   21.8   20.5   20.2   22.2
  522   16.8   19.9   18.5   20.4   19.2   18.7   21.0   21.5   22.1   20.4   22.2   21.9
  523   21.5   21.9   19.9   21.0   22.4   21.8   23.3   22.2   21.1   21.5   21.5   22.8
  524   22.1   22.1   21.3   20.9   21.9   20.9   20.6   20.1   20.7   19.3   18.9   21.2
  525   15.4   17.2   17.6   18.3   17.0   17.1   20.0   20.9   21.0   19.7   20.5   21.1
  526   17.6   17.8   19.1   18.7   17.7   17.9   19.4   20.1   20.3   19.2   19.8   20.8
  527   15.9   18.2   17.3   18.5   18.5   18.4   20.2   19.6   21.1   19.8   20.8   21.9
  528   20.5   19.9   19.9   19.3   20.5   20.5   21.5   20.7   21.3   20.6   21.5   21.7
  529   20.9   21.6   22.1   22.0   22.0   21.0   21.3   22.4   22.3   21.8   21.9   21.5
  530   19.9   22.6   22.4   21.5   22.7   22.4   23.4   22.3   22.4   20.6   20.9   21.2
  531   17.6   19.7   19.1   21.2   19.5   19.8   20.9   22.2   23.0   20.9   22.5   21.9
  532   19.8   22.1   21.2   22.3   21.3   21.8   22.7   22.9   23.1   22.4   23.1   22.3
  534   20.3   20.8   20.4   21.4   21.7   22.0   21.9   22.4   22.4   21.4   21.0   21.9
  535   14.8   18.8   17.3   19.6   19.0   17.7   21.0   21.5   22.0   20.8   21.7   21.9
  536   17.5   20.2   18.6   20.5   19.3   19.5   21.0   21.3   21.4   20.2   21.1   21.0
  537   16.5   19.1   17.5   18.6   20.7   19.2   21.4   21.7   21.7   20.3   21.9   21.6
  538   17.8   20.9   19.5   20.8   19.5   19.8   21.2   21.6   21.9   20.8   21.9   21.4
  540   19.1   21.4   20.7   21.6   20.9   21.5   21.9   21.7   22.6   22.0   22.1   21.4
  541   17.7   20.7   20.0   21.3   19.8   20.5   20.3   22.4   22.6   21.1   22.1   21.5
  542   19.2   21.1   19.2   21.0   19.4   20.1   21.1   22.3   22.4   21.3   22.0   21.4
  545   21.1   21.9   21.3   22.0   21.4   21.7   21.5   22.4   22.5   22.1   22.5   21.8
  546   20.4   21.8   20.6   22.2   21.2   21.7   22.6   22.1   23.5   22.3   22.8   22.2
  547   17.4   19.7   18.2   19.8   20.2   20.0   21.8   21.8   22.5   21.3   22.1   21.9
  548   19.6   20.5   19.8   20.6   20.6   20.6   21.7   22.4   22.5   21.5   21.8   21.7
  549   20.2   21.1   20.4   21.1   21.1   21.6   21.9   22.9   23.5   23.7   23.1   22.3
  551   22.0   22.1   21.2   21.6   21.9   22.3   22.7   22.7   22.5   22.7   22.5   22.1
  552   17.5   21.1   19.6   20.4   19.5   20.0   21.9   22.3   22.7   21.9   22.4   22.3
  553   26.3   24.9   22.1   23.2   21.2   19.4   21.9   19.5   19.1   17.7   18.5   20.6
  554   15.3   17.0   17.0   17.5   18.1   17.7   19.2   20.5   20.8   20.3   19.9   21.4
  555   16.5   19.8   18.7   19.9   19.6   19.4   20.9   20.7   22.0   20.5   20.8   21.2
  556   17.8   19.4   19.0   19.8   19.3   19.2   21.0   19.4   21.7   19.7   20.3   21.1
  557   16.7   18.5   18.4   19.0   18.9   18.9   20.5   19.9   20.1   18.9   19.4   21.1
  559   15.1   17.9   17.7   18.3   16.9   16.3   20.0   19.9   20.0   18.2   18.7   20.5
  560   14.0   16.6   16.9   16.6   18.0   16.2   21.7   20.9   20.9   20.5   20.1   20.2
  561   16.9   19.1   17.7   19.9   18.8   18.7   21.2   21.6   21.5   20.6   21.8   21.7
  562   17.8   19.6   18.5   20.0   18.4   18.9   20.9   21.1   21.4   20.4   20.7   21.2
  563   17.4   19.4   20.1   20.4   19.1   20.2   22.2   21.7   23.4   22.3   23.5   23.6
  565   22.0   22.1   20.7   21.5   21.8   21.5   22.0   21.5   21.8   20.9   21.5   21.2
  566   20.1   20.9   21.1   20.1   22.4   18.7   21.4   22.4   23.0   22.0   22.0   23.2
  569   21.7   22.4   21.3   22.0   21.9   21.9   22.1   22.7   23.1   23.0   23.9   23.0
  571   21.7   22.0   21.3   21.5   22.8   22.5   21.9   23.2   23.3   22.9   23.0   22.6
  572   21.6   21.9   21.7   22.3   22.1   21.9   21.4   22.4   22.7   22.3   22.7   21.7
  577   20.2   20.2   20.6   20.3   21.3   20.6   21.6   20.6   21.0   20.4   20.3   20.1
  579   16.2   19.9   18.1   17.8   19.2   18.4   21.7   22.1   23.5   21.3   21.6   22.2
  580   22.8   24.8   22.3   21.9   22.1   20.2   20.4   20.6   19.9   20.2   19.6   20.6
  581   16.0   19.1   18.6   17.6   17.5   18.0   20.5   19.7   22.1   20.3   19.8   22.0
  582   16.0   18.3   17.1   19.3   18.3   18.9   20.4   21.2   20.4   20.4   20.0   20.7
  583   16.6   17.7   17.0   19.5   18.2   18.3   20.6   21.2   21.3   19.9   20.8   21.3
  586   16.6   19.5   18.3   19.9   19.2   18.7   21.2   21.2   22.4   21.2   22.0   21.4
  588   17.9   19.8   19.3   21.1   20.0   20.4   21.6   22.5   22.9   21.5   23.1   22.4
  590   20.9   21.6   20.6   21.9   21.4   21.3   22.2   22.2   22.5   21.6   21.7   22.0
  593   22.1   21.3   21.1   19.9   21.0   20.9   22.0   20.6   21.4   20.6   20.0   22.6
  594   17.4   19.3   18.9   19.0   20.1   17.7   21.5   19.7   19.5   19.1   19.0   20.3
  595   18.3   19.5   18.2   17.4   18.7   17.9   20.8   20.3   20.4   19.5   20.0   20.8
  596   21.0   21.5   20.4   19.3   19.9   19.9   22.5   19.8   20.4   19.5   19.5   20.5
  597   16.5   17.1   16.7   19.3   18.2   18.3   21.1   21.9   22.9   21.2   21.6   23.0
  598   18.1   20.8   20.1   21.2   20.1   20.6   21.4   21.9   22.2   21.2   22.0   20.9
  599   16.1   20.0   18.3   20.8   19.5   20.0   21.1   22.1   22.9   21.0   22.0   21.5
  600   19.5   20.6   20.6   20.8   20.5   21.3   21.9   22.4   22.3   22.1   21.4   22.2
  601   19.1   20.3   20.7   20.2   20.7   20.6   21.4   21.1   22.1   22.1   21.2   22.2
  602   18.6   20.2   20.8   21.1   20.6   21.3   21.7   22.5   22.4   22.2   21.6   21.9
  603   19.0   20.2   20.9   21.5   21.1   21.3   22.6   23.4   23.1   23.3   22.4   22.7
  604   19.7   19.5   20.0   21.1   20.9   21.0   21.5   22.2   22.1   22.6   22.1   22.0
  605   17.9   18.0   18.5   20.8   21.2   21.0   21.5   22.6   23.0   22.9   22.6   23.3
  606   20.7   20.8   20.0   20.1   21.0   21.2   21.8   21.8   21.9   21.9   21.5   21.3
  607   19.5   20.9   20.9   21.2   21.5   22.4   22.5   22.6   21.9   22.5   23.2   22.7
  609   21.0   21.7   21.5   21.6   22.0   22.7   23.1   22.8   23.1   23.1   23.2   22.8
  610   19.5   21.4   21.9   21.7   21.9   21.7   22.9   23.0   23.4   22.1   22.1   21.4
  611   19.2   20.9   21.3   21.9   21.5   21.8   22.3   23.4   23.3   23.0   22.8   22.6
  612   21.0   21.3   21.5   21.6   21.7   22.1   23.1   23.5   23.7   23.3   23.3   23.3
  614   22.3   21.4   22.0   21.0   21.8   22.6   23.5   23.4   23.8   23.2   22.7   23.3
  615   21.0   20.9   20.8   21.5   21.5   22.1   22.6   23.1   23.7   22.5   22.9   23.3
  616   20.7   21.7   21.7   21.7   22.1   22.0   22.1   23.3   23.1   23.6   23.2   23.1
  617   20.8   21.7   21.8   21.6   22.0   22.3   22.5   23.1   23.2   22.7   22.8   23.2
  618   19.5   20.7   20.1   20.9   21.1   21.2   22.1   22.3   22.3   22.1   21.4   22.3
  619   18.1   19.0   20.0   21.0   20.2   20.2   21.9   23.2   23.5   22.8   21.8   22.9
  620   18.1   19.5   19.1   20.7   20.3   20.4   21.7   22.4   21.9   22.0   21.6   22.5
  621   18.8   20.3   20.7   20.9   20.6   20.7   21.4   22.3   22.2   22.3   21.7   22.4
  623   18.4   20.4   20.3   21.2   20.8   20.8   21.9   22.7   22.6   22.5   21.3   22.1
  624   17.5   18.9   19.8   20.7   19.8   20.3   21.5   22.0   22.5   21.8   20.7   21.4
  625   17.2   17.6   18.8   21.1   19.8   20.0   21.1   22.6   22.8   23.1   22.0   23.1
  627   21.6   21.7   21.7   21.1   21.7   22.2   23.1   22.9   22.7   22.9   23.3   23.0
  628   20.0   21.6   20.9   20.7   21.5   21.7   22.5   22.5   23.0   22.4   22.1   22.7
  629   18.6   20.7   21.0   21.0   21.8   20.7   22.8   22.5   22.5   22.3   22.3   22.4
  630   19.0   19.8   20.5   21.3   20.6   20.8   21.8   23.1   23.2   22.8   22.0   22.7
  634   20.7   21.9   21.7   21.5   22.8   22.2   22.7   23.4   22.9   22.9   22.7   23.3
  635   21.0   21.5   21.9   21.3   21.2   21.0   22.6   23.0   23.2   21.6   21.6   22.9
  636   19.9   19.6   20.7   21.6   21.4   21.0   22.5   23.4   22.9   22.3   23.0   22.5
  637   20.3   20.3   20.5   19.9   20.9   20.7   22.3   22.3   21.5   22.2   21.5   22.5
  638   20.3   20.6   21.3   21.7   20.7   21.4   22.3   22.3   23.4   23.7   22.9   23.4
  642   22.0   21.6   21.7   21.7   22.0   22.7   23.2   23.4   24.2   24.0   23.7   23.9
  644   20.7   19.4   21.3   22.3   21.3   21.6   22.4   23.3   23.6   22.4   22.7   23.5
  645   20.0   21.5   21.3   21.2   21.1   21.3   22.7   22.6   22.1   22.1   21.8   21.7
  649   20.1   20.4   20.7   20.8   21.2   22.2   22.2   21.5   22.1   22.4   22.5   21.7
  651   18.6   20.7   19.9   20.6   20.4   20.3   21.8   22.4   22.6   21.6   22.3   21.9
  652   18.9   21.2   19.9   21.6   20.1   21.0   21.8   22.2   22.9   21.4   21.9   21.7
   96   20.2   21.2   20.9   20.9   21.4   21.8   22.2   21.8   21.3   21.2   19.6   19.7
  655   21.9   20.3   19.9   19.3   20.9   21.2   21.3   21.5   21.4   22.2   22.2   21.1
  656   22.6   22.2   21.2   21.5   22.3   23.0   22.1   22.9   23.0   23.2   23.1   22.9
  657   20.2   21.3   20.8   20.6   21.1   21.6   22.3   22.3   22.1   21.8   21.8   20.9
  658   18.3   18.8   18.3   17.5   18.8   19.6   19.6   20.3   18.9   19.5   19.3   19.7
  659   16.9   17.7   17.1   18.7   17.1   18.6   19.8   19.2   19.7   20.1   20.2   19.9
  660   15.0   16.4   15.8   18.4   17.3   17.3   20.8   22.0   22.0   20.2   21.2   22.6
  661   24.9   25.3   22.6   22.5   22.3   21.2   23.2   20.7   20.9   20.1   20.5   22.5
  663   18.6   19.5   18.9   19.1   19.5   20.2   20.1   20.5   20.1   20.3   20.9   20.2
  666   18.9   19.4   19.0   19.2   20.4   21.0   21.0   21.1   21.0   21.1   21.6   21.4
  667   20.2   21.0   20.3   20.3   21.2   21.8   21.9   22.0   21.8   22.0   22.5   22.2
  669   21.3   22.7   23.3   22.9   23.4   23.8   24.5   24.6   24.3   24.7   23.5   22.8
  699   21.1   20.7   21.6   20.5   21.9   22.2   23.2   22.6   23.2   22.5   22.2   22.9
  670   26.1   25.2   23.7   22.2   21.9   21.0   23.1   21.4   22.5   21.4   21.0   22.5
  671   25.3   24.2   23.0   21.4   22.4   22.1   21.6   21.6   21.4   19.9   20.1   21.7
  680   16.7   18.4   17.9   18.3   18.3   18.0   19.5   18.0   18.8   17.8   17.8   19.1
  682   15.4   15.2   16.8   15.8   16.7   18.2   18.6   18.7   19.5   18.9   18.8   19.0
  693   16.0   17.5   18.0   19.5   18.6   19.1   20.1   21.9   20.1   21.4   19.2   21.4
  694   18.9   18.9   17.9   17.3   17.9   18.8   19.4   18.9   18.2   20.0   19.3   19.4
  695   16.1   15.3   15.5   15.7   16.3   16.6   18.3   18.9   20.0   20.1   21.7   19.9
  696   21.9   22.8   21.9   20.1   21.0   20.9   21.1   22.7   21.8   21.6   20.6   21.7
  697   19.9   20.7   20.6   19.9   20.9   21.7   21.6   22.1   21.2   22.3   22.2   21.8
  700   21.6   21.2   22.2   20.9   21.1   22.2   22.4   22.1   22.6   22.4   22.1   21.3
  701   18.6   17.8   19.3   20.7   20.2   20.9   21.5   22.5   22.5   22.9   22.4   22.5
  702   21.2   20.0   21.2   20.9   21.4   21.8   22.3   22.6   22.6   22.1   22.0   22.4
  703   20.0   17.8   19.9   20.4   20.9   21.1   22.5   23.2   23.8   23.0   22.6   23.5
  704   22.0   22.2   22.1   21.7   22.5   23.1   23.8   23.8   23.9   23.5   23.1   22.2
  706   21.1   20.2   21.8   20.5   21.6   22.0   23.3   22.7   23.9   23.9   23.1   23.1
  709   21.3   19.3   22.1   21.9   22.0   23.1   24.0   23.5   24.2   24.6   23.7   23.2
  710   21.5   20.4   22.4   21.6   22.8   22.6   23.3   23.3   23.6   24.4   23.6   22.9
  711   19.7   19.4   22.1   20.4   22.8   21.8   23.6   23.0   24.6   23.9   22.8   23.0
  712   22.5   21.6   22.1   22.2   23.2   23.4   23.8   23.4   24.4   24.5   23.6   23.0
  713   21.0   20.4   22.1   21.7   22.2   22.7   23.0   23.9   24.7   24.2   23.8   22.6
  717   19.4   21.0   21.9   21.0   22.2   22.1   23.4   23.6   24.4   23.9   23.5   22.3
  718   20.2   21.0   21.4   20.8   21.7   23.1   23.3   23.2   23.5   23.4   23.0   21.9
  719   22.9   22.3   23.0   22.2   23.3   24.1   24.3   24.8   24.8   24.9   24.3   23.9
  720   21.5   21.5   21.8   22.5   22.6   23.1   23.4   23.7   23.9   23.6   23.0   22.6
  722   21.1   20.8   22.7   21.9   22.6   23.2   23.7   23.9   24.6   24.7   23.6   23.3
  723   21.1   22.1   21.9   21.3   23.4   23.9   23.9   24.4   24.7   23.5   23.2   23.0
  724   21.2   21.2   21.6   21.4   22.2   23.0   23.7   23.3   24.0   23.6   23.5   22.9
  725   20.9   20.3   22.1   20.4   21.8   22.3   22.7   22.7   23.7   23.3   23.1   22.8
  726   20.9   20.5   21.1   21.3   22.2   23.1   23.4   23.8   23.8   23.9   23.9   23.1
  727   19.3   20.1   22.3   20.7   21.9   23.1   22.4   22.9   23.8   22.7   21.7   21.6
  730   20.4   20.1   21.4   20.8   22.2   22.1   23.7   23.4   23.7   23.8   23.2   22.9
  731   21.7   21.0   22.3   21.9   23.6   23.5   24.2   24.2   24.6   24.7   23.8   22.6
  732   19.8   18.7   20.4   20.7   21.5   22.1   22.8   22.2   23.1   23.5   22.3   21.4
  733   21.8   20.9   22.1   21.7   22.2   22.8   23.4   24.0   23.8   24.0   23.4   23.5
  734   21.2   20.0   22.0   22.3   22.6   22.3   23.1   23.8   24.5   23.9   23.5   23.5
  735   17.2   15.3   18.9   19.0   18.9   17.8   19.5   20.5   20.3   19.7   19.4   19.5
  736   22.2   21.9   22.5   22.0   22.2   23.0   23.7   23.4   23.9   24.0   24.0   24.0
  737   22.2   21.0   21.8   21.4   22.4   22.4   23.2   23.8   24.5   23.5   23.3   23.8
  738   21.6   21.5   22.3   22.0   23.5   23.4   23.8   24.3   25.0   24.1   24.1   24.0
  739   21.4   21.6   22.4   21.5   22.8   23.2   23.7   24.4   24.9   23.8   23.5   24.4
  741   20.9   20.3   21.9   21.1   22.0   22.5   23.5   23.2   24.1   23.9   23.1   23.0
  743   21.1   21.8   22.4   20.9   21.9   23.5   23.9   23.5   24.1   23.9   23.3   22.5
  745   21.6   21.0   22.3   21.8   22.6   23.3   24.3   24.1   24.9   24.5   23.6   23.3
  746   20.8   21.3   22.6   21.8   23.3   23.7   24.2   23.8   24.9   24.3   23.9   23.0
  747   20.5   21.3   22.6   21.4   22.6   23.1   24.2   23.9   24.1   23.9   23.4   23.0
  748   21.8   20.5   22.0   21.7   22.4   23.1   23.7   23.2   24.5   24.9   23.2   22.6
  749   22.4   22.4   21.6   22.4   23.2   24.0   24.9   24.4   24.9   25.3   23.9   23.8
  751   20.1   20.1   22.2   20.0   22.3   22.6   22.9   23.0   23.8   23.2   22.3   22.0
  752   21.1   21.0   24.0   21.4   22.9   23.4   24.3   24.8   24.9   24.6   24.4   23.4
  753   15.9   17.2   19.4   19.3   18.7   19.1   19.3   19.7   20.4   19.4   19.6   18.6
  754   21.9   21.7   22.9   21.9   23.2   23.7   24.0   24.3   24.9   24.8   24.3   23.5
  755   19.4   18.3   20.1   20.2   21.3   21.2   22.8   22.4   23.4   23.4   22.2   22.3
  756   22.1   22.2   22.6   21.8   22.4   23.4   23.9   23.6   24.5   24.1   23.6   22.7
  757   19.7   17.9   20.8   20.2   20.2   20.6   21.6   22.3   22.6   22.3   22.4   22.0
  759   17.5   15.9   18.6   18.2   18.0   18.3   19.5   19.4   20.3   20.9   20.6   20.0
  760   19.6   18.1   20.9   20.0   21.1   20.6   22.4   22.3   22.8   22.5   22.1   21.7
  761   21.5   20.9   22.0   21.6   22.6   22.3   23.4   24.4   24.3   24.0   23.9   23.3
  762   19.7   18.9   20.6   19.6   21.5   21.6   23.3   23.1   23.8   23.0   22.2   22.2
  764   20.1   18.2   20.6   20.9   21.2   20.8   22.7   22.8   23.1   22.1   22.1   22.8
  766   23.6   22.8   22.5   22.7   24.0   24.6   24.9   25.0   26.1   26.3   24.5   24.6
  767   20.1   20.0   21.7   22.2   23.3   22.9   24.1   23.6   25.3   24.8   23.4   22.4
  768   21.2   19.3   22.1   21.0   21.6   22.3   23.7   23.2   24.1   24.3   23.5   23.7
  769   22.6   22.0   23.1   21.7   23.1   24.3   24.5   24.7   25.3   24.8   24.6   23.9
  770   20.9   19.8   22.2   22.1   22.9   22.2   23.4   23.3   24.3   23.9   23.4   22.5
  771   20.3   21.5   22.3   21.0   22.5   23.6   23.7   23.7   24.1   24.3   23.6   22.9
  772   21.4   21.7   22.6   21.5   23.2   23.6   24.7   24.5   25.4   24.5   24.3   23.8
  775   21.0   20.7   22.4   21.0   22.2   22.4   23.2   23.2   23.9   23.9   23.3   22.8
  776   19.2   20.3   21.0   19.9   21.9   22.5   22.8   23.2   24.9   23.8   23.2   22.3
  778   19.7   18.8   21.5   20.3   21.9   21.6   23.1   22.5   23.5   23.4   22.9   21.2
  779   22.0   22.3   23.9   22.2   23.7   25.1   25.0   25.6   25.8   25.3   24.8   24.7
  780   21.8   21.2   22.5   21.6   22.8   23.8   23.5   24.1   24.7   24.6   24.6   23.9
  781   21.5   20.2   23.8   21.8   23.4   23.8   24.8   24.9   25.4   24.8   24.1   23.9
  782   17.1   18.1   20.4   18.2   19.4   19.9   19.8   19.9   20.3   20.3   19.7   19.5
  786   21.3   21.7   22.1   23.2   23.2   22.8   23.5   24.2   24.8   24.8   23.2   23.0
  787   20.8   21.3   20.3   21.2   22.2   22.1   22.6   23.3   23.0   23.8   22.6   22.3
  788   21.3   21.4   22.6   21.9   24.1   23.6   24.3   24.0   25.3   25.0   24.0   23.6
  790   21.1   21.7   21.9   21.4   22.7   22.5   22.9   23.8   23.6   24.0   22.2   22.3
  791   19.2   18.3   20.1   19.6   20.4   20.7   21.7   21.2   22.3   22.9   22.1   21.1
  792   21.1   21.0   23.4   21.3   23.5   23.4   23.8   23.6   25.2   24.2   23.9   23.6
  794   19.2   19.7   22.2   21.1   21.9   22.4   23.4   22.8   23.7   23.6   22.8   22.6
  795   19.2   18.9   21.4   21.3   21.4   22.1   23.3   22.4   24.0   23.4   22.5   22.4
  796   19.7   21.0   21.4   21.1   22.4   22.7   23.3   23.4   24.3   23.3   22.4   22.1
  797   20.1   20.3   21.1   20.5   20.8   22.9   23.0   23.1   22.8   22.3   22.6   22.5
  798   21.9   22.5   22.8   21.5   21.8   23.2   24.2   23.6   24.2   23.4   22.9   22.6
  799   21.9   22.3   22.6   22.3   22.6   23.7   24.4   23.4   24.6   24.1   24.0   23.4
  800   23.6   24.3   22.9   21.8   22.8   22.4   22.2   22.3   21.8   22.3   21.3   21.8
  801   17.7   19.1   20.7   20.4   20.8   20.3   21.7   21.7   22.8   21.5   20.2   20.3
  802   21.4   22.8   22.8   20.9   22.1   21.4   22.8   22.8   22.8   22.6   20.7   19.4
  803   15.8   17.8   20.5   20.9   21.1   20.5   20.4   21.2   22.1   21.8   19.9   20.2
  804   23.2   23.4   23.2   21.9   21.8   21.9   22.7   22.4   23.2   22.3   21.7   21.2
  805   17.8   17.3   20.1   20.9   21.1   19.9   21.5   21.8   22.5   21.4   20.4   20.2
  807   19.2   18.9   21.2   21.8   22.8   21.2   21.6   22.2   23.2   22.7   21.1   21.5
  808   24.1   23.7   22.7   22.3   22.4   22.6   21.7   21.4   21.9   22.5   21.7   22.2
  809   21.4   18.1   20.8   20.9   20.4   20.8   21.7   21.6   22.3   22.9   22.6   21.8
  810   20.6   20.2   21.7   22.2   22.9   21.7   22.8   23.1   23.9   24.2   23.2   23.3
  811   23.6   21.3   22.4   21.8   22.4   22.4   23.6   23.6   24.1   22.9   21.9   22.9
  812   20.5   20.4   22.0   21.8   22.4   21.6   22.8   22.6   23.6   23.4   22.7   22.9
  813   20.7   20.3   21.9   20.4   22.4   21.3   22.8   23.4   23.5   23.0   21.0   21.5
  814   17.2   18.8   20.5   20.5   19.1   19.3   21.0   19.7   21.4   21.2   20.7   21.4
  815   18.8   19.0   20.3   21.0   20.9   20.6   21.7   22.1   22.2   22.5   21.2   21.9
  816   22.5   21.8   22.9   21.7   21.4   22.4   22.0   21.9   22.4   22.3   22.0   21.9
  817   16.0   18.5   20.0   19.4   19.8   18.5   19.6   20.6   21.4   19.9   19.0   19.4
  818   18.4   19.9   20.8   20.7   21.4   21.4   22.1   22.5   22.5   22.7   21.7   22.9
  819   17.3   18.8   20.8   20.2   20.1   19.0   20.3   20.9   21.9   21.4   20.2   20.4
  820   20.3   20.3   21.7   21.6   21.8   21.6   22.4   22.4   23.5   23.5   22.2   22.8
  821   19.1   20.4   21.4   21.7   21.7   22.0   22.1   22.4   22.7   23.5   22.2   23.0
  822   17.8   18.7   20.5   21.5   21.0   21.4   21.7   22.0   22.3   22.9   21.8   22.0
  823   18.9   18.9   20.6   21.4   22.1   21.2   21.4   22.1   22.6   21.8   20.6   20.7
  824   20.8   20.8   22.5   21.6   22.8   21.8   22.9   23.5   25.3   23.7   21.3   22.1
  825   22.9   21.0   22.6   22.0   22.9   22.3   23.2   23.6   24.6   24.4   22.2   23.1
  826   22.9   21.3   22.0   21.4   22.6   21.7   22.2   22.7   23.9   23.2   22.3   22.5
  827   24.3   22.3   23.1   22.0   22.8   23.3   23.8   23.9   24.9   24.5   22.9   24.0
  828   22.8   21.9   23.3   21.7   23.7   22.5   23.9   23.9   24.9   24.4   23.2   23.8
  830   23.1   21.9   22.6   21.8   22.7   21.7   22.7   23.0   23.8   23.4   21.8   22.3
  831   14.7   18.0   19.3   17.7   18.5   17.4   19.8   20.1   20.5   19.5   18.9   19.9
  832   21.9   20.8   21.6   22.4   22.6   22.2   22.2   23.2   23.8   24.0   22.6   23.1
  833   18.1   19.9   20.9   21.0   21.1   21.4   22.3   22.1   22.5   22.8   21.4   22.7
  834   18.9   20.0   21.1   20.8   20.8   20.9   21.4   22.4   22.0   22.6   21.0   22.3
  835   17.1   18.7   20.5   21.2   20.1   20.1   20.2   21.0   21.9   21.9   20.8   21.3
  836   17.8   18.1   19.8   20.6   20.9   19.7   21.0   21.4   22.2   21.5   20.2   19.8
  837   17.4   19.4   20.0   20.7   19.8   20.3   21.4   21.0   21.6   21.8   20.7   21.2
  838   17.0   18.6   20.1   20.8   19.9   19.6   20.8   21.4   21.3   21.5   20.9   21.4
  839   18.5   19.3   20.7   20.7   21.3   20.2   21.3   21.4   22.6   21.4   20.2   20.5
  840   24.1   22.4   22.8   22.0   22.8   22.2   23.3   23.6   24.9   23.8   22.7   23.2
  841   19.1   19.6   21.2   20.7   21.6   21.1   21.5   22.0   23.6   22.7   21.3   22.0
  842   22.0   19.8   20.3   20.3   19.3   20.2   21.6   22.3   22.8   22.0   20.2   20.7
  843   21.8   22.7   22.1   21.3   21.7   21.6   23.2   22.8   22.2   21.9   21.1   21.1
  844   21.4   21.8   22.4   21.4   22.2   21.1   22.0   22.3   22.8   22.1   20.7   20.5
  846   24.2   23.1   23.8   22.1   23.9   23.5   24.3   24.2   25.1   25.1   23.7   24.3
  847   19.9   19.2   21.2   21.2   21.6   21.3   21.9   22.2   23.2   22.2   21.1   21.4
  848   22.2   20.6   20.8   19.9   20.5   20.8   22.3   22.9   23.7   23.0   20.9   21.8
  849   20.8   21.1   21.4   21.4   22.3   22.1   22.3   23.0   22.7   23.4   22.2   23.3
  850   22.0   22.6   22.0   22.2   22.1   22.4   22.1   22.2   22.5   23.3   22.1   21.4
  851   16.9   18.9   20.9   19.7   20.6   19.9   20.2   20.8   20.8   20.6   20.5   20.0
  852   22.2   22.7   22.8   21.9   22.2   21.0   20.5   21.5   21.6   21.1   21.0   21.8
  853   18.3   19.1   19.1   18.7   19.5   19.9   20.8   21.2   21.6   21.0   19.9   20.4
  854   22.7   19.3   20.1   20.3   20.3   20.3   22.0   22.5   22.6   22.9   20.7   21.0
  855   21.3   20.8   22.9   21.4   22.4   23.1   23.9   24.1   24.3   24.5   24.4   23.2
  856   17.9   17.8   19.7   18.2   19.8   19.6   20.5   20.1   22.1   22.2   20.8   20.2
  858   19.0   19.6   20.8   20.0   20.4   20.8   21.5   21.9   23.1   22.8   21.5   21.2
  859   21.4   21.2   21.0   18.9   20.5   21.0   21.9   22.2   22.6   21.4   20.0   20.3
  870   14.9   15.8   17.8   15.8   16.0   15.9   17.0   16.2   16.8   17.0   16.8   16.9
  871   14.3   15.0   15.0   15.3   15.6   15.2   15.6   16.0   16.2   15.9   16.2   15.7
  872   17.1   17.2   18.5   17.4   18.9   18.7   19.9   19.6   20.3   20.7   19.6   18.9
  873   16.8   17.1   16.4   16.6   16.9   18.2   18.3   18.8   18.9   19.2   18.9   18.9
  874   17.4   18.9   18.0   18.5   18.7   20.3   20.1   19.6   20.4   19.2   22.1   21.8
  875   12.4   13.3   11.9   12.6   13.9   13.9   14.4   14.2   14.4   14.2   15.2   14.9
  876   23.8   24.2   22.5   21.8   22.8   20.9   21.2   22.5   22.0   22.0   21.6   22.7
  877   19.8   21.3   20.3   21.3   21.0   21.7   22.0   23.4   23.0   23.0   22.6   22.6
  881   22.4   22.2   22.6   22.5   22.8   24.1   24.3   25.6   25.5   25.9   25.0   24.4
  885   20.1   19.6   23.0   20.7   22.2   22.5   22.7   23.7   24.1   24.3   23.9   21.6
  887   19.3   19.9   21.4   22.7   22.2   21.3   22.4   23.1   22.8   22.5   22.9   21.8
  900   23.9   20.9   21.9   21.2   21.7   21.3   22.8   22.9   24.3   23.5   21.7   22.1
  901   20.5   21.1   21.4   20.9   21.2   21.5   21.8   21.0   21.9   21.5   20.7   20.8
  902   18.4   18.4   20.0   18.9   19.5   19.8   20.7   20.7   21.7   22.1   21.3   20.4
  903   23.0   21.8   22.2   21.3   22.3   23.1   23.5   23.5   24.3   24.2   22.8   22.9
  906   19.8   18.7   21.4   21.0   20.6   21.3   21.8   21.9   22.9   23.9   23.2   21.9
  907   22.3   21.6   22.0   22.1   22.6   22.7   22.8   23.3   24.6   24.0   22.7   22.5
  908   22.3   20.4   21.5   22.2   22.2   22.2   23.1   23.3   24.3   23.5   22.1   22.1
  909   21.7   22.1   21.7   21.8   23.0   23.0   23.4   22.9   23.7   24.1   22.5   22.9
  910   21.8   21.6   21.6   21.4   22.2   21.9   21.9   22.2   23.1   22.8   21.7   21.6
  911   21.7   22.0   21.1   20.6   22.1   23.0   23.3   23.8   24.4   23.3   22.6   22.3
  912   19.7   19.7   22.4   20.6   20.8   20.8   22.6   22.1   23.1   23.0   23.0   23.5
  913   23.1   22.8   23.0   23.4   23.4   23.4   23.7   24.4   24.5   25.3   23.8   22.9
  914   17.9   17.6   19.3   19.4   20.3   19.8   21.4   21.1   22.2   22.3   22.0   22.4
  915   19.9   20.0   22.1   21.3   21.9   21.9   23.3   22.8   24.0   23.9   23.2   22.5
  917   21.2   20.1   22.1   21.3   22.2   23.1   24.2   23.5   24.4   24.2   23.1   22.8
  918   21.8   20.9   21.7   21.8   22.8   23.0   23.6   23.9   24.9   23.9   22.4   23.6
  919   22.8   22.1   22.5   21.7   22.9   22.3   23.5   23.7   24.2   24.4   22.9   23.0
  920   22.2   21.1   21.8   21.7   22.0   22.7   23.2   23.1   24.1   23.7   22.9   23.1
  921   21.4   21.4   20.7   21.0   21.6   22.2   23.2   22.8   23.2   23.2   21.9   22.0
  922   21.8   21.0   21.2   21.6   22.2   21.8   23.2   23.4   24.4   23.6   21.6   23.1
  923   23.6   21.7   22.0   21.7   22.1   22.3   22.9   23.2   24.6   23.6   22.6   22.9
  924   19.6   21.0   21.7   20.8   21.2   20.9   21.5   20.9   21.7   21.7   20.8   20.4
  925   21.6   20.5   20.0   20.9   20.7   21.6   22.6   22.9   23.7   23.0   21.3   22.7
  926   21.7   20.2   21.4   22.2   22.1   22.4   23.6   23.3   24.2   23.7   22.1   22.6
  927   22.0   20.2   21.2   20.1   20.9   21.2   22.7   23.0   24.0   22.6   21.2   22.4
  928   24.6   23.3   23.1   21.4   23.0   22.7   24.2   23.8   25.5   24.6   23.1   23.1
  929   20.2   20.3   21.6   21.0   21.8   22.3   23.4   23.2   23.9   23.4   22.2   22.3
  930   22.1   22.1   22.2   22.5   23.1   23.0   24.0   24.0   24.6   24.5   22.8   22.8
  931   22.6   22.5   22.8   23.3   23.5   23.7   24.3   24.7   25.2   24.9   23.2   22.9
  932   21.3   20.8   22.1   21.8   22.3   23.0   23.8   23.3   24.9   24.5   23.4   23.3
  933   22.5   20.9   21.7   21.5   22.6   23.4   24.1   23.4   24.6   24.4   23.3   23.3
  934   19.9   18.8   21.4   20.5   21.2   23.3   22.4   23.0   23.9   24.1   23.2   23.0
  935   21.8   20.0   22.9   22.6   23.3   21.6   23.5   24.5   23.9   23.0   22.6   23.5
  936   21.4   20.8   22.1   21.6   21.4   22.7   23.3   23.0   24.1   24.1   23.1   22.6
  940   24.9   23.8   23.3   21.9   23.6   23.8   24.6   24.7   24.9   25.1   23.5   24.0
  943   24.8   24.0   22.6   22.2   23.6   24.3   25.7   25.1   25.6   25.1   23.6   24.3
  944   22.5   21.3   22.2   22.0   22.5   23.1   23.5   23.5   24.3   23.5   22.6   22.8
  945   21.0   19.2   20.6   20.4   20.6   20.6   22.0   21.7   22.5   23.4   22.7   22.2
  946   17.8   17.8   20.7   20.1   19.7   19.2   20.7   21.3   21.6   21.7   21.1   21.4
  947   19.6   20.6   21.8   22.5   22.7   22.9   22.4   23.1   24.4   23.5   22.4   22.2
  948   18.4   18.5   21.3   19.9   20.4   21.0   21.8   21.9   22.9   22.3   22.2   23.2
  949   21.8   21.1   20.9   21.1   21.4   21.5   21.7   21.7   23.2   21.5   21.6   22.2
  951   20.2   18.6   21.6   20.3   22.2   23.0   23.1   23.5   24.1   23.2   22.9   22.6
  954   22.9   21.6   21.7   21.1   19.6   21.7   23.2   23.1   24.3   22.8   21.9   20.2
  956   19.3   20.0   19.3   19.6   20.6   21.2   21.4   20.9   20.9   21.1   21.8   21.1
  957   21.9   21.8   21.6   21.5   21.8   22.6   23.0   23.3   23.6   23.6   22.8   22.2
  958   21.9   22.0   22.4   21.7   22.5   24.1   24.5   23.8   24.3   24.1   23.6   22.8
  959   19.2   20.5   20.8   20.7   21.6   22.1   22.6   22.6   23.0   21.8   21.4   20.7
  960   22.4   21.8   22.5   21.4   22.8   23.2   23.8   24.1   24.7   24.7   24.1   23.6
  961   22.2   23.0   22.7   22.3   22.5   23.7   23.7   23.7   25.0   25.1   23.9   23.7
  962   23.5   22.1   22.3   21.4   21.5   23.5   24.7   25.1   26.2   22.9   24.0   22.6
