2014071000+000HOUR     2014071009LST
STNID    21H    45H    69H    93H   117H   141H   165H   189H   213H   237H   261H   285H
STNID 071106 071206 071306 071406 071506 071606 071706 071806 071906 072006 072106 072206LST
47008   18.3   18.8   18.7   19.4   17.4   19.1   19.6   19.3   19.1   21.0   22.3   18.7
47035   19.4   19.2   20.5   19.7   20.0   20.9   19.3   21.3   22.9   22.1   21.2   19.1
47041   18.3   17.7   17.7   18.1  -13.0   19.2    3.5   19.0   21.6   19.8   18.9   18.5
47058   21.2   19.8   21.8   21.7   20.7   22.6   22.1   22.6   22.6   23.3   23.8   20.7
47070   19.9   20.2   21.9   21.2   20.0   21.1   21.4   21.6   22.9   24.1   23.1   21.4
47090   21.2   24.2   23.6   23.3   22.0   23.4   22.0   24.4   21.1   23.4   24.3   22.4
47095   18.5   19.8   19.6   20.8   19.8   20.7   20.0   23.6   21.1   21.6   23.5   20.3
47098   19.5   20.6   21.3   21.6   19.4   20.7   22.0   23.7   22.8   24.1   24.0   22.3
47099   19.7   20.9   22.2   21.9   20.3   20.3   20.6   23.8   23.2   24.7   24.5   23.1
47100   16.3   18.1   17.8   18.7   16.8   17.4   18.3   18.4   17.6   19.3   20.0   19.3
47101   19.6   20.7   21.0   21.8   21.3   21.1   21.7   23.4   22.8 -237.8   25.6   20.0
47104   21.9   22.8   19.8   23.5   21.6   23.6   23.1   24.1   22.3   23.0   23.8   21.4
47105   26.2   25.4   25.2   24.2   23.5   25.2   24.8   26.3   24.4   23.8   27.3   22.9
47106   21.9   23.5   23.4   22.9   23.0   23.2   23.0   23.8   21.9   23.1   23.6   21.5
47108   23.3   21.7   22.6   22.0   21.7   22.5   23.0   23.4   24.4   25.1   23.1   23.1
47112   21.4   21.4   22.2   21.0   20.9   22.5   21.9   25.0   21.9   22.9   22.1   22.0
47114   21.0   20.7   20.9   20.8   19.5   21.6   22.2   23.5   24.4   -1.4   20.0   22.2
47115   23.3   22.9   24.1   21.4   23.9   23.2   23.3   24.2   23.9   23.0   24.9   22.8
47119   20.7   21.2   22.6   22.2   21.4   22.0   23.2   24.7   24.3   24.1   23.4   22.7
47121   19.4   19.5   20.0   19.4   19.5   18.6   21.6   21.3   22.7   23.2   22.7   20.8
47127  -39.1   20.8   21.9   21.2   20.6   20.8   23.6   22.4   23.3   23.1   23.0   21.6
47129   21.1   20.4   22.0   20.2   20.7   21.5   22.4   23.2   23.1   22.8   22.9   23.2
47130   23.2   22.1   22.2   20.3   21.9   20.8   21.6   22.5   21.7   22.3   24.7   22.1
47131   22.4   21.7   23.8   21.5   22.5   22.6   23.7   24.6   24.0   25.0   24.3   23.1
47133   22.5   21.1   23.1   21.5   19.5   22.1   21.9   26.8   24.0   23.5   24.5   23.6
47135   19.6   18.9   21.1   20.2   19.8   20.2   21.6   21.5   22.7   22.6   22.6   22.0
47136   21.3   21.1   22.8   20.5   21.4   21.5   22.3   23.3   24.2   23.6   24.3   23.3
47137   20.8   20.1   22.2   20.2   21.2   22.1   21.9   19.7   21.7   23.3   22.5   22.9
47138   24.9   23.2   25.0   20.4   22.7   24.0   23.3   26.0   23.5   25.5   26.8   25.5
47140   21.1   21.2   22.1   14.4   21.7   22.3   23.1   22.1   24.0   24.1   24.2   23.2
47143   24.1   23.0   24.6   20.5   23.8   23.3   24.0   24.9   24.9   25.7   27.0   25.5
47146   22.3   21.5   23.6   20.3   20.7   22.8   22.0   20.8   23.7   24.3   24.3   24.5
47152   23.5   22.5   24.0   18.8   22.9   21.9   22.9   23.2   23.3   24.6   25.4   24.9
47155   23.8   22.3   23.8   21.5   22.9   22.2   23.4   24.3   23.7   24.6   24.4   24.6
47156   22.7   21.9   23.4   19.4   22.6   22.8   23.3   22.9   23.1   24.7   22.0   22.2
47159   24.3   20.9   23.2   21.2   22.3   22.1   23.0   23.9   24.9   24.8   23.9   23.7
47162   22.4   20.6   22.2   22.3   20.7   20.9   22.4   23.4   23.2   24.0   23.0   22.2
47165   20.6   20.9   22.1   19.3   21.2   22.3   22.2   23.7   24.2   22.7   23.4   23.6
47168   23.5   19.9   23.4   22.6   21.9   22.1   23.2   24.1   24.6   24.3   23.0   24.5
47170   22.4   21.3   22.0   22.2   21.3   22.0   23.1   23.2   24.4   24.8   24.3   24.8
47172   20.4   21.4   22.2   21.2   20.9   20.8   21.1   22.9   22.1   22.8   20.6   19.7
47174   19.2   19.9   21.7   19.6   19.8   19.4   21.7   21.1   21.7   25.1 -517.1   10.6
47176 -999.0 -999.0 -999.0 -999.0 -999.0 -999.0 -999.0 -999.0 -999.0 -999.0 -999.0 -999.0
47184   21.8   23.6   22.5   24.5   22.2   24.1   24.6   24.9   23.9   25.5   25.7   23.1
47185   19.9   22.2   21.5   22.7   21.8   23.7   23.5   24.5   23.5   24.1   23.9   23.6
47188   21.4   21.9   22.7   23.4   21.0   22.7   23.3   23.8   25.0   25.0   23.9   22.3
47189   23.3   23.4   22.5   24.3   22.2   23.9   24.5   25.3   26.4   25.6   25.9   25.8
47192   20.6   21.0   22.6   20.5   21.5   21.1   22.5   22.7   22.2   22.9   21.8   22.0
47203   19.9   20.1   21.3   21.2   20.2   20.6   22.1   23.0   22.3   21.6   22.7   23.6
47232   20.2   20.3   22.5   20.9   20.8   21.0   23.3   22.2   23.0   23.4   23.8   22.4
47235   22.7   21.2   22.9   20.4   20.8   21.9   23.2   19.6   23.4   24.0   24.8   25.2
47245   21.5   22.0   23.2   19.9   21.3   22.0   23.0   24.7   23.5   23.8   23.0   23.0
47247   20.5   20.5   21.6   20.4   20.2   21.0   22.2   21.5   23.5   24.3   20.3   21.6
47268   21.5   21.2   22.4   21.8   21.6   21.4   23.8   23.9   24.4   22.8   24.1   23.6
47279   21.2   20.3   21.9   20.3   21.1   21.3   22.5   22.7   23.2   23.7   25.0   23.1
47284   17.8   19.5   20.7   18.8   18.9   20.7   21.4   20.9   21.9   21.2   20.3   20.8
  887   20.9   19.8   21.5   19.2   19.3   19.1   22.3   22.3   22.6   22.7   21.2   20.3
47110   19.8   21.0   22.9   22.3   20.6   21.2   22.8   25.5   24.1   23.9   21.8   21.7
47113   20.7   21.0   22.0   21.9   20.7   21.0   22.5   23.0   23.7   22.7   22.4   22.4
47151   21.3   21.7   23.1   18.6   21.3   19.5   21.8   21.4   21.7   22.6   22.8   20.8
47153   23.7   22.3   23.6   21.7   22.4   21.2   22.1   24.5   23.8   23.8   23.3   21.9
47182   21.5   22.4   21.9   23.8   20.7   22.1   23.9   24.1   23.2   23.9   23.5   21.0
