2014071000+000HOUR     2014071009LST
STNID     6H    30H    54H    78H   102H   126H   150H   174H   198H   222H   246H   270H
STNID 071015 071115 071215 071315 071415 071515 071615 071715 071815 071915 072015 072115LST
47008   28.2   26.4   27.5   24.8   23.9   26.6   25.9   27.7   23.9   22.6   27.3   26.1
47035   33.6   32.4   30.1   30.9   29.6   29.5   26.9   26.0   26.5   27.5   26.5   28.4
47041   33.6   32.5   32.5   32.8   30.0   32.0   30.6   29.7   27.8   27.2   31.6   27.8
47058   33.9   29.5   29.5   30.3   30.3   32.5   31.0   30.4   29.9   34.0   32.3   30.9
47070   31.6   30.8   27.7   29.3   32.0   31.9   31.0   36.1   35.3   35.7   36.2   32.2
47090   29.6   30.2   30.5   29.7   28.9   28.8   28.6   30.0   26.2   25.7   28.9   31.8
47095   31.8   30.8   27.9   29.6   30.1   31.1   31.4   33.3   33.5   33.7   34.1   31.8
47098   33.1   32.3   29.0   30.3   32.8   32.8   33.5   36.7   36.7   37.8   38.0   35.7
47099   33.4   32.6   28.4   31.4   32.5   32.2   32.1   36.1   36.6   36.3   36.9   33.6
47100   25.2   25.7   23.1   25.8   26.4   27.9   26.8   27.0   25.1   25.5   29.3   29.3
47101   31.6   31.3   27.8   30.4   32.5   31.8   32.3   33.4   34.0   33.8   35.5   33.4
47104   28.3   30.4   29.1   30.0   29.4   29.4   29.1   30.1   29.5   29.2   32.2   33.6
47105   29.6   31.3   29.7   30.8   31.0   30.1   31.0   30.8   30.5   29.6   34.8   34.8
47106   29.6   30.1   29.5   29.8   27.6   28.5   29.0   28.8   28.7   28.2   32.1   32.7
47108   32.5   31.9   26.9   29.6   31.9   31.2   33.2   34.0   34.5   36.2   36.2   34.2
47112   30.0   28.3   24.7   27.7   29.2   28.8   29.5   29.5   30.5   30.0   30.1   28.3
47114   31.8   30.9   29.2   29.8   31.8   32.5   32.1   32.6   33.1   33.4   36.1   35.5
47115   26.9   28.0   27.1   24.1   28.2   27.5   28.1   26.4   28.1   25.4   28.8   31.9
47119   31.5   30.8   27.5   29.7   31.5   31.6   31.6   31.5   32.2   35.0   34.3   32.5
47121   32.4   30.3   29.2   30.0   32.5   32.7   31.9   32.6   32.6   32.3   36.2   34.9
47127   31.8   31.1   28.9   28.1   31.5   31.9   30.9   31.4   32.8   33.3   34.4   33.9
47129   28.7   28.5   26.8   27.8   30.0   29.9   29.6   29.4   30.1   32.7   32.6   32.6
47130   26.8   30.3   28.9   27.8   27.5   27.4   26.5   28.4   27.4   26.1   31.9   32.9
47131   31.0   31.6   29.9   28.2   31.9   31.1   30.3   31.3   32.5   33.6   34.8   34.7
47133   30.2   30.7   28.6   27.4   30.9   29.9   29.3   29.8   32.8   32.4   33.3   33.4
47135   29.8   29.6   27.7   24.6   29.1   29.0   28.3   30.2   31.6   31.2   32.9   32.6
47136   33.0   31.6   29.0   29.2   31.9   32.6   30.4   30.8   33.4   32.7   36.5   34.5
47137   31.5   31.2   29.2   26.7   30.1   29.4   29.6   30.5   34.2   33.4   33.9   34.1
47138   31.1   34.0   31.3   26.9   30.9   30.3   30.3   30.9   32.6   29.0   32.8   36.0
47140   26.4   28.9   27.8   26.3   27.7   28.0   29.5   28.8   30.1   31.3   33.0   32.4
47143   33.1   32.5   29.2   27.8   30.6   31.3   30.7   29.1   34.5   34.0   36.5   36.4
47146   31.8   30.6   26.7   27.9   29.9   29.9   30.4   30.9   32.1   32.7   34.0   35.0
47152   31.4   33.9   29.8   26.2   28.7   29.6   29.7   30.3   32.8   31.0   32.8   36.0
47155   31.9   30.5   29.5   23.7   26.7   27.3   27.2   27.1   31.7   30.7   31.3   34.1
47156   31.3   30.5   27.3   26.7   29.7   29.6   29.0   31.3   31.8   33.4   33.1   33.8
47159   30.3   29.1   27.3   23.1   25.3   26.6   26.9   25.3   31.1   31.3   31.6   34.2
47162   29.4   27.6   24.5   21.7   23.0   24.9   25.9   24.5   30.4   30.9   31.6   32.8
47165   27.6   27.8   25.4   24.4   25.8   27.4 -195.9   26.5   28.5   32.3   31.3   32.7
47168   29.6   29.8   24.6   22.2   24.0   26.5   25.2   26.6   30.1   30.6   30.5   32.0
47170   28.5   29.3   27.5   24.8   25.3   28.5   27.6   28.5   31.7   38.2   34.0   39.0
47172   28.1   29.3   30.3   25.2   27.3   28.2   28.8   28.2   30.0   30.4   32.1   32.1
47174   31.0   31.7   27.9   24.4   26.6   26.2   26.1   27.0   31.1   31.1   31.4   33.7
47176 -999.0 -999.0 -999.0 -999.0 -999.0 -999.0 -999.0 -999.0 -999.0 -999.0 -999.0 -999.0
47184   26.4   27.7   24.1   27.3   26.2   24.2   26.2   26.5   29.3   33.0   31.8   32.1
47185   23.2   24.0   25.2   23.6   24.5   25.5   25.4   25.8   25.2   28.7   28.4   29.1
47188   26.3   27.4   22.5   25.3   24.8   25.0   25.6   28.8   27.6   31.3   31.0   31.5
47189   28.8   27.0   24.5   24.8   25.5   25.7   26.1   26.1   28.4   31.9   31.7   31.4
47192   32.3   32.1   28.4   23.3   26.3   27.3   27.3   27.9   31.9   33.5   33.4   35.0
47203   31.1   31.7   28.2   29.1   31.3   31.8   32.1   33.3   33.5   34.5   34.9   33.8
47232   30.4   31.2   29.1   28.8   30.1   31.5   30.9   31.1   32.7   33.5   34.6   34.0
47235   28.2   29.0   26.5   27.1   27.8   29.0   28.8   28.0   29.7   31.9   32.1   31.3
47245   31.0   29.9   27.6   28.0   29.6   28.8   30.1   30.8   31.6   31.7   33.3   34.8
47247   30.4   30.6   28.7   25.8   28.3   27.6   27.9   30.5   32.2   31.3   33.8   33.9
47268   26.2   27.5   25.9   25.4   25.7   25.7   26.3   24.3   28.4   31.2   32.4   32.8
47279   31.5   31.1   29.5   26.7   30.5   30.7   30.2   30.8   33.0   33.4   35.5   34.5
47284   30.8   31.3   28.8   24.9   29.3   30.4   28.9   28.6   32.0   32.1   33.7   34.2
  887   29.3   30.5   27.4   25.2   29.3   30.1   30.0   30.8   31.9   33.5   33.6   33.4
47110   32.5   31.3   26.9   29.4   31.5   29.9   31.8   33.1   34.0   35.4   34.6   31.7
47113   29.2   28.1   25.9   27.5   28.9   27.6   29.3   28.8   29.6   31.5   30.5   29.4
47151   31.4   34.2   30.9   26.2   28.1   29.7   28.5   29.0   33.8   30.1   32.9   36.8
47153   31.3   30.9   28.1   23.3   25.3   26.8   26.2   26.8   31.5   31.2   32.6   33.9
47182   25.4   26.8   23.7   27.4   24.8   24.2   26.1   27.0   26.6   31.6   29.0   30.2
