2014071000+000HOUR     2014071009LST
STNID    21H    45H    69H    93H   117H   141H   165H   189H   213H   237H   261H   285H
STNID 071106 071206 071306 071406 071506 071606 071706 071806 071906 072006 072106 072206LST
47008   18.5   17.7   18.9   18.3   18.8   19.0   20.5   20.4   19.8   19.7   19.8   19.0
47035   20.3   20.6   17.9   18.9   20.9   20.9   20.7   21.4   22.3   23.0   23.8   23.5
47041   18.2   17.7   16.4   16.5   -3.0   19.2   17.2   20.9   21.6   20.2   20.7   22.0
47058   20.1   20.9   19.3   20.1   20.9   23.5   20.4   20.2   22.3   22.8   24.0   22.3
47070   19.0   20.0   18.6   18.6   20.2   20.0   21.3   20.2   20.4   20.8   22.3   22.7
47090   21.2   23.4   22.4   21.2   21.9   23.1   22.3   22.8   22.1   22.4   22.9   23.0
47095   18.1   18.1   18.9   17.5   19.4   18.8   20.5   21.4   21.9   19.9   21.0   19.9
47098   19.2   19.6   18.9   18.4   18.8   19.7   20.9   21.4   21.0   20.4   21.6   21.6
47099   18.8   20.2   18.6   18.7   20.2   19.5   21.9   22.5   21.8   21.1   21.9   21.8
47100   15.0   16.3   16.1   16.7   15.5   15.7   18.2   19.5   17.8   17.5   16.9   15.8
47101   19.5   19.1   20.0   19.4   20.3   19.4   22.0   22.2   21.8   19.0   20.3   10.8
47104   21.9   22.1   20.0   21.6   21.5   23.1   22.0   22.7   21.8   21.0   22.2   22.5
47105   24.0   24.7   24.0   23.3   22.4   24.8   22.6   24.3   23.1   21.8   22.8   22.5
47106   21.6   20.5   22.3   21.1   22.0   22.8   21.1   22.7   20.0   20.2   21.8   21.8
47108   23.0   21.7   20.4   19.6   21.6   23.0   21.9   22.2   22.9   23.3   26.6   25.7
47112   20.9   20.9   19.7   19.8   21.3   21.5   22.0   22.4   22.5   22.6   24.6   24.6
47114   20.7   19.7   20.1   19.4   18.7   21.8   22.5   22.2   21.5   21.5   22.0   22.3
47115   22.0   23.7   23.0   22.4   23.4   23.0   22.8   22.3   21.5   20.8   21.1   21.2
47119   19.9   20.3   20.0   19.2   21.2   21.6   22.9   22.8   23.9   23.5   23.2   22.8
47121   19.3   18.4   19.8   18.1   19.0   18.6   21.3   21.5   21.4   20.8   21.0   21.9
47127  -39.1   19.2   20.7   19.9   19.6   20.8   23.1   23.5   23.7   23.6   21.6   22.5
47129   19.4   20.5   18.5   18.9   20.9   21.3   22.1   22.2   21.9   22.0   22.4   22.5
47130   19.5   21.3   23.1   20.1   21.4   22.0   21.0   21.8   21.3   20.5   20.8   20.9
47131   21.4   21.3   21.7   19.3   22.6   22.3   23.6   23.4   23.4   23.5   24.2   24.7
47133   21.8   20.9   21.9   20.1   18.0   19.6   21.8   21.4   22.3   24.1   24.0   24.7
47135   19.1   17.5   20.6   18.5   18.9   20.2   21.8   21.4   22.0   21.3   21.0   21.6
47136   20.4   19.5   21.8   18.4   20.3   21.3   22.9   22.9   23.1   22.2   22.9   22.3
47137   20.3   19.5   21.2   19.5   20.2   21.5   22.3   21.0   22.2   21.8   19.2   20.9
47138   23.1   22.7   23.0   22.8   23.2   24.7   23.5   24.7   23.5   23.1   22.7   23.1
47140   20.4   20.9   20.5   12.6   21.2   21.7   23.6   22.9   21.6   23.6   23.3   23.8
47143   23.7   22.2   22.9   21.6   24.2   23.6   24.2   23.8   23.1   23.4   23.5   23.6
47146   21.1   20.6   22.3   19.9   21.2   22.0   23.0   23.7   23.9   23.0   23.7   23.9
47152   21.9   20.9   21.3   21.7   22.9   21.1   23.2   22.6   23.0   22.4   22.1   22.7
47155   23.0   21.3   21.9   21.4   21.7   21.5   23.9   23.5   23.7   22.9   23.5   24.7
47156   22.0   21.1   22.0   20.1   22.0   22.2   24.0   24.1   24.5   24.1   24.0   24.6
47159   22.4   20.7   20.8   21.4   22.8   21.2   23.4   23.8   24.1   24.2   24.2   25.0
47162   20.4   19.6   20.9   19.6   21.1   20.5   22.9   23.1   23.0   22.9   23.0   23.7
47165   20.6   21.4   20.8   20.4   21.1   21.9   23.6   24.0   23.3   22.8   23.6   24.0
47168   22.0   19.4   21.4   21.0   22.4   22.3   24.0   23.8   23.5   24.2   24.2   25.1
47170   21.6   21.6   21.5   19.8   21.0   22.1   23.7   23.4   23.3   24.0   24.3   24.7
47172   19.6   20.2   21.0   20.8   18.9   21.3   24.0   24.5   26.3   23.7   22.5   22.5
47174   18.8   18.5   21.1   17.3   18.6   19.8   22.2   22.2   24.2   25.9   10.9   17.6
47176 -999.0 -999.0 -999.0 -999.0 -999.0 -999.0 -999.0 -999.0 -999.0 -999.0 -999.0 -999.0
47184   22.2   23.2   19.8   21.7   21.9   24.8   24.7   25.5   25.3   25.4   24.9   24.6
47185   20.6   22.1   20.5   20.7   22.5   23.9   23.9   24.8   24.4   24.6   24.1   23.5
47188   21.5   21.4   21.3   20.5   21.6   22.6   23.4   24.2   25.2   25.1   25.9   25.5
47189   22.2   22.7   20.2   21.5   22.7   23.2   25.3   25.3   25.6   25.8   26.2   26.2
47192   20.4   19.9   21.3   19.1   20.2   21.1   23.3   22.7   22.5   22.3   22.4   22.7
47203   19.3   18.7   19.3   18.9   19.5   20.0   22.2   22.8   21.9   21.5   20.7   21.2
47232   18.6   19.8   19.8   19.8   20.8   20.8   23.6   23.3   22.9   23.4   22.5   22.7
47235   19.9   21.3   20.3   19.6   21.1   19.5   24.0   21.2   22.7   23.1   23.3   24.0
47245   21.3   20.8   21.6   21.1   21.5   21.6   23.7   24.1   24.3   24.2   23.3   23.7
47247   20.3   19.0   20.9   18.6   19.8   20.6   22.4   22.8   23.0   23.3   23.0   23.1
47268   20.4   20.5   21.2   21.0   22.3   22.8   24.5   24.4   24.3   23.8   23.9   24.4
47279   20.8   19.4   21.6   19.3   20.3   21.7   22.7   22.7   22.9   22.5   22.3   22.9
47284   17.4   17.2   20.5   17.3   19.6   20.3   21.9   21.2   21.8   21.8   21.3   21.8
  887   20.1   18.6   20.3   18.0   18.7   19.2   22.5   21.4   22.5   21.0   21.4   22.1
47110   19.4   20.9   19.5   19.4   21.0   19.9   22.9   22.8   23.3   23.2   23.8   22.8
47113   20.0   21.2   19.7   20.4   21.0   20.1   21.1   22.3   22.3   22.9   24.1   23.8
47151   20.8   19.4   21.1   18.3   19.2   18.9   22.3   20.6   21.3   22.4   21.6   23.8
47153   22.8   21.2   21.2   19.9   21.8   21.1   23.0   23.1   22.8   22.9   23.5   23.9
47182   21.9   22.2   18.9   20.7   20.8   21.5   23.4   23.4   24.2   23.6   23.4   22.8
