2014071000+000HOUR     2014071009LST
STNID    15H    27H    39H    51H    63H    75H    87H    99H   111H   123H   135H   147H   159H   171H   183H   195H   207H   219H   231H   243H   255H   267H   279H
STNID 071100 071112 071200 071212 071300 071312 071400 071412 071500 071512 071600 071612 071700 071712 071800 071812 071900 071912 072000 072012 072100 072112 072200LST
47003    0.0    6.5    2.5    1.0    3.0    0.0    0.0    0.0    0.0    2.0    0.0    0.0    0.0    0.0    0.0    1.5    0.5    8.0    7.0    2.5    6.5    6.5    1.5
47005    0.0    5.5    1.0    2.0    1.5    1.5    0.5    0.0    0.0    3.0    3.0    2.5    0.5    0.0    0.0    1.0    1.5    4.0    6.0    0.5    0.5    7.5    2.0
47008    0.5    0.5    0.0    0.0    0.0    0.0    0.0    0.0    0.0    0.0    0.0    0.0    0.0    0.0    0.5    0.0    1.5    3.5    3.0    5.5    4.5    5.0    1.0
47014    0.0   12.5    2.5    3.0    5.0    2.5    2.0    0.0    0.5    0.5    2.5    4.0    3.0    0.0    0.0    0.5    3.5   13.5    7.5    0.0   13.0   14.5    2.0
47016    0.0    1.0    0.0    0.0    0.0    0.0    0.0    0.0    0.0    0.0    0.0    0.0    1.5    0.0    0.0   11.5    0.0    6.0    6.0    3.5    1.0    6.5    0.0
47020    0.0    8.5    1.5    1.0    4.0    0.5    3.0    0.0    0.0    0.0    1.5    1.0    2.0    0.0    0.0    6.5    6.0   20.0    3.5    3.0   29.5   32.5    2.5
47022    0.0    0.0    0.0    0.0    0.0    0.0    0.0    0.0    0.0    0.0    0.0    0.0    1.0    0.0    1.0    6.0    0.0   10.5    5.5    6.5    8.0    8.0    0.0
47025    0.0    0.0    0.0    0.0    0.0    0.0    0.0    0.0    0.0    0.0    0.0    0.0    0.0    0.0    0.0   14.5    4.5   10.5    1.0   35.5    8.0    8.0    1.0
47028    0.0    2.0    0.0    0.0    0.0    0.0    3.0    0.0    1.0    0.0    5.0    0.0    0.0    0.0    0.0    1.0    7.0   60.5   45.5   46.0   23.5    3.5    2.0
47031    0.0    0.0    0.0    0.0    0.0    0.0    0.0    0.0    0.0    0.0    0.0    0.0    0.5    0.0    2.0    7.5    2.5   14.5    4.5    8.5   19.0   31.5    0.5
47035    0.0    0.0    0.0    0.0    0.0    0.0    0.0    0.0    0.0    1.0    0.0    0.0    0.0    0.0    0.0    2.5    3.5   63.0   36.5   29.5    9.0    0.0    0.0
47037    0.0    2.0    0.0    0.0    0.0    0.0    0.5    0.0    2.5    0.0    0.5    0.0    0.0    0.0    0.0    7.0    9.5   55.5   41.5   85.0   85.0   13.5    1.5
47039    0.0    2.5    1.5    0.0    1.0    0.0    0.5    0.0    1.0    0.0    0.5    0.0    0.0    0.0    1.5   11.0    9.0   33.0   27.0   52.5   68.0   24.5    2.0
47041    0.0    0.0    0.0    0.0    0.0    0.0    0.0    0.0    0.0    0.0    0.0    0.0    0.0    0.0    2.5   10.0    2.0   55.0   48.5   86.0   30.5   63.0    1.0
47046    0.0    1.5    1.5    0.0    0.0    0.0    0.0    0.0    0.0    0.0    0.0    0.0    0.0    0.0    3.5   11.0    6.5   29.0    9.0   60.0   33.0   67.0    3.0
47050    0.0    1.5    0.0    0.0    0.0    0.0    0.0    0.0    0.0    0.0    0.0    0.0    0.0    0.0    0.0   14.0   12.0   62.0   36.0  103.5   99.5   14.0    1.0
47052    0.0    0.5    0.0    0.0    0.0    0.0    0.0    0.0    0.0    0.0    0.0    0.0    0.0    0.0    4.0   10.0    8.0   22.5   19.5   43.5   35.5   28.0    2.0
47055    0.0    0.0    0.0    0.0    0.0    0.0    0.0    0.0    0.0    0.0    0.0    0.0    0.0    4.5   10.0   14.0    3.0    9.0    4.0   13.0    1.0    3.0    5.5
47058    0.0    0.0    0.0    0.0    0.0    0.0    0.0    0.0    0.0    0.0    0.0    0.0    0.0    1.0    5.0   16.0    1.5   16.0   19.5   43.5   55.5   25.0    4.0
47060    0.0    0.0    0.0    0.0    0.0    0.0    0.0    0.0    0.0    0.0    0.0    0.0    0.0    5.0    9.0   42.5   11.0   16.5    3.5   36.5   68.5   11.0    3.0
47061    0.0    0.0    0.0    0.0    0.0    0.0    0.0    0.0    0.0    0.0    0.0    0.0    0.0    3.5    8.0   18.5    7.5    3.0    0.0    0.0    0.0    4.5    7.5
47065    0.0    0.0    0.0    0.0    0.0    0.0    0.0    0.0    0.0    0.0    0.0    0.0    0.0    7.0   11.5   43.0   12.0   13.5   10.5   36.0   40.0   23.0    3.5
47067    0.0    0.0    0.0    0.0    0.0    0.0    0.0    0.0    0.0    0.0    0.0    0.0    0.0    8.0   13.0   30.0    6.0    8.5   15.0   20.0   18.0   26.0    1.5
47068    0.0    0.0    0.0    0.0    0.0    0.0    0.0    0.0    0.0    0.0    0.0    0.0    0.0    7.5    5.0   17.0    3.0   10.0    1.0   21.0   83.0    2.5    1.5
47069    0.0    0.0    0.0    0.0    0.0    0.0    0.0    0.0    0.0    0.0    0.0    0.0    0.0   24.5   17.5    0.0    2.0   10.0    0.0   29.0   65.0   27.0    0.5
47070    0.0    0.0    0.0    0.0    1.0    0.0    0.0    0.0    0.0    0.0    0.0    0.0    0.0   20.0   15.5    7.5    2.0    7.0    9.5   40.0   43.0   41.0   13.5
47075    0.0    0.0    0.0    0.0    0.0    0.0    0.0    0.0    0.0    0.0    0.0    0.0    0.0   12.5   16.5   12.0    8.0    3.5   10.0   27.0   11.5   14.0    4.5
47090    0.0    0.0    0.0    0.0    0.0    0.0    0.0    0.0    0.0    0.0    0.0    0.0    0.0    4.5    2.5    0.0    0.0    0.5    0.0    0.0    0.0    5.5    3.0
47095    0.0    0.0    0.0    0.0    0.0    0.0    0.0    0.0    0.0    0.0    0.0    0.0    0.0   12.5   16.5   12.0    8.0    3.5   10.0   27.0   11.5   14.0    4.5
47098    0.0    0.0    0.0    0.0    1.0    0.0    0.0    0.0    0.0    0.0    0.0    0.0    0.0   16.0    8.5    4.0    3.5    3.5   11.0   24.5    5.5    5.5   10.5
47099    0.0    0.0    0.0    0.0    1.0    0.0    0.0    0.0    0.0    0.0    0.0    0.0    0.0   20.0   15.5    7.5    2.0    7.0    9.5   40.0   43.0   41.0   13.5
47100    0.0    0.0    0.0    0.0    0.0    0.0    0.0    0.0    0.0    0.0    0.0    0.0    0.0   11.5    0.5    1.5    0.0    0.0    0.0    0.0    4.0    0.0    0.5
47101    0.0    0.0    0.0    0.0    0.0    0.0    0.0    0.0    0.0    0.0    0.0    0.0    0.0   17.5    7.5   15.0    4.5    0.5    6.0   11.0    4.0    5.0    4.5
47104    0.0    0.0    0.0    0.0    0.0    0.0    0.0    0.0    0.0    0.0    0.0    0.0    0.0   12.5    4.0    0.0    0.0    0.0    0.0    0.0    8.5    3.0    1.5
47105    0.0    0.0    0.0    0.0    0.0    0.0    0.0    0.0    0.0    0.0    0.0    0.0    0.0   12.5    4.0    0.0    0.0    0.0    0.0    0.0    8.5    3.0    1.5
47106    0.0    0.0    0.0    0.0    0.0    0.0    0.0    0.0    0.0    0.0    0.0    0.0    0.0    2.5    0.0    0.0    0.0    0.0    0.0    0.0    0.0    0.0    0.0
47108    0.0    0.0    0.0    0.0    0.0    1.0    0.0    0.0    0.0    0.0    0.0    0.0    0.0   17.0    4.0    7.5    4.5    2.0    5.5   29.0    6.5    8.0    8.5
47112    0.0    0.0    0.0    0.0    0.0    0.5    0.0    0.0    0.0    0.0    0.0    0.0    0.0   19.5    5.5    3.0    3.0    1.5    5.0   44.0   19.0   38.5   12.5
47114    0.0    0.0    0.0    0.0    0.0    0.5    0.0    0.0    0.0    0.0    0.0    0.0    1.0   14.5    4.0   11.0    5.5    0.0    6.5   11.0   15.5    5.0    8.5
47115    0.0    0.0    0.0    0.0    0.0    0.0    0.0    0.0    0.0    0.0    0.0    0.0    0.0    0.0    0.0    0.0    0.0    0.0    0.0    0.0    0.0    0.0    0.0
47119    0.0    0.0    0.0    0.0    0.0    0.0    0.0    0.0    0.0    0.0    0.0    0.0    0.0    6.5    0.0    5.5    2.0    1.0   11.0   16.0   15.0    7.5    8.0
47121    1.0    0.0    0.0    0.0    0.0    0.0    0.0    0.0    0.0    0.0    0.0    0.0    0.0    5.0    0.0    0.0    2.5    0.0    4.0    9.0    9.5    0.0    0.0
47127    0.0    0.0    0.0    0.0    0.0    1.0    0.0    0.0    0.0    0.0    0.0    0.0    0.0    7.5    2.0   14.0    3.0    0.0    6.5   16.0   15.5    1.5    2.0
47129    0.0    0.0    0.0    0.0    0.0    0.0    0.0    0.0    0.0    0.0    0.0    0.0    1.0    3.5    0.0    1.0    2.0    0.0    8.5   11.0   15.5    7.0   11.5
47130    0.0    0.0    0.0    0.0    0.0    0.0    0.0    0.0    0.0    0.0    0.0    0.0    0.0    0.0    0.0    0.0    0.0    0.0    0.0    0.0    2.0    0.0   17.0
47131    0.0    0.0    0.0    0.0    0.0    0.0    0.0    0.0    0.0    0.0    0.0    0.0    0.0    1.5    3.0    7.5    1.5    0.0    9.0    3.5    9.0    0.0    0.0
47133    0.0    0.0    0.0    0.0    5.5    0.0    0.0    0.0    0.0    0.0    0.0    0.0    1.0    0.5    2.0    3.5    1.5    0.0    6.5    7.5   12.0    0.0    0.0
47135    0.0    0.0    0.0    0.0    1.5    0.0    0.0    0.0    0.0    0.0    0.0    0.0    0.0    0.0    1.0    0.0    2.5    0.0    2.5    0.5    5.5    0.0    0.0
47136    1.0    0.0    0.0    0.0    0.0    0.0    0.0    0.0    0.0    0.0    0.0    0.0    0.0    1.5    0.0    0.0    0.0    0.0    3.0    5.5    5.5    0.0    0.0
47137    0.0    0.0    0.0    0.0    1.5    0.0    0.0    0.0    0.0    0.0    0.0    0.0    0.0    0.0    1.0    0.0    2.5    0.0    2.5    0.5    5.5    0.0    0.0
47138    0.0    0.0    0.0    0.0    0.0    0.0    0.0    0.0    0.0    0.0    0.0    0.0    0.0    0.0    0.0    0.0    0.0    0.0    1.0    4.0    4.5    0.0    4.5
47140    0.0    0.0    0.0    0.0    0.0    0.0    0.0    0.0    0.0    0.0    0.0    0.0    0.5    0.0    0.5    0.0    0.0    0.0    1.0    0.0    0.0    0.0    0.0
47143    1.5    0.0    0.0    0.0    0.0    0.0    0.0    0.0    0.0    0.0    0.0    0.0    0.0    0.0    0.0    0.0    0.0    0.0    3.5    2.0    2.0    0.0    1.0
47146    0.0    0.0    0.0    0.0    0.0    0.0    0.0    0.0    0.0    0.0    0.0    0.0    0.0    0.0    1.0    1.0    0.0    0.0    6.5    8.5    9.0    0.0    0.0
47152    0.0    0.0    0.0    0.0    0.0    0.0    0.0    0.0    0.0    0.0    0.0    0.0    0.0    0.0    5.5    0.0    0.0    0.0    0.5    2.5    1.0    0.0    4.0
47155    2.0    0.0    0.0    0.0    0.0    0.0    0.0    0.5    0.0    0.0    0.0    0.0    0.0    0.0    1.5    0.0    0.0    0.0    0.0    1.0    0.0    0.0    0.0
47156    0.0    0.0    0.0    0.0    0.0    0.0    0.0    0.0    0.0    0.0    1.0    0.0    0.0    0.5    6.0    0.0    0.5    0.0    0.5    1.0    1.0    0.0    1.5
47159    2.0    0.0    0.0    0.0    0.0    0.0    0.0    0.5    0.0    0.0    0.0    0.0    0.0    0.0    1.5    0.0    0.0    0.0    0.0    1.0    0.0    0.0    0.0
47162    1.0    0.0    0.0    0.0    0.0    0.0    0.0    0.5    0.0    0.0    0.0    0.0    0.0    0.0    0.0    0.0    0.0    0.0    0.0    0.5    0.0    0.0    0.0
47165    0.0    0.0    0.0    0.0    0.0    0.0    0.0    1.0    0.0    0.0    0.0    0.0    0.0    0.5    1.5    0.0    0.0    0.0    0.0    1.0    0.0    0.0    0.5
47168    0.0    0.0    0.0    0.0    0.0    0.0    0.0    1.0    0.0    0.0    0.0    0.0    0.0    0.0    0.0    0.0    0.0    0.0    0.0    1.5    0.0    0.0    1.0
47169    0.0    0.0    0.0    0.0    0.0    0.0    0.0    0.5    0.0    0.0    0.0    0.5    0.0    0.0    0.0    0.0    0.0    0.0    0.0    0.5    0.0    0.0    1.5
47170    0.0    0.0    0.0    0.0    0.0    0.0    0.0    1.0    0.0    0.0    0.0    0.0    0.0    1.0    0.0    0.0    0.0    0.0    0.0    1.5    0.0    0.0    0.5
47172    0.0    0.0    0.0    0.0    0.0    0.0    0.0    0.0    0.0    0.0    0.0    0.0    0.0    1.5    2.0    0.0    0.0    0.5    1.0    3.0    0.0    0.0    1.0
47174    0.0    0.0    0.0    0.0    0.0    0.0    0.0    0.5    0.0    0.0    0.0    0.0    0.0    0.5    0.5    0.0    0.0    0.0    0.0    2.0    0.0    0.0    0.5
47184    0.0    0.0    0.0   21.5   12.0    3.0    0.0   20.0    3.5    0.0    0.0    0.0    0.0    0.0    0.0    0.0    0.0    0.0    1.0    0.0    0.0    0.0    0.0
47185    0.0    0.0    0.0   26.5    7.0    4.5    0.0   17.0    4.0    0.0    0.0    0.0    0.0    0.0    0.0    0.0    0.0    0.0    0.0    0.0    0.0    0.0    0.0
47188    0.0    0.0    0.0   15.5   15.5    4.5    0.0   10.0    1.5    0.0    0.0    0.0    0.0    0.0    0.0    0.0    0.0    0.0    0.0    0.0    0.0    0.0    0.0
47189    0.0    0.0    0.0   21.5   12.0    3.0    0.0   20.0    3.5    0.0    0.0    0.0    0.0    0.0    0.0    0.0    0.0    0.0    1.0    0.0    0.0    0.0    0.0
47192    0.0    0.0    0.0    0.0    0.0    0.0    0.0    0.0    0.0    0.0    0.0    0.0    0.0    0.0    1.0    0.0    0.0    0.0    1.5    2.0    0.0    0.0    2.5
47201    0.0    0.0    0.0    0.0    1.0    0.0    0.0    0.0    0.0    0.0    0.0    0.0    0.0   20.0   15.5    7.5    2.0    7.0    9.5   40.0   43.0   41.0   13.5
47202    0.0    0.0    0.0    0.0    0.0    0.5    0.0    0.0    0.0    0.0    0.0    0.0    1.0   14.5    4.0   11.0    5.5    0.0    6.5   11.0   15.5    5.0    8.5
47203    0.0    0.0    0.0    0.0    0.0    1.0    0.0    0.0    0.0    0.0    0.0    0.0    0.0    7.5    2.0   14.0    3.0    0.0    6.5   16.0   15.5    1.5    2.0
47211    0.0    0.0    0.0    0.0    0.0    0.0    0.0    0.0    0.0    0.0    0.0    0.0    0.0   17.5    2.0    3.0    0.0    0.0    3.0    3.5    2.0    6.0   10.5
47212    0.0    0.0    0.0    0.0    0.0    0.5    0.0    0.0    0.0    0.0    0.0    0.0    1.0   14.5    4.0   11.0    5.5    0.0    6.5   11.0   15.5    5.0    8.5
47216    0.0    0.0    0.0    0.0    0.0    0.0    0.0    0.0    0.0    0.0    0.0    0.0    0.0    4.0    0.0    0.0    0.0    0.0    5.0    2.5    6.5    0.0    0.0
47221    1.0    0.0    0.0    0.0    0.0    0.0    0.0    0.0    0.0    0.0    0.0    0.0    0.0    5.0    0.0    0.0    2.5    0.0    4.0    9.0    9.5    0.0    0.0
47226    0.0    0.0    0.0    0.0    2.0    0.0    0.0    0.0    0.0    0.0    0.0    0.0    0.5    0.5    6.0    7.0    2.5    0.0    4.5    1.5    9.5    0.0    0.0
47232    0.0    0.0    0.0    0.0    0.0    0.0    0.0    0.0    0.0    0.0    0.0    0.0    0.0    2.5    0.0    6.5    3.5    0.0    8.0    6.5    7.5    0.5    3.0
47235    0.0    0.0    0.0    1.5    4.0    0.0    0.0    0.0    0.0    0.0    0.0    0.0    1.5    1.5    0.0    1.5    1.5    0.0    3.0    5.5    5.0    0.0    0.5
47236    0.0    0.0    0.0    0.0    5.5    0.0    0.0    0.0    0.0    0.0    0.0    0.0    1.0    0.5    2.0    3.5    1.5    0.0    6.5    7.5   12.0    0.0    0.0
47238    0.0    0.0    0.0    0.0    0.0    0.0    0.0    0.0    0.0    0.0    0.0    0.0    0.0    0.0    5.0    0.5    2.5    0.0    6.0    2.5    2.0    0.0    0.0
47243    0.0    0.0    0.0    0.0    0.0    0.0    0.0    0.0    0.0    0.0    0.0    0.0    0.0    1.0    7.0    0.0    1.5    1.0   13.5    5.5    7.5    0.0    0.0
47244    0.0    0.0    0.0    0.0    0.0    0.0    0.0    0.0    0.0    0.0    0.0    0.0    0.0    0.5    7.5    0.0    1.0    0.0    6.0    1.5    1.0    0.0    0.0
47245    0.0    0.0    0.0    0.0    0.0    0.0    0.0    0.0    0.0    0.0    0.0    0.0    0.0    0.5    7.5    0.0    1.0    0.0    6.0    1.5    1.0    0.0    0.0
47247    0.0    0.0    0.0    0.0    0.0    0.0    0.0    0.0    0.0    0.0    1.0    0.0    0.0    0.5    6.0    0.0    0.5    0.0    0.5    1.0    1.0    0.0    1.5
47248    0.0    0.0    0.0    0.0    0.0    0.0    0.0    0.0    0.0    0.0    0.0    0.0    0.0    0.0    9.0    0.0    3.0    0.0    3.0    1.5    0.0    0.0    1.0
47251    0.0    0.0    0.0    0.0    0.0    0.0    0.0    0.0    0.0    0.0    0.0    0.0    0.0    1.5    2.0    0.0    0.0    0.5    1.0    3.0    0.0    0.0    1.0
47252    0.0    0.0    0.0    0.0    0.0    0.0    0.0    0.0    0.0    0.0    0.0    0.0    0.0    1.5    2.0    0.0    0.0    0.5    1.0    3.0    0.0    0.0    1.0
47253    2.0    0.0    0.0    0.0    0.0    0.0    0.0    0.5    0.0    0.0    0.0    0.0    0.0    0.0    1.5    0.0    0.0    0.0    0.0    1.0    0.0    0.0    0.0
47254    0.0    0.0    0.0    0.0    0.0    0.0    0.0    0.0    0.0    0.0    1.0    0.0    0.0    0.5    6.0    0.0    0.5    0.0    0.5    1.0    1.0    0.0    1.5
47255    2.0    0.0    0.0    0.0    0.0    0.0    0.0    0.5    0.0    0.0    0.0    0.0    0.0    0.0    1.5    0.0    0.0    0.0    0.0    1.0    0.0    0.0    0.0
47256    0.0    0.0    0.0    0.0    0.0    0.0    0.0    0.0    0.0    0.0    1.0    0.0    0.0    0.5    6.0    0.0    0.5    0.0    0.5    1.0    1.0    0.0    1.5
47257    2.0    0.0    0.0    0.0    0.0    0.0    0.0    0.5    0.0    0.0    0.0    0.0    0.0    0.0    1.5    0.0    0.0    0.0    0.0    1.0    0.0    0.0    0.0
47259    0.0    0.0    0.0    0.0    0.0    0.0    0.0    1.0    0.0    0.0    0.0    0.0    0.0    1.0    0.0    0.0    0.0    0.0    0.0    1.5    0.0    0.0    0.5
47260    0.0    0.0    0.0    0.0    0.0    0.0    0.0    0.5    0.0    0.0    0.0    0.0    0.0    0.5    0.5    0.0    0.0    0.0    0.0    2.0    0.0    0.0    0.5
47261    0.0    0.0    0.0    0.0    0.0    0.0    0.0    1.0    0.0    0.0    0.0    0.0    0.0    1.0    0.0    0.0    0.0    0.0    0.0    1.5    0.0    0.0    0.5
47262    0.0    0.0    0.0    0.0    0.0    0.0    0.0    1.5    0.0    0.0    0.0    0.0    0.0    0.5    0.0    0.0    0.0    0.0    0.0    2.5    0.0    0.0    0.0
47263    0.0    0.0    0.0    0.0    0.0    0.0    0.0    0.0    0.0    0.0    0.0    0.0    0.0    0.0    1.0    0.0    0.0    0.0    1.5    2.0    0.0    0.0    2.5
47264    0.0    0.0    0.0    0.0    0.0    0.0    0.0    0.0    0.0    0.0    0.0    0.0    0.0    0.0    9.0    0.0    3.0    0.0    3.0    1.5    0.0    0.0    1.0
47266    0.0    0.0    0.0    0.0    0.0    0.0    0.0    1.0    0.0    0.0    0.0    0.0    0.0    0.0    0.0    0.0    0.0    0.0    0.0    1.5    0.0    0.0    1.0
47268    0.0    0.0    0.0    0.0    0.0    0.0    0.0    0.5    0.0    0.0    0.0    0.0    0.0    0.5    0.0    0.0    0.0    0.0    0.0    0.0    0.0    0.0    0.0
47271    0.0    0.0    0.0    0.0    0.0    0.0    0.0    0.0    0.0    0.0    0.0    0.0    0.0    4.0    0.0    0.0    0.0    0.0    5.0    2.5    6.5    0.0    0.0
47272    1.0    0.0    0.0    0.0    0.0    0.0    0.0    0.0    0.0    0.0    0.0    0.0    0.0    2.5    0.0    0.0    3.5    0.0    7.0    3.0    7.0    0.0    0.0
47273    1.0    0.0    0.0    0.0    0.0    0.0    0.0    0.0    0.0    0.0    0.0    0.0    0.0    2.5    0.0    0.0    3.5    0.0    7.0    3.0    7.0    0.0    0.0
47276    2.0    0.0    0.0    0.0    0.0    0.0    0.0    0.0    0.0    0.0    0.0    0.0    0.0    0.0    0.0    0.0    0.0    0.0    4.5    1.5    4.5    0.0    0.0
47277    0.0    0.0    0.0    0.0    0.0    0.0    0.0    0.0    0.0    0.0    0.0    0.0    0.0    0.0    0.0    0.0    0.0    0.0    0.0    2.5    7.0    0.0    3.5
47278    2.0    0.0    0.0    0.0    0.0    0.0    0.0    0.0    0.0    0.0    0.0    0.0    0.0    0.0    0.0    0.0    0.0    0.0    4.5    1.5    4.5    0.0    0.0
47279    0.0    0.0    0.0    0.0    0.0    0.0    0.0    0.0    0.0    0.0    0.0    0.0    0.0    0.0    2.5    0.0    0.0    0.0    5.0    2.5    1.5    0.0    0.5
47281    1.5    0.0    0.0    0.0    0.0    0.0    0.0    0.0    0.0    0.0    0.0    0.0    0.0    0.0    0.0    0.0    0.0    0.0    3.5    2.0    2.0    0.0    1.0
47283    0.0    0.0    0.0    0.0    0.0    0.0    0.0    0.0    0.0    0.0    0.0    0.0    0.0    0.0    0.0    0.0    0.0    0.0    1.0    4.0    4.5    0.0    4.5
47284    0.0    0.0    0.0    0.0    0.0    0.0    0.0    0.0    0.0    0.0    0.0    0.0    0.0    0.0    9.0    0.0    3.0    0.0    3.0    1.5    0.0    0.0    1.0
47285    0.0    0.0    0.0    0.0    0.0    0.0    0.0    0.0    0.0    0.0    0.0    0.0    0.0    0.5    3.0    0.0    0.0    0.0    5.0    1.0    0.5    0.0    0.5
47288    1.5    0.0    0.0    0.0    0.0    0.0    0.0    0.0    0.0    0.0    0.0    0.0    0.0    0.0    5.0    0.0    0.0    0.0    1.5    1.0    2.5    0.0    0.5
47289    0.0    0.0    0.0    0.0    0.0    0.0    0.0    0.0    0.0    0.0    0.0    0.0    0.0    0.0    1.0    0.0    0.0    0.0    0.0    1.0    0.5    0.0    1.5
47294    0.0    0.0    0.0    0.0    0.0    0.0    0.0    1.0    0.0    0.0    0.0    0.0    0.0    0.5    0.0    0.0    0.0    0.0    0.0    0.0    0.0    0.0    0.0
47295    0.0    0.0    0.0    0.0    0.0    0.0    0.0    1.0    0.0    0.0    0.0    0.0    0.0    0.0    0.0    0.0    0.0    0.0    0.0    1.5    0.0    0.0    1.0
47299    0.0    0.0    0.0  100.0    1.5   13.5    8.0   31.0    0.5    0.0    0.0    0.0    0.0    0.0    0.0    0.0    0.0    0.0    0.0    0.0    0.0    0.0    0.0
  319    0.0    0.0    0.0    0.0    0.0    0.0    0.0    0.0    0.0    0.0    0.0    0.0    0.0    0.0    0.0    0.0    0.0    0.0    0.0    0.0    0.0    0.0    0.0
  328    0.0    0.0    0.0   21.5   12.0    3.0    0.0   20.0    3.5    0.0    0.0    0.0    0.0    0.0    0.0    0.0    0.0    0.0    1.0    0.0    0.0    0.0    0.0
  400    0.0    0.0    0.0    0.0    0.0    1.0    0.0    0.0    0.0    0.0    0.0    0.0    0.0   17.0    4.0    7.5    4.5    2.0    5.5   29.0    6.5    8.0    8.5
  433    0.0    0.0    0.0    0.0    0.0    0.5    0.0    0.0    0.0    0.0    0.0    0.0    0.0   19.5    5.5    3.0    3.0    1.5    5.0   44.0   19.0   38.5   12.5
  441    0.0    0.0    0.0    0.0    0.0    0.5    0.0    0.0    0.0    0.0    0.0    0.0    0.0   19.5    5.5    3.0    3.0    1.5    5.0   44.0   19.0   38.5   12.5
  504    0.0    0.0    0.0    0.0    1.0    0.0    0.0    0.0    0.0    0.0    0.0    0.0    0.0   16.0    8.5    4.0    3.5    3.5   11.0   24.5    5.5    5.5   10.5
  516    0.0    0.0    0.0    0.0    0.0    0.0    0.0    0.0    0.0    0.0    0.0    0.0    0.0    6.5    0.0    5.5    2.0    1.0   11.0   16.0   15.0    7.5    8.0
  517    0.0    0.0    0.0    0.0    0.0    0.0    0.0    0.0    0.0    0.0    0.0    0.0    0.0    6.0    5.0    9.0    1.5    0.5    1.0    4.0    2.5    7.0   16.0
  519    0.0    0.0    0.0    0.0    0.0    0.0    0.0    0.0    0.0    0.0    0.0    0.0    0.0    8.5    7.0   14.0    0.0    4.5    3.0    5.0    2.0    4.0    5.5
  523    0.0    0.0    0.0    0.0    0.0    0.0    0.0    0.0    0.0    0.0    0.0    0.0    0.0   12.5    4.0    0.0    0.0    0.0    0.0    0.0    8.5    3.0    1.5
  525    0.0    0.0    0.0    0.0    0.0    0.0    0.0    0.0    0.0    0.0    0.0    0.0    0.0   15.0    1.0    0.0    3.0    0.0    7.5    9.0    5.5    0.5    7.0
  526    0.0    0.0    0.0    0.0    0.0    0.0    0.0    0.0    0.0    0.0    0.0    0.0    0.0   15.0    1.0    0.0    3.0    0.0    7.5    9.0    5.5    0.5    7.0
  527    0.0    0.0    0.0    0.0    0.0    0.0    0.0    0.0    0.0    0.0    0.0    0.0    0.0    4.0    0.0    0.0    0.0    0.0    5.0    2.5    6.5    0.0    0.0
  528    0.0    0.0    0.0    0.0    0.0    0.0    0.5    0.0    0.0    0.0    1.0    0.0    0.0   20.5   21.5    0.0    1.5    9.0    0.0   23.5   54.5    5.0    0.0
  529    0.0    0.0    0.0    0.0    0.0    0.0    0.0    0.0    0.0    0.0    0.0    0.0    0.0    0.0    0.0    0.0    0.0    0.0    0.0    0.0    2.0    0.0   17.0
  530    0.0    0.0    0.0    0.0    0.0    0.0    0.0    0.0    0.0    0.0    0.0    0.0    0.0    0.0    0.0    0.0    0.0    0.0    0.0    0.0    0.0    0.0    0.0
  531    0.0    0.0    0.0    0.0    0.0    0.0    0.0    0.0    0.0    0.0    0.0    0.0    0.0   17.5    7.5   15.0    4.5    0.5    6.0   11.0    4.0    5.0    4.5
  532    0.0    0.0    0.0    0.0    1.0    0.0    0.0    0.0    0.0    0.0    0.0    0.0    0.0   16.0    8.5    4.0    3.5    3.5   11.0   24.5    5.5    5.5   10.5
  534    0.0    0.0    0.0    0.0    0.0    1.0    0.0    0.0    0.0    0.0    0.0    0.0    0.0    7.5    2.0   14.0    3.0    0.0    6.5   16.0   15.5    1.5    2.0
  536    0.0    0.0    0.0    0.0    0.0    0.0    0.0    0.0    0.0    0.0    0.0    0.0    0.0   15.0    1.0    0.0    3.0    0.0    7.5    9.0    5.5    0.5    7.0
  540    0.0    0.0    0.0    0.0    0.0    1.0    0.0    0.0    0.0    0.0    0.0    0.0    0.0   17.0    4.0    7.5    4.5    2.0    5.5   29.0    6.5    8.0    8.5
  541    0.0    0.0    0.0    0.0    0.0    1.0    0.0    0.0    0.0    0.0    0.0    0.0    0.0   17.0    4.0    7.5    4.5    2.0    5.5   29.0    6.5    8.0    8.5
  542    0.0    0.0    0.0    0.0    0.0    1.0    0.0    0.0    0.0    0.0    0.0    0.0    0.0   17.0    4.0    7.5    4.5    2.0    5.5   29.0    6.5    8.0    8.5
  546    0.0    0.0    0.0    0.0    0.0    1.0    0.0    0.0    0.0    0.0    0.0    0.0    0.0   17.0    4.0    7.5    4.5    2.0    5.5   29.0    6.5    8.0    8.5
  548    0.0    0.0    0.0    0.0    0.0    1.0    0.0    0.0    0.0    0.0    0.0    0.0    0.0    7.5    2.0   14.0    3.0    0.0    6.5   16.0   15.5    1.5    2.0
  549    0.0    0.0    0.0    0.0    0.0    0.0    0.0    0.0    0.0    0.0    0.0    0.0    0.0    6.5    0.0    5.5    2.0    1.0   11.0   16.0   15.0    7.5    8.0
  551    0.0    0.0    0.0    0.0    0.0    0.0    0.0    0.0    0.0    0.0    0.0    0.0    0.0    6.5    0.0    5.5    2.0    1.0   11.0   16.0   15.0    7.5    8.0
  552    0.0    0.0    0.0    0.0    0.0    0.0    0.0    0.0    0.0    0.0    0.0    0.0    0.0    8.5    7.0   14.0    0.0    4.5    3.0    5.0    2.0    4.0    5.5
  555    0.0    0.0    0.0    0.0    0.0    0.0    0.0    0.0    0.0    0.0    0.0    0.0    0.0    8.5    7.0   14.0    0.0    4.5    3.0    5.0    2.0    4.0    5.5
  556    0.0    0.0    0.0    0.0    0.0    0.0    0.0    0.0    0.0    0.0    0.0    0.0    0.0    6.0    5.0    9.0    1.5    0.5    1.0    4.0    2.5    7.0   16.0
  557    0.0    0.0    0.0    0.0    0.0    0.0    0.0    0.0    0.0    0.0    0.0    0.0    0.0   17.5    2.0    3.0    0.0    0.0    3.0    3.5    2.0    6.0   10.5
  559    0.0    0.0    0.0    0.0    0.0    0.0    0.0    0.0    0.0    0.0    0.0    0.0    0.0   17.5    2.0    3.0    0.0    0.0    3.0    3.5    2.0    6.0   10.5
  561    0.0    0.0    0.0    0.0    0.0    0.0    0.0    0.0    0.0    0.0    0.0    0.0    0.0   15.0    1.0    0.0    3.0    0.0    7.5    9.0    5.5    0.5    7.0
  562    1.0    0.0    0.0    0.0    0.0    0.0    0.0    0.0    0.0    0.0    0.0    0.0    0.0    5.0    0.0    0.0    2.5    0.0    4.0    9.0    9.5    0.0    0.0
  563    0.0    0.0    0.0    0.0    0.0    0.0    0.0    0.0    0.0    0.0    0.0    0.0    0.0   11.5    0.5    1.5    0.0    0.0    0.0    0.0    4.0    0.0    0.5
  565    0.0    0.0    0.0    0.0    0.0    0.5    0.0    0.0    0.0    0.0    0.0    0.0    0.0   19.5    5.5    3.0    3.0    1.5    5.0   44.0   19.0   38.5   12.5
  566    0.0    0.0    0.0    0.0    0.0    0.0    0.0    0.0    0.0    0.0    0.0    0.0    0.0   12.5    4.0    0.0    0.0    0.0    0.0    0.0    8.5    3.0    1.5
  571    0.0    0.0    0.0    0.0    0.0    0.0    0.0    0.0    0.0    0.0    0.0    0.0    0.0    9.5    1.5    1.5    0.0    0.0    3.0    8.5    2.5   22.0    7.5
  572    0.0    0.0    0.0    0.0    0.0    1.0    0.0    0.0    0.0    0.0    0.0    0.0    0.0   17.0    4.0    7.5    4.5    2.0    5.5   29.0    6.5    8.0    8.5
  579    0.0    0.0    0.0    0.0    0.0    0.0    0.0    0.0    0.0    0.0    0.0    0.0    0.0   11.5    0.5    1.5    0.0    0.0    0.0    0.0    4.0    0.0    0.5
  580    0.0    0.0    0.0    0.0    0.0    0.0    0.0    0.0    0.0    0.0    0.0    0.0    0.0   11.5    0.5    1.5    0.0    0.0    0.0    0.0    4.0    0.0    0.5
  581    0.0    0.0    0.0    0.0    0.0    0.0    0.0    0.0    0.0    0.0    0.0    0.0    0.0    4.0    0.0    0.0    0.0    0.0    5.0    2.5    6.5    0.0    0.0
  583    0.0    0.0    0.0    0.0    0.0    0.0    0.0    0.0    0.0    0.0    0.0    0.0    0.0   15.0    1.0    0.0    3.0    0.0    7.5    9.0    5.5    0.5    7.0
  586    0.0    0.0    0.0    0.0    0.0    0.0    0.0    0.0    0.0    0.0    0.0    0.0    0.0   17.5    7.5   15.0    4.5    0.5    6.0   11.0    4.0    5.0    4.5
  588    0.0    0.0    0.0    0.0    0.0    0.0    0.0    0.0    0.0    0.0    0.0    0.0    0.0   17.5    7.5   15.0    4.5    0.5    6.0   11.0    4.0    5.0    4.5
  590    0.0    0.0    0.0    0.0    0.0    1.0    0.0    0.0    0.0    0.0    0.0    0.0    0.0   17.0    4.0    7.5    4.5    2.0    5.5   29.0    6.5    8.0    8.5
  598    0.0    0.0    0.0    0.0    1.0    0.0    0.0    0.0    0.0    0.0    0.0    0.0    0.0   16.0    8.5    4.0    3.5    3.5   11.0   24.5    5.5    5.5   10.5
  601    1.0    0.0    0.0    0.0    0.0    0.0    0.0    0.0    0.0    0.0    0.0    0.0    0.0    5.0    0.0    0.0    2.5    0.0    4.0    9.0    9.5    0.0    0.0
  602    0.0    0.0    0.0    0.0    0.0    0.0    0.0    0.0    0.0    0.0    0.0    0.0    0.0    1.5    3.0    7.5    1.5    0.0    9.0    3.5    9.0    0.0    0.0
  603    0.0    0.0    0.0    0.0    0.0    0.0    0.0    0.0    0.0    0.0    0.0    0.0    0.0    1.5    3.0    7.5    1.5    0.0    9.0    3.5    9.0    0.0    0.0
  604    0.0    0.0    0.0    0.0    2.0    0.0    0.0    0.0    0.0    0.0    0.0    0.0    0.5    0.5    6.0    7.0    2.5    0.0    4.5    1.5    9.5    0.0    0.0
  605    0.0    0.0    0.0    0.0    0.0    0.0    0.0    0.0    0.0    0.0    0.0    0.0    0.0    0.0    5.0    0.5    2.5    0.0    6.0    2.5    2.0    0.0    0.0
  606    0.0    0.0    0.0    0.0    0.0    0.0    0.0    0.0    0.0    0.0    0.0    0.0    0.0    9.5    1.5    1.5    0.0    0.0    3.0    8.5    2.5   22.0    7.5
  610    0.0    0.0    0.0    0.0    0.0    0.0    0.0    0.0    0.0    0.0    0.0    0.0    1.0    3.5    0.0    1.0    2.0    0.0    8.5   11.0   15.5    7.0   11.5
  611    0.0    0.0    0.0    0.0    0.0    0.0    0.0    0.0    0.0    0.0    0.0    0.0    0.0    2.5    0.0    6.5    3.5    0.0    8.0    6.5    7.5    0.5    3.0
  612    0.0    0.0    0.0    0.0    5.5    0.0    0.0    0.0    0.0    0.0    0.0    0.0    1.0    0.5    2.0    3.5    1.5    0.0    6.5    7.5   12.0    0.0    0.0
  614    0.0    0.0    0.0    0.0    0.0    0.0    0.0    0.0    0.0    0.0    0.0    0.0    0.5    0.0    0.5    0.0    0.0    0.0    1.0    0.0    0.0    0.0    0.0
  615    0.0    0.0    0.0    0.0    5.5    0.0    0.0    0.0    0.0    0.0    0.0    0.0    1.0    0.5    2.0    3.5    1.5    0.0    6.5    7.5   12.0    0.0    0.0
  616    0.0    0.0    0.0    0.0    0.0    0.0    0.0    0.0    0.0    0.0    0.0    0.0    1.0    3.5    0.0    1.0    2.0    0.0    8.5   11.0   15.5    7.0   11.5
  617    0.0    0.0    0.0    0.0    0.0    0.0    0.0    0.0    0.0    0.0    0.0    0.0    0.0    2.5    0.0    6.5    3.5    0.0    8.0    6.5    7.5    0.5    3.0
  618    0.0    0.0    0.0    1.5    4.0    0.0    0.0    0.0    0.0    0.0    0.0    0.0    1.5    1.5    0.0    1.5    1.5    0.0    3.0    5.5    5.0    0.0    0.5
  619    0.0    0.0    0.0    0.0    0.0    1.0    0.0    0.0    0.0    0.0    0.0    0.0    0.0    7.5    2.0   14.0    3.0    0.0    6.5   16.0   15.5    1.5    2.0
  623    0.0    0.0    0.0    0.0    0.0    0.0    0.0    0.0    0.0    0.0    0.0    0.0    0.0    1.5    3.0    7.5    1.5    0.0    9.0    3.5    9.0    0.0    0.0
  624    0.0    0.0    0.0    0.0    0.0    0.0    0.0    0.0    0.0    0.0    0.0    0.0    0.0    1.5    3.0    7.5    1.5    0.0    9.0    3.5    9.0    0.0    0.0
  627    0.0    0.0    0.0    0.0    0.0    0.0    0.0    0.0    0.0    0.0    0.0    0.0    1.0    3.5    0.0    1.0    2.0    0.0    8.5   11.0   15.5    7.0   11.5
  628    0.0    0.0    0.0    0.0    0.0    0.0    0.0    0.0    0.0    0.0    0.0    0.0    1.0    3.5    0.0    1.0    2.0    0.0    8.5   11.0   15.5    7.0   11.5
  630    0.0    0.0    0.0    0.0    0.0    1.0    0.0    0.0    0.0    0.0    0.0    0.0    0.0    7.5    2.0   14.0    3.0    0.0    6.5   16.0   15.5    1.5    2.0
  634    0.0    0.0    0.0    0.0    0.0    0.0    0.0    0.0    0.0    0.0    0.0    0.0    0.0    2.5    0.0    6.5    3.5    0.0    8.0    6.5    7.5    0.5    3.0
  635    0.0    0.0    0.0    0.0    0.0    0.0    0.0    0.0    0.0    0.0    0.0    0.0    0.0    0.0    1.0    1.0    0.0    0.0    6.5    8.5    9.0    0.0    0.0
  636    0.0    0.0    0.0    0.0    5.5    0.0    0.0    0.0    0.0    0.0    0.0    0.0    1.0    0.5    2.0    3.5    1.5    0.0    6.5    7.5   12.0    0.0    0.0
  642    0.0    0.0    0.0    0.0    5.5    0.0    0.0    0.0    0.0    0.0    0.0    0.0    1.0    0.5    2.0    3.5    1.5    0.0    6.5    7.5   12.0    0.0    0.0
  652    0.0    0.0    0.0    0.0    1.0    0.0    0.0    0.0    0.0    0.0    0.0    0.0    0.0   16.0    8.5    4.0    3.5    3.5   11.0   24.5    5.5    5.5   10.5
   96    0.0    0.0    0.0    0.0    0.0    0.0    0.0    0.0    0.0    0.0    0.0    0.0    0.0    0.0    0.0    0.0    0.0    0.0    0.0    0.0    0.0    0.0    0.0
  661    0.0    0.0    0.0    0.0    0.0    0.0    0.0    0.0    0.0    0.0    0.0    0.0    0.0    3.5    8.0   18.5    7.5    3.0    0.0    0.0    0.0    4.5    7.5
  670    0.0    0.0    0.0    0.0    0.0    0.0    0.0    0.0    0.0    0.0    0.0    0.0    0.0    4.5    2.5    0.0    0.0    0.5    0.0    0.0    0.0    5.5    3.0
  671    0.0    0.0    0.0    0.0    0.0    0.0    0.0    0.0    0.0    0.0    0.0    0.0    0.0    4.5    2.5    0.0    0.0    0.5    0.0    0.0    0.0    5.5    3.0
  699    0.0    0.0    0.0    0.0    0.0    0.0    0.0    1.0    0.0    0.0    0.0    0.0    0.0    0.5    1.5    0.0    0.0    0.0    0.0    1.0    0.0    0.0    0.5
  701    0.0    0.0    0.0    0.0    0.0    0.0    0.0    0.0    0.0    0.0    0.0    0.0    0.0    0.0    5.0    0.5    2.5    0.0    6.0    2.5    2.0    0.0    0.0
  702    0.0    0.0    0.0    0.0    0.0    0.0    0.0    0.0    0.0    0.0    0.0    0.0    0.0    0.0    1.0    1.0    0.0    0.0    6.5    8.5    9.0    0.0    0.0
  703    0.0    0.0    0.0    0.0    0.0    0.0    0.0    0.0    0.0    0.0    0.0    0.0    0.0    0.0    9.0    0.0    3.0    0.0    3.0    1.5    0.0    0.0    1.0
  704    0.0    0.0    0.0    0.0    0.0    0.0    0.0    0.0    0.0    0.0    0.0    0.0    0.0    1.0    7.0    0.0    1.5    1.0   13.5    5.5    7.5    0.0    0.0
  706    0.0    0.0    0.0    0.0    0.0    0.0    0.0    0.0    0.0    0.0    1.0    0.0    0.0    0.5    6.0    0.0    0.5    0.0    0.5    1.0    1.0    0.0    1.5
  709    0.0    0.0    0.0    0.0    0.0    0.0    0.0    0.0    0.0    0.0    0.0    0.0    0.0    0.0    1.0    0.0    0.0    0.0    0.0    1.0    0.5    0.0    1.5
  710    0.0    0.0    0.0    0.0    0.0    0.0    0.0    1.0    0.0    0.0    0.0    0.0    0.0    0.5    1.5    0.0    0.0    0.0    0.0    1.0    0.0    0.0    0.5
  711    0.0    0.0    0.0    0.0    0.0    0.0    0.0    0.5    0.0    0.0    0.0    0.0    0.0    0.5    0.5    0.0    0.0    0.0    0.0    2.0    0.0    0.0    0.5
  712    0.0    0.0    0.0    0.0    0.0    0.0    0.0    1.0    0.0    0.0    0.0    0.0    0.0    0.0    0.0    0.0    0.0    0.0    0.0    1.5    0.0    0.0    1.0
  713    0.0    0.0    0.0    0.0    0.0    0.0    0.0    1.0    0.0    0.0    0.0    0.0    0.0    0.0    0.0    0.0    0.0    0.0    0.0    1.5    0.0    0.0    1.0
  727    0.0    0.0    0.0   21.5   12.0    3.0    0.0   20.0    3.5    0.0    0.0    0.0    0.0    0.0    0.0    0.0    0.0    0.0    1.0    0.0    0.0    0.0    0.0
  730    0.0    0.0    0.0    0.0    0.0    0.0    0.0    0.0    0.0    0.0    0.0    0.0    0.0    1.5    2.0    0.0    0.0    0.5    1.0    3.0    0.0    0.0    1.0
  731    0.0    0.0    0.0    0.0    0.0    0.0    0.0    1.0    0.0    0.0    0.0    0.0    0.0    0.5    1.5    0.0    0.0    0.0    0.0    1.0    0.0    0.0    0.5
  732    0.0    0.0    0.0    0.0    0.0    0.0    0.0    0.5    0.0    0.0    0.0    0.0    0.0    0.5    0.5    0.0    0.0    0.0    0.0    2.0    0.0    0.0    0.5
  733    0.0    0.0    0.0    0.0    0.0    0.0    0.0    0.0    0.0    0.0    0.0    0.0    0.0    0.0    1.0    1.0    0.0    0.0    6.5    8.5    9.0    0.0    0.0
  734    0.0    0.0    0.0    0.0    0.0    0.0    0.0    0.0    0.0    0.0    0.0    0.0    0.0    0.0    1.0    1.0    0.0    0.0    6.5    8.5    9.0    0.0    0.0
  736    0.0    0.0    0.0    0.0    0.0    0.0    0.0    0.0    0.0    0.0    0.0    0.0    0.5    0.0    0.5    0.0    0.0    0.0    1.0    0.0    0.0    0.0    0.0
  737    0.0    0.0    0.0    0.0    0.0    0.0    0.0    0.0    0.0    0.0    0.0    0.0    0.0    0.5    7.5    0.0    1.0    0.0    6.0    1.5    1.0    0.0    0.0
  738    0.0    0.0    0.0    0.0    0.0    0.0    0.0    0.0    0.0    0.0    0.0    0.0    0.0    1.0    7.0    0.0    1.5    1.0   13.5    5.5    7.5    0.0    0.0
  741    0.0    0.0    0.0    0.0    0.0    0.0    0.0    0.5    0.0    0.0    0.0    0.0    0.0    0.5    0.5    0.0    0.0    0.0    0.0    2.0    0.0    0.0    0.5
  745    0.0    0.0    0.0    0.0    0.0    0.0    0.0    1.0    0.0    0.0    0.0    0.0    0.0    0.5    1.5    0.0    0.0    0.0    0.0    1.0    0.0    0.0    0.5
  748    0.0    0.0    0.0    0.0    0.0    0.0    0.0    0.5    0.0    0.0    0.0    0.0    0.0    0.5    0.5    0.0    0.0    0.0    0.0    2.0    0.0    0.0    0.5
  751    0.0    0.0    0.0   21.5   12.0    3.0    0.0   20.0    3.5    0.0    0.0    0.0    0.0    0.0    0.0    0.0    0.0    0.0    1.0    0.0    0.0    0.0    0.0
  752    0.0    0.0    0.0   21.5   12.0    3.0    0.0   20.0    3.5    0.0    0.0    0.0    0.0    0.0    0.0    0.0    0.0    0.0    1.0    0.0    0.0    0.0    0.0
  754    0.0    0.0    0.0    0.0    0.0    0.0    0.0    1.0    0.0    0.0    0.0    0.0    0.0    0.5    1.5    0.0    0.0    0.0    0.0    1.0    0.0    0.0    0.5
  757    0.0    0.0    0.0    0.0    0.0    0.0    0.0    0.0    0.0    0.0    0.0    0.0    0.0    0.0    5.0    0.5    2.5    0.0    6.0    2.5    2.0    0.0    0.0
  762    0.0    0.0    0.0    0.0    0.0    0.0    0.0    0.0    0.0    0.0    0.0    0.0    0.0    0.5    7.5    0.0    1.0    0.0    6.0    1.5    1.0    0.0    0.0
  767    0.0    0.0    0.0    0.0    0.0    0.0    0.0    1.5    0.0    0.0    0.0    0.0    0.0    0.5    0.0    0.0    0.0    0.0    0.0    2.5    0.0    0.0    0.0
  768    0.0    0.0    0.0    0.0    0.0    0.0    0.0    0.0    0.0    0.0    1.0    0.0    0.0    0.5    6.0    0.0    0.5    0.0    0.5    1.0    1.0    0.0    1.5
  769    0.0    0.0    0.0    0.0    0.0    0.0    0.0    0.0    0.0    0.0    0.0    0.0    0.0    1.5    2.0    0.0    0.0    0.5    1.0    3.0    0.0    0.0    1.0
  771    0.0    0.0    0.0    0.0    0.0    0.0    0.0    0.5    0.0    0.0    0.0    0.0    0.0    1.5    0.0    0.0    0.0    0.0    0.0    1.5    0.0    0.5    1.5
  775    0.0    0.0    0.0    0.0    0.0    0.0    0.0    0.0    0.0    0.0    0.0    0.0    0.0    1.5    2.0    0.0    0.0    0.5    1.0    3.0    0.0    0.0    1.0
  779    0.0    0.0    0.0   26.5    7.0    4.5    0.0   17.0    4.0    0.0    0.0    0.0    0.0    0.0    0.0    0.0    0.0    0.0    0.0    0.0    0.0    0.0    0.0
  780    0.0    0.0    0.0   21.5   12.0    3.0    0.0   20.0    3.5    0.0    0.0    0.0    0.0    0.0    0.0    0.0    0.0    0.0    1.0    0.0    0.0    0.0    0.0
  789    0.0    0.0    0.0    0.0    0.0    0.0    0.0    1.0    0.0    0.0    0.0    0.0    0.0    0.5    1.5    0.0    0.0    0.0    0.0    1.0    0.0    0.0    0.5
  801    0.0    0.0    0.0    0.0    0.0    0.0    0.0    0.0    0.0    0.0    0.0    0.0    0.0    0.0    0.0    0.0    0.0    0.0    0.0    1.0   10.0    0.0    4.5
  803    2.0    0.0    0.0    0.0    0.0    0.0    0.0    0.0    0.0    0.0    0.0    0.0    0.0    0.0    0.0    0.0    0.0    0.0    4.5    1.5    4.5    0.0    0.0
  804    0.0    0.0    0.0    0.0    0.0    0.0    0.0    0.0    0.0    0.0    0.0    0.0    0.0    0.0    0.0    0.0    0.0    0.0    0.0    2.5    7.0    0.0    3.5
  810    0.0    0.0    0.0    0.0    0.0    0.0    0.0    0.0    0.0    0.0    0.0    0.0    0.0    0.0    2.5    0.0    0.0    0.0    5.0    2.5    1.5    0.0    0.5
  811    0.0    0.0    0.0    0.0    0.0    0.0    0.0    0.0    0.0    0.0    0.0    0.0    0.0    0.0    0.0    0.0    0.0    0.0    1.0    4.0    4.5    0.0    4.5
  812    0.0    0.0    0.0    0.0    0.0    0.0    0.0    0.0    0.0    0.0    0.0    0.0    0.0    0.5    3.0    0.0    0.0    0.0    5.0    1.0    0.5    0.0    0.5
  813    1.5    0.0    0.0    0.0    0.0    0.0    0.0    0.0    0.0    0.0    0.0    0.0    0.0    0.0    5.0    0.0    0.0    0.0    1.5    1.0    2.5    0.0    0.5
  815    1.0    0.0    0.0    0.0    0.0    0.0    0.0    0.0    0.0    0.0    0.0    0.0    0.0    2.5    0.0    0.0    3.5    0.0    7.0    3.0    7.0    0.0    0.0
  822    0.0    0.0    0.0    0.0    0.0    0.0    0.0    0.0    0.0    0.0    0.0    0.0    0.0    0.0    2.5    0.0    0.0    0.0    5.0    2.5    1.5    0.0    0.5
  823    2.0    0.0    0.0    0.0    0.0    0.0    0.0    0.0    0.0    0.0    0.0    0.0    0.0    0.0    0.0    0.0    0.0    0.0    4.5    1.5    4.5    0.0    0.0
  825    0.0    0.0    0.0    0.0    0.0    0.0    0.0    0.0    0.0    0.0    0.0    0.0    0.0    0.0    2.5    0.0    0.0    0.0    5.0    2.5    1.5    0.0    0.5
  827    1.5    0.0    0.0    0.0    0.0    0.0    0.0    0.0    0.0    0.0    0.0    0.0    0.0    0.0    0.0    0.0    0.0    0.0    3.5    2.0    2.0    0.0    1.0
  828    0.0    0.0    0.0    0.0    0.0    0.0    0.0    0.0    0.0    0.0    0.0    0.0    0.0    0.5    3.0    0.0    0.0    0.0    5.0    1.0    0.5    0.0    0.5
  832    0.0    0.0    0.0    0.0    1.5    0.0    0.0    0.0    0.0    0.0    0.0    0.0    0.0    0.0    1.0    0.0    2.5    0.0    2.5    0.5    5.5    0.0    0.0
  834    0.0    0.0    0.0    0.0    2.0    0.0    0.0    0.0    0.0    0.0    0.0    0.0    0.5    0.5    6.0    7.0    2.5    0.0    4.5    1.5    9.5    0.0    0.0
  836    2.0    0.0    0.0    0.0    0.0    0.0    0.0    0.0    0.0    0.0    0.0    0.0    0.0    0.0    0.0    0.0    0.0    0.0    4.5    1.5    4.5    0.0    0.0
  844    0.0    0.0    0.0    0.0    0.0    0.0    0.0    0.0    0.0    0.0    0.0    0.0    0.0    0.0    0.0    0.0    0.0    0.0    0.0    2.5    7.0    0.0    3.5
  850    0.0    0.0    0.0    0.0    0.0    0.0    0.0    0.0    0.0    0.0    0.0    0.0    0.0    0.0    5.5    0.0    0.0    0.0    0.5    2.5    1.0    0.0    4.0
  876    0.0    0.0    0.0    0.0    0.0    0.0    0.0    0.0    0.0    0.0    0.0    0.0    0.0    2.5    0.0    0.0    0.0    0.0    0.0    0.0    0.0    0.0    0.0
  877    0.0    0.0    0.0    0.0    0.0    0.5    0.0    0.0    0.0    0.0    0.0    0.0    1.0   14.5    4.0   11.0    5.5    0.0    6.5   11.0   15.5    5.0    8.5
  887    0.0    0.0    0.0    0.0    5.5    0.0    0.0    0.0    0.0    0.0    0.0    0.0    1.0    0.5    2.0    3.5    1.5    0.0    6.5    7.5   12.0    0.0    0.0
  900    0.0    0.0    0.0    0.0    0.0    0.0    0.0    0.0    0.0    0.0    0.0    0.0    0.0    0.0    5.5    0.0    0.0    0.0    0.5    2.5    1.0    0.0    4.0
  901    0.0    0.0    0.0    0.0    0.0    0.0    0.0    0.0    0.0    0.0    0.0    0.0    0.0    0.0    5.5    0.0    0.0    0.0    0.5    2.5    1.0    0.0    4.0
  907    1.0    0.0    0.0    0.0    0.0    0.0    0.0    0.5    0.0    0.0    0.0    0.0    0.0    0.0    0.0    0.0    0.0    0.0    0.0    0.5    0.0    0.0    0.0
  908    2.0    0.0    0.0    0.0    0.0    0.0    0.0    0.5    0.0    0.0    0.0    0.0    0.0    0.0    1.5    0.0    0.0    0.0    0.0    1.0    0.0    0.0    0.0
  909    0.0    0.0    0.0    0.0    0.0    0.0    0.0    1.0    0.0    0.0    0.0    0.0    0.0    0.5    0.0    0.0    0.0    0.0    0.0    0.0    0.0    0.0    0.0
  912    0.0    0.0    0.0    0.0    0.0    0.0    0.0    0.0    0.0    0.0    0.0    0.0    0.0    0.0    9.0    0.0    3.0    0.0    3.0    1.5    0.0    0.0    1.0
  915    0.0    0.0    0.0    0.0    0.0    0.0    0.0    0.0    0.0    0.0    0.0    0.0    0.0    0.0    1.0    0.0    0.0    0.0    1.5    2.0    0.0    0.0    2.5
  917    1.0    0.0    0.0    0.0    0.0    0.0    0.0    0.5    0.0    0.0    0.0    0.0    0.0    0.0    0.0    0.0    0.0    0.0    0.0    0.5    0.0    0.0    0.0
  918    1.0    0.0    0.0    0.0    0.0    0.0    0.0    0.5    0.0    0.0    0.0    0.0    0.0    0.0    0.0    0.0    0.0    0.0    0.0    0.5    0.0    0.0    0.0
  919    0.0    0.0    0.0    0.0    0.0    0.0    0.0    0.0    0.0    0.0    0.0    0.0    0.0    0.5    3.0    0.0    0.0    0.0    5.0    1.0    0.5    0.0    0.5
  920    0.0    0.0    0.0    0.0    0.0    0.0    0.0    0.0    0.0    0.0    0.0    0.0    0.0    0.0    1.0    0.0    0.0    0.0    1.5    2.0    0.0    0.0    2.5
  923    4.0    0.0    0.0    0.0    0.0    0.0    0.0    1.0    0.0    0.0    0.0    0.0    0.0    0.0    5.0    0.0    0.0    0.0    0.0    1.5    1.0    0.0    0.0
  932    0.0    0.0    0.0    0.0    0.0    0.0    0.0    0.0    0.0    0.0    0.0    0.0    0.0    0.0    1.0    0.0    0.0    0.0    0.0    1.0    0.5    0.0    1.5
  936    0.0    0.0    0.0    0.0    0.0    0.0    0.0    0.0    0.0    0.0    0.0    0.0    0.0    0.0    1.0    0.0    0.0    0.0    1.5    2.0    0.0    0.0    2.5
  940    2.0    0.0    0.0    0.0    0.0    0.0    0.0    0.5    0.0    0.0    0.0    0.0    0.0    0.0    1.5    0.0    0.0    0.0    0.0    1.0    0.0    0.0    0.0
  946    0.0    0.0    0.0    0.0    0.0    0.0    0.0    0.0    0.0    0.0    0.0    0.0    0.0    0.0    9.0    0.0    3.0    0.0    3.0    1.5    0.0    0.0    1.0
  790    0.0    0.0    0.0    0.0    0.0    0.0    0.0    2.0    0.0    0.0    0.0    0.0    0.0    1.0    0.0    0.0    0.0    0.0    0.0    1.5    0.0    0.0    0.0
10111    0.0    0.0    0.0    0.0    0.0    1.0    0.0    0.0    0.0    0.0    0.0    0.0    0.0   17.0    4.0    7.5    4.5    2.0    5.5   29.0    6.5    8.0    8.5
10112    0.0    0.0    0.0    0.0    0.0    1.0    0.0    0.0    0.0    0.0    0.0    0.0    0.0   17.0    4.0    7.5    4.5    2.0    5.5   29.0    6.5    8.0    8.5
10121    0.0    0.0    0.0    0.0    0.0    0.0    0.0    0.0    0.0    0.0    0.0    0.0    0.0    6.0    5.0    9.0    1.5    0.5    1.0    4.0    2.5    7.0   16.0
10122    0.0    0.0    0.0    0.0    0.0    0.0    0.0    0.0    0.0    0.0    0.0    0.0    0.0    6.0    5.0    9.0    1.5    0.5    1.0    4.0    2.5    7.0   16.0
10131    0.0    0.0    0.0    0.0    0.0    0.0    0.0    0.0    0.0    0.0    0.0    0.0    0.0   12.5    4.0    0.0    0.0    0.0    0.0    0.0    8.5    3.0    1.5
10132    0.0    0.0    0.0    0.0    0.0    0.0    0.0    0.0    0.0    0.0    0.0    0.0    0.0   12.5    4.0    0.0    0.0    0.0    0.0    0.0    8.5    3.0    1.5
10141    0.0    0.0    0.0    0.0    0.0    0.0    0.0    0.0    0.0    0.0    0.0    0.0    0.0   15.0    1.0    0.0    3.0    0.0    7.5    9.0    5.5    0.5    7.0
10142    0.0    0.0    0.0    0.0    0.0    0.0    0.0    0.0    0.0    0.0    0.0    0.0    0.0   15.0    1.0    0.0    3.0    0.0    7.5    9.0    5.5    0.5    7.0
10151    0.0    0.0    0.0    0.0    5.5    0.0    0.0    0.0    0.0    0.0    0.0    0.0    1.0    0.5    2.0    3.5    1.5    0.0    6.5    7.5   12.0    0.0    0.0
10152    0.0    0.0    0.0    0.0    5.5    0.0    0.0    0.0    0.0    0.0    0.0    0.0    1.0    0.5    2.0    3.5    1.5    0.0    6.5    7.5   12.0    0.0    0.0
10161    0.0    0.0    0.0    0.0    2.0    0.0    0.0    0.0    0.0    0.0    0.0    0.0    0.5    0.5    6.0    7.0    2.5    0.0    4.5    1.5    9.5    0.0    0.0
10162    0.0    0.0    0.0    0.0    2.0    0.0    0.0    0.0    0.0    0.0    0.0    0.0    0.5    0.5    6.0    7.0    2.5    0.0    4.5    1.5    9.5    0.0    0.0
10171    1.0    0.0    0.0    0.0    0.0    0.0    0.0    0.0    0.0    0.0    0.0    0.0    0.0    2.5    0.0    0.0    3.5    0.0    7.0    3.0    7.0    0.0    0.0
10172    1.0    0.0    0.0    0.0    0.0    0.0    0.0    0.0    0.0    0.0    0.0    0.0    0.0    2.5    0.0    0.0    3.5    0.0    7.0    3.0    7.0    0.0    0.0
10181    0.0    0.0    0.0    0.0    0.0    0.0    0.0    1.0    0.0    0.0    0.0    0.0    0.0    0.5    1.5    0.0    0.0    0.0    0.0    1.0    0.0    0.0    0.5
10182    0.0    0.0    0.0    0.0    0.0    0.0    0.0    1.0    0.0    0.0    0.0    0.0    0.0    0.5    1.5    0.0    0.0    0.0    0.0    1.0    0.0    0.0    0.5
10192    0.0    0.0    0.0    0.0    0.0    0.0    0.0    0.0    0.0    0.0    0.0    0.0    0.0    0.0    1.0    0.0    0.0    0.0    0.0    1.0    0.5    0.0    1.5
10201    0.0    0.0    0.0    0.0    0.0    0.0    0.0    0.0    0.0    0.0    0.0    0.0    0.0    0.5    7.5    0.0    1.0    0.0    6.0    1.5    1.0    0.0    0.0
10202    0.0    0.0    0.0    0.0    0.0    0.0    0.0    0.0    0.0    0.0    0.0    0.0    0.0    0.5    7.5    0.0    1.0    0.0    6.0    1.5    1.0    0.0    0.0
10211    0.0    0.0    0.0    0.0    0.0    0.0    0.0    0.0    0.0    0.0    0.0    0.0    0.0    0.0    5.0    0.5    2.5    0.0    6.0    2.5    2.0    0.0    0.0
10212    0.0    0.0    0.0    0.0    0.0    0.0    0.0    0.0    0.0    0.0    0.0    0.0    0.0    0.0    9.0    0.0    3.0    0.0    3.0    1.5    0.0    0.0    1.0
10221    0.0    0.0    0.0    0.0    0.0    0.0    0.0    0.0    0.0    0.0    0.0    0.0    0.0    0.0    0.0    0.0    0.0    0.0    0.0    2.5    7.0    0.0    3.5
10222    0.0    0.0    0.0    0.0    0.0    0.0    0.0    0.0    0.0    0.0    0.0    0.0    0.0    0.0    0.0    0.0    0.0    0.0    0.0    2.5    7.0    0.0    3.5
10231    0.0    0.0    0.0    0.0    0.0    0.0    0.0    0.0    0.0    0.0    0.0    0.0    0.0    0.0    1.0    0.0    0.0    0.0    0.0    1.0    0.5    0.0    1.5
10232    0.0    0.0    0.0    0.0    0.0    0.0    0.0    0.0    0.0    0.0    0.0    0.0    0.0    0.0    1.0    0.0    0.0    0.0    0.0    1.0    0.5    0.0    1.5
10241    1.0    0.0    0.0    0.0    0.0    0.0    0.0    0.0    0.0    0.0    0.0    0.0    0.0    2.5    0.0    0.0    3.5    0.0    7.0    3.0    7.0    0.0    0.0
10242    1.0    0.0    0.0    0.0    0.0    0.0    0.0    0.0    0.0    0.0    0.0    0.0    0.0    5.0    0.0    0.0    2.5    0.0    4.0    9.0    9.5    0.0    0.0
10251    0.0    0.0    0.0    0.0    0.0    0.0    0.0    0.0    0.0    0.0    0.0    0.0    0.0    0.0    2.5    0.0    0.0    0.0    5.0    2.5    1.5    0.0    0.5
10252    0.0    0.0    0.0    0.0    0.0    0.0    0.0    0.0    0.0    0.0    0.0    0.0    0.0    0.5    3.0    0.0    0.0    0.0    5.0    1.0    0.5    0.0    0.5
10261    0.0    0.0    0.0   21.5   12.0    3.0    0.0   20.0    3.5    0.0    0.0    0.0    0.0    0.0    0.0    0.0    0.0    0.0    1.0    0.0    0.0    0.0    0.0
10262    0.0    0.0    0.0   21.5   12.0    3.0    0.0   20.0    3.5    0.0    0.0    0.0    0.0    0.0    0.0    0.0    0.0    0.0    1.0    0.0    0.0    0.0    0.0
10272    0.0    0.0    0.0   21.5   12.0    3.0    0.0   20.0    3.5    0.0    0.0    0.0    0.0    0.0    0.0    0.0    0.0    0.0    1.0    0.0    0.0    0.0    0.0
10281    0.0    0.0    0.0    0.0    0.0    0.0    0.0    0.0    0.0    0.0    1.0    0.0    0.0    0.5    6.0    0.0    0.5    0.0    0.5    1.0    1.0    0.0    1.5
10282    0.0    0.0    0.0    0.0    0.0    0.0    0.0    0.0    0.0    0.0    1.0    0.0    0.0    0.5    6.0    0.0    0.5    0.0    0.5    1.0    1.0    0.0    1.5
20111    0.0    0.0    0.0    0.0    0.0    0.0    0.0    0.0    0.0    0.0    0.0    0.0    0.0   17.5    7.5   15.0    4.5    0.5    6.0   11.0    4.0    5.0    4.5
20121    0.0    0.0    0.0    0.0    0.0    1.0    0.0    0.0    0.0    0.0    0.0    0.0    0.0   17.0    4.0    7.5    4.5    2.0    5.5   29.0    6.5    8.0    8.5
20131    0.0    0.0    0.0    0.0    0.0    1.0    0.0    0.0    0.0    0.0    0.0    0.0    0.0   17.0    4.0    7.5    4.5    2.0    5.5   29.0    6.5    8.0    8.5
20141    0.0    0.0    0.0    0.0    0.0    0.0    0.0    0.0    0.0    0.0    0.0    0.0    0.0    4.0    0.0    0.0    0.0    0.0    5.0    2.5    6.5    0.0    0.0
20151    0.0    0.0    0.0    0.0    5.5    0.0    0.0    0.0    0.0    0.0    0.0    0.0    1.0    0.5    2.0    3.5    1.5    0.0    6.5    7.5   12.0    0.0    0.0
20161    0.0    0.0    0.0    0.0    0.0    0.0    0.0    0.0    0.0    0.0    0.0    0.0    0.0    0.0    1.0    1.0    0.0    0.0    6.5    8.5    9.0    0.0    0.0
20171    0.0    0.0    0.0    0.0    0.0    0.0    0.0    0.0    0.0    0.0    0.0    0.0    0.0    0.0    9.0    0.0    3.0    0.0    3.0    1.5    0.0    0.0    1.0
20181    0.0    0.0    0.0    0.0    0.0    0.0    0.0    0.0    0.0    0.0    0.0    0.0    0.0    0.5    7.5    0.0    1.0    0.0    6.0    1.5    1.0    0.0    0.0
20191    0.0    0.0    0.0    0.0    0.0    0.0    0.0    0.0    0.0    0.0    0.0    0.0    0.0    1.0    7.0    0.0    1.5    1.0   13.5    5.5    7.5    0.0    0.0
20201    0.0    0.0    0.0    0.0    0.0    0.0    0.0    0.0    0.0    0.0    1.0    0.0    0.0    0.5    6.0    0.0    0.5    0.0    0.5    1.0    1.0    0.0    1.5
20211    0.0    0.0    0.0    0.0    0.0    0.0    0.0    0.5    0.0    0.0    0.0    0.0    0.0    0.5    0.5    0.0    0.0    0.0    0.0    2.0    0.0    0.0    0.5
20221    0.0    0.0    0.0    0.0    0.0    0.0    0.0    2.0    0.0    0.0    0.0    0.0    0.0    1.0    0.0    0.0    0.0    0.0    0.0    1.5    0.0    0.0    0.0
20231    0.0    0.0    0.0    0.0    0.0    0.0    0.0    1.0    0.0    0.0    0.0    0.0    0.0    1.0    0.0    0.0    0.0    0.0    0.0    1.5    0.0    0.0    0.5
20241    0.0    0.0    0.0    0.0    0.0    0.0    0.0    1.0    0.0    0.0    0.0    0.0    0.0    1.0    0.0    0.0    0.0    0.0    0.0    1.5    0.0    0.0    0.5
20251    1.5    0.0    0.0    0.0    0.0    0.0    0.0    0.0    0.0    0.0    0.0    0.0    0.0    0.0    5.0    0.0    0.0    0.0    1.5    1.0    2.5    0.0    0.5
20261    1.0    0.0    0.0    0.0    0.0    0.0    0.0    0.0    0.0    0.0    0.0    0.0    0.0    1.5    0.0    0.0    0.0    0.0    3.0    5.5    5.5    0.0    0.0
20271    0.0    0.0    0.0    0.0    0.0    0.0    0.0    0.0    0.0    0.0    0.0    0.0    0.0    0.0    2.5    0.0    0.0    0.0    5.0    2.5    1.5    0.0    0.5
20281    0.0    0.0    0.0    0.0    0.0    0.0    0.0    0.0    0.0    0.0    0.0    0.0    0.0    0.0    2.5    0.0    0.0    0.0    5.0    2.5    1.5    0.0    0.5
20291    1.5    0.0    0.0    0.0    0.0    0.0    0.0    0.0    0.0    0.0    0.0    0.0    0.0    0.0    0.0    0.0    0.0    0.0    3.5    2.0    2.0    0.0    1.0
20301    0.0    0.0    0.0    0.0    0.0    0.0    0.0    0.0    0.0    0.0    0.0    0.0    0.0    0.0    1.0    0.0    0.0    0.0    1.5    2.0    0.0    0.0    2.5
30111    0.0    0.0    0.0    0.0    0.0    1.0    0.0    0.0    0.0    0.0    0.0    0.0    0.0   17.0    4.0    7.5    4.5    2.0    5.5   29.0    6.5    8.0    8.5
30121    0.0    0.0    0.0    0.0    0.0    0.0    0.0    0.0    0.0    0.0    0.0    0.0    0.0   17.5    7.5   15.0    4.5    0.5    6.0   11.0    4.0    5.0    4.5
30131    0.0    0.0    0.0    0.0    0.0    0.0    0.0    0.0    0.0    0.0    0.0    0.0    0.0   17.5    2.0    3.0    0.0    0.0    3.0    3.5    2.0    6.0   10.5
30141    0.0    0.0    0.0    0.0    0.0    0.0    0.0    0.0    0.0    0.0    0.0    0.0    0.0    0.0    9.0    0.0    3.0    0.0    3.0    1.5    0.0    0.0    1.0
30151    0.0    0.0    0.0    0.0    0.0    0.0    0.0    0.0    0.0    0.0    1.0    0.0    0.0    0.5    6.0    0.0    0.5    0.0    0.5    1.0    1.0    0.0    1.5
30161    0.0    0.0    0.0    0.0    0.0    0.0    0.0    0.0    0.0    0.0    0.0    0.0    0.0    0.5    3.0    0.0    0.0    0.0    5.0    1.0    0.5    0.0    0.5
30171    1.5    0.0    0.0    0.0    0.0    0.0    0.0    0.0    0.0    0.0    0.0    0.0    0.0    0.0    5.0    0.0    0.0    0.0    1.5    1.0    2.5    0.0    0.5
30181    1.5    0.0    0.0    0.0    0.0    0.0    0.0    0.0    0.0    0.0    0.0    0.0    0.0    0.0    5.0    0.0    0.0    0.0    1.5    1.0    2.5    0.0    0.5
30191    1.5    0.0    0.0    0.0    0.0    0.0    0.0    0.0    0.0    0.0    0.0    0.0    0.0    0.0    5.0    0.0    0.0    0.0    1.5    1.0    2.5    0.0    0.5
30201    0.0    0.0    0.0    0.0    0.0    0.0    0.0    0.0    0.0    0.0    0.0    0.0    0.0    0.0    9.0    0.0    3.0    0.0    3.0    1.5    0.0    0.0    1.0
30211    0.0    0.0    0.0    0.0    0.0    0.0    0.0    0.0    0.0    0.0    0.0    0.0    0.0    0.5    3.0    0.0    0.0    0.0    5.0    1.0    0.5    0.0    0.5
30221    0.0    0.0    0.0    0.0    0.0    0.0    0.0    0.0    0.0    0.0    0.0    0.0    0.0    0.0    1.0    0.0    0.0    0.0    0.0    1.0    0.5    0.0    1.5
30231    0.0    0.0    0.0    0.0    0.0    0.0    0.0    0.0    0.0    0.0    0.0    0.0    0.0    0.0    1.0    0.0    0.0    0.0    1.5    2.0    0.0    0.0    2.5
30241    0.0    0.0    0.0    0.0    0.0    0.0    0.0    0.0    0.0    0.0    0.0    0.0    0.0    0.0    1.0    0.0    0.0    0.0    0.0    1.0    0.5    0.0    1.5
30251    0.0    0.0    0.0    0.0    0.0    0.0    0.0    1.0    0.0    0.0    0.0    0.0    0.0    0.0    0.0    0.0    0.0    0.0    0.0    1.5    0.0    0.0    1.0
40111    0.0    0.0    0.0    0.0    1.0    0.0    0.0    0.0    0.0    0.0    0.0    0.0    0.0   16.0    8.5    4.0    3.5    3.5   11.0   24.5    5.5    5.5   10.5
40121    0.0    0.0    0.0    0.0    1.0    0.0    0.0    0.0    0.0    0.0    0.0    0.0    0.0   16.0    8.5    4.0    3.5    3.5   11.0   24.5    5.5    5.5   10.5
40131    0.0    0.0    0.0    0.0    1.0    0.0    0.0    0.0    0.0    0.0    0.0    0.0    0.0   16.0    8.5    4.0    3.5    3.5   11.0   24.5    5.5    5.5   10.5
40141    0.0    0.0    0.0    0.0    0.0    0.5    0.0    0.0    0.0    0.0    0.0    0.0    1.0   14.5    4.0   11.0    5.5    0.0    6.5   11.0   15.5    5.0    8.5
40151    0.0    0.0    0.0    0.0    0.0    1.0    0.0    0.0    0.0    0.0    0.0    0.0    0.0   17.0    4.0    7.5    4.5    2.0    5.5   29.0    6.5    8.0    8.5
40161    0.0    0.0    0.0    0.0    0.0    0.5    0.0    0.0    0.0    0.0    0.0    0.0    0.0   19.5    5.5    3.0    3.0    1.5    5.0   44.0   19.0   38.5   12.5
40171    0.0    0.0    0.0    0.0    0.0    0.0    0.0    0.0    0.0    0.0    0.0    0.0    0.0    8.5    7.0   14.0    0.0    4.5    3.0    5.0    2.0    4.0    5.5
40181    0.0    0.0    0.0    0.0    0.0    0.0    0.0    0.0    0.0    0.0    0.0    0.0    0.0   17.5    7.5   15.0    4.5    0.5    6.0   11.0    4.0    5.0    4.5
40191    0.0    0.0    0.0    0.0    0.0    0.0    0.0    0.0    0.0    0.0    0.0    0.0    0.0   17.5    7.5   15.0    4.5    0.5    6.0   11.0    4.0    5.0    4.5
40201    0.0    0.0    0.0    0.0    0.0    0.0    0.0    0.0    0.0    0.0    0.0    0.0    0.0   15.0    1.0    0.0    3.0    0.0    7.5    9.0    5.5    0.5    7.0
40211    0.0    0.0    0.0    0.0    0.0    0.0    0.0    0.0    0.0    0.0    0.0    0.0    0.0   11.5    0.5    1.5    0.0    0.0    0.0    0.0    4.0    0.0    0.5
40221    0.0    0.0    0.0    0.0    0.0    0.0    0.0    0.0    0.0    0.0    0.0    0.0    0.0   11.5    0.5    1.5    0.0    0.0    0.0    0.0    4.0    0.0    0.5
40231    0.0    0.0    0.0    0.0    0.0    0.0    0.0    0.0    0.0    0.0    0.0    0.0    0.0   11.5    0.5    1.5    0.0    0.0    0.0    0.0    4.0    0.0    0.5
40241    0.0    0.0    0.0    0.0    0.0    0.0    0.0    0.0    0.0    0.0    0.0    0.0    0.0    2.5    0.0    6.5    3.5    0.0    8.0    6.5    7.5    0.5    3.0
40251    0.0    0.0    0.0    0.0    0.0    0.0    0.0    0.0    0.0    0.0    0.0    0.0    0.0    0.0    5.0    0.5    2.5    0.0    6.0    2.5    2.0    0.0    0.0
40262    0.0    0.0    0.0    0.0    0.0    0.0    0.0    0.0    0.0    0.0    0.0    0.0    0.0    0.0    1.0    0.0    0.0    0.0    0.0    1.0    0.5    0.0    1.5
40271    0.0    0.0    0.0    0.0    0.0    0.0    0.0    0.0    0.0    0.0    0.0    0.0    0.0    0.0    1.0    0.0    0.0    0.0    0.0    1.0    0.5    0.0    1.5
40281    0.0    0.0    0.0    0.0    0.0    0.0    0.0    1.0    0.0    0.0    0.0    0.0    0.0    1.0    0.0    0.0    0.0    0.0    0.0    1.5    0.0    0.0    0.5
40291    0.0    0.0    0.0    0.0    0.0    0.0    0.0    0.0    0.0    0.0    0.0    0.0    0.0    0.0    0.0    0.0    0.0    0.0    0.0    0.0    0.0    0.0    0.0
40301    0.0    0.0    0.0    0.0    0.0    0.0    0.0    0.0    0.0    0.0    0.0    0.0    0.0    0.0    0.0    0.0    0.0    0.0    0.0    1.0   10.0    0.0    4.5
40311    0.0    0.0    0.0    0.0    0.0    0.0    0.0    0.0    0.0    0.0    0.0    0.0    0.0    0.0    5.5    0.0    0.0    0.0    0.5    2.5    1.0    0.0    4.0
40321    2.0    0.0    0.0    0.0    0.0    0.0    0.0    0.5    0.0    0.0    0.0    0.0    0.0    0.0    1.5    0.0    0.0    0.0    0.0    1.0    0.0    0.0    0.0
40331    0.0    0.0    0.0    0.0    0.0    0.0    0.0    0.0    0.0    0.0    0.0    0.0    0.0    0.0    1.0    0.0    0.0    0.0    0.0    1.0    0.5    0.0    1.5
40341    2.0    0.0    0.0    0.0    0.0    0.0    0.0    0.5    0.0    0.0    0.0    0.0    0.0    0.0    1.5    0.0    0.0    0.0    0.0    1.0    0.0    0.0    0.0
40351    4.0    0.0    0.0    0.0    0.0    0.0    0.0    1.0    0.0    0.0    0.0    0.0    0.0    0.0    5.0    0.0    0.0    0.0    0.0    1.5    1.0    0.0    0.0
40361    2.0    0.0    0.0    0.0    0.0    0.0    0.0    0.5    0.0    0.0    0.0    0.0    0.0    0.0    1.5    0.0    0.0    0.0    0.0    1.0    0.0    0.0    0.0
