2014071000+000HOUR     2014071009LST
STNID     6H    30H    54H    78H   102H   126H   150H   174H   198H   222H   246H   270H
STNID 071015 071115 071215 071315 071415 071515 071615 071715 071815 071915 072015 072115LST
47008   27.1   26.5   26.9   25.6   25.9   26.8   26.5   27.8   27.0   26.7   23.5   27.2
47035   32.8   30.8   31.4   31.8   29.3   26.8   26.8   25.3   27.2   27.4   27.6   29.1
47041   31.8   32.8   33.2   32.6   29.6   32.0   29.9   30.1   30.9   29.7   27.9   30.4
47058   32.9   30.1   30.4   28.9   31.3   31.5   30.7   30.1   29.9   31.0   31.8   34.7
47070   29.5   32.4   30.1   28.3   32.2   30.6   29.1   26.8   26.8   29.0   32.7   31.7
47090   28.6   30.1   31.9   29.9   27.6   29.1   29.1   28.7   30.7   30.1   27.6   27.3
47095   30.7   32.1   29.4   28.2   30.4   29.8   29.7   29.4   29.1   32.4   34.4   34.7
47098   32.4   33.6   30.7   29.3   33.0   31.4   31.7   31.3   27.4   32.8   36.7   35.7
47099   32.1   33.9   31.3   30.6   32.7   31.4   30.9   30.4   28.4   30.9   34.8   33.7
47100   25.1   26.2   26.0   24.3   25.5   25.8   26.3   28.4   24.1   28.8   28.0   28.6
47101   31.9   32.5   30.5   29.4   31.8   30.6   30.4   30.4   28.5   32.8   35.5   35.4
47104   28.3   30.1   30.8   30.5   28.3   29.7   28.8   29.6   31.0   31.5   29.3   30.6
47105   28.6   31.5   31.4   31.6   29.6   30.4   30.2   30.3   31.6   33.9   30.4   32.0
47106   28.8   29.8   31.5   32.1   27.2   28.1   29.1   29.3   29.6   30.8   29.7   29.6
47108   31.2   32.6   29.3   28.6   31.4   29.3   30.4   31.2   26.9   29.6   34.0   33.7
47112   28.3   28.6   26.5   27.5   28.6   27.2   26.3   27.1   25.4   27.3   29.9   29.0
47114   32.2   31.7   28.9   29.7   31.5   31.4   29.5   31.2   28.7   34.0   35.6   34.9
47115   27.1   26.3   28.4   27.3   26.1   27.6   27.8   26.3   27.1   27.6   27.1   26.5
47119   30.3   31.3   28.5   29.1   31.5   29.8   28.4   31.4   27.2   31.3   31.1   34.0
47121   32.2   31.0   30.3   30.1   32.3   31.2   29.3   30.4   29.9   33.8   36.9   37.5
47127   32.0   31.8   28.8   29.3   30.5   30.8   27.8   28.8   28.6   31.3   34.6   35.8
47129   26.7   28.9   26.6   25.4   29.3   27.7   28.2   28.8   28.0   28.2   29.9   31.7
47130   26.9   30.0   29.9   29.2   26.6   28.4   28.5   27.6   28.0   29.0   26.3   28.8
47131   30.9   32.6   29.5   28.2   30.4   29.4   28.1   28.4   28.5   30.3   31.3   34.1
47133   30.4   31.4   28.9   25.0   29.9   28.2   27.1   27.6   28.3   30.2   31.2   32.4
47135   30.4   30.1   28.9   27.3   28.2   28.3   27.2   26.3   27.7   29.6   31.0   32.5
47136   32.5   31.9   30.3   29.7   30.9   31.8   29.6   28.7   30.1   33.1   34.7   36.2
47137   32.1   31.5   30.2   28.3   28.9   28.6   28.8   27.0   28.8   32.0   33.5   35.0
47138   29.9   32.9   32.0   33.0   29.4   30.7   30.6   28.9   29.5   31.7   31.1   30.9
47140   27.8   28.9   27.3   25.8   26.6   26.2   26.1   26.3   27.6   30.3   29.7   33.1
47143   32.9   32.3   29.7   30.6   30.3   31.8   29.3   27.5   30.9   34.7   35.9   35.3
47146   32.3   31.2   28.7   27.1   29.4   29.3   28.2   28.2   30.1   31.4   32.8   34.3
47152   30.8   32.1   30.4   30.4   28.1   31.0   30.3   27.9   30.0   33.1   34.5   32.7
47155   32.0   30.1   29.6   25.6   27.2   28.7   29.2   27.4   28.0   32.4   34.9   33.9
47156   31.8   30.7   28.6   25.5   28.2   28.9   28.7   27.8   28.9   31.3   32.2   33.3
47159   30.0   29.6   27.9   25.3   25.6   27.9   28.3   26.0   27.3   28.9   32.3   30.1
47162   29.7   29.0   26.1   22.9   24.7   27.7   28.4   24.8   27.3   29.6   32.8   30.7
47165   28.3   28.7   26.7   24.9   25.8   26.6 -195.9   25.8   25.9   26.8   31.1   31.5
47168   29.2   30.4   26.2   22.7   24.5   27.7   26.4   26.1   25.7   29.5   32.1   30.4
47170   29.2   30.4   28.6   26.2   25.4   28.4   27.8   26.1   27.0   29.3   35.7   31.4
47172   27.9   29.6   27.6   25.0   27.2   27.3   27.1   27.1   27.9   30.9   30.1   32.4
47174   31.4   31.7   28.6   24.7   26.9   28.1   28.7   26.3   27.1   31.8   33.9   34.2
47176 -999.0 -999.0 -999.0 -999.0 -999.0 -999.0 -999.0 -999.0 -999.0 -999.0 -999.0 -999.0
47184   26.9   28.8   26.5   25.0   25.1   26.1   26.1   27.2   28.4   29.4   30.9   31.0
47185   23.4   25.3   26.6   26.1   24.0   26.5   27.2   27.2   27.1   28.6   29.7   30.8
47188   27.1   28.5   26.1   25.0   23.0   26.9   26.3   27.5   28.3   29.0   30.5   30.9
47189   30.2   28.4   27.5   25.4   24.6   27.8   26.8   28.1   27.7   28.9   29.9   30.5
47192   31.3   31.6   28.9   26.1   27.5   29.4   29.0   26.7   27.5   31.1   34.7   34.5
47203   32.0   32.6   28.6   29.6   31.1   31.2   29.7   30.2   27.4   31.5   34.2   35.4
47232   30.2   32.2   27.9   28.4   29.4   29.0   29.1   28.6   29.2   30.2   32.0   33.6
47235   28.6   30.2   26.2   24.4   25.8   27.3   26.0   26.1   27.1   29.2   29.6   32.3
47245   31.2   30.6   28.8   28.1   28.0   28.6   27.7   28.6   29.2   32.2   32.7   33.7
47247   31.2   30.8   28.9   26.3   27.4   28.5   29.0   28.0   29.3   32.2   32.2   34.5
47268   26.5   28.8   27.3   24.4   25.1   26.4   25.8   25.4   27.4   29.0   32.2   32.8
47279   31.9   31.4   30.3   28.2   29.7   30.4   29.1   28.3   31.4   33.5   35.1   35.1
47284   31.3   31.0   29.3   28.6   28.5   28.6   29.6   27.2   28.0   32.0   32.8   34.2
  887   29.4   31.3   28.2   27.2   28.8   28.8   29.1   27.9   27.6   28.2   29.3   32.8
47110   30.9   31.9   29.1   28.5   30.8   28.7   28.1   29.7   27.6   30.4   32.8   33.6
47113   27.8   28.3   27.2   27.0   28.6   26.4   25.3   26.9   25.4   29.5   30.6   31.4
47151   31.5   33.0   30.6   29.1   27.3   31.5   29.8   27.9   31.0   33.4   34.7   32.5
47153   30.9   31.2   27.9   26.9   25.7   28.7   27.4   25.6   27.3   31.9   35.4   33.1
47182   25.9   27.9   26.5   23.9   22.8   24.7   26.1   26.5   27.1   28.2   29.4   30.0
