2014071000+000HOUR     2014071009LST
STNID     6H    30H    54H    78H   102H   126H   150H   174H   198H   222H   246H   270H
STNID 071015 071115 071215 071315 071415 071515 071615 071715 071815 071915 072015 072115LST
47008   28.3   25.2   25.0   26.4   26.8   29.0   27.6   29.3   29.0   25.4   23.9   27.2
47035   33.4   32.2   30.7   31.3   31.8   29.8   28.2   29.2   28.8   29.7   27.8   30.4
47041   32.5   33.0   32.6   31.1   31.2   32.5   32.2   31.3   31.1   29.7   28.3   32.5
47058   32.1   30.0   30.2   30.0   32.3   32.8   31.3   30.5   31.0   31.3   30.6   32.9
47070   30.4   32.4   30.2   29.4   32.0   29.3   29.6   28.4   32.7   31.9   31.7   33.3
47090   28.9   31.6   32.0   29.1   29.4   29.6   29.4   31.0   33.9   31.0   28.9   29.8
47095   30.2   31.7   30.1   28.7   30.1   29.7   28.4   29.6   32.6   32.4   33.4   33.8
47098   32.3   32.9   31.4   30.3   32.7   30.5   29.0   29.0   33.7   31.9   33.1   35.4
47099   32.0   33.7   31.3   31.0   32.5   30.4   30.4   29.7   33.6   32.3   32.6   34.5
47100   23.8   26.5   25.8   24.6   26.1   24.6   22.0   26.8   27.8   28.2   25.9   27.3
47101   31.9   31.5   30.7   29.6   32.3   28.5   26.7   29.1   32.3   31.5   33.0   35.1
47104   27.4   32.0   31.3   29.3   29.9   29.6   28.1   30.5   33.5   31.7   29.9   31.1
47105   28.7   33.0   31.9   30.4   31.3   30.1   26.8   31.1   34.7   34.3   31.7   33.4
47106   29.0   33.0   31.4   29.8   29.4   29.2   26.5   30.9   32.9   32.3   29.5   30.6
47108   30.9   31.3   30.4   29.5   31.5   29.0   26.8   27.2   30.6   30.2   31.0   33.8
47112   29.0   27.7   28.1   28.3   28.6   28.3   25.3   27.3   28.8   29.0   29.1   29.3
47114   32.6   32.0   30.9   29.4   31.0   27.7   26.7   28.3   32.2   34.2   34.0   34.1
47115   27.1   29.5   28.0   24.6   27.6   27.6   24.9   27.4   29.3   30.3   31.1   30.1
47119   30.7   31.1   30.4   30.3   31.4   29.4   26.9   29.2   29.1   28.5   31.6   33.2
47121   32.7   31.3   31.4   29.3   32.0   27.1   26.8   27.5   33.9   33.1   34.6   32.5
47127   33.0   32.6   31.2   29.1   31.0   28.1   28.0   29.5   32.9   29.8   33.3   33.4
47129   28.6   29.8   28.4   28.1   30.3   27.3   26.8   27.0   28.2   28.8   31.0   32.4
47130   27.5   31.3   29.6   27.8   28.7   28.0   24.4   28.5   32.8   31.6   28.2   30.5
47131   31.9   33.7   31.4   29.7   31.9   28.2   27.8   30.1   30.4   29.4   32.7   33.6
47133   31.8   32.1   29.9   29.0   31.2   27.5   27.5   29.4   30.3   29.9   31.7   32.4
47135   31.2   31.3   29.6   27.1   28.9   27.6   26.7   28.0   29.3   29.1   30.7   31.5
47136   33.6   32.7   31.1   29.4   32.3   30.7   27.2   29.9   33.5   32.4   34.4   34.9
47137   32.5   32.5   31.3   29.1   30.6   27.3   27.0   29.8   31.3   31.0   33.3   33.8
47138   30.7   34.7   33.1   27.9   30.3   29.1   29.5   31.0   34.0   33.0   32.0   32.5
47140   19.9   30.0   27.5   26.7   28.5   25.3   27.6   27.9   29.0   30.6   32.1   31.8
47143   33.9   34.0   30.4   28.7   31.8   32.2   29.8   31.6   34.3   36.2   36.0   35.6
47146   32.1   32.0   29.6   28.3   31.8   28.9   29.7   28.8   30.7   30.9   33.7   34.4
47152   32.0   33.5   30.5   27.5   30.9   30.4   29.9   30.0   31.6   31.1   34.1   33.4
47155   32.5   31.2   29.7   26.3   30.4   28.1   29.2   29.3   29.2   28.8   31.6   34.2
47156   32.7   30.5   28.9   27.6   30.7   26.9   28.9   28.1   28.0   29.5   30.2   33.7
47159   30.9   30.6   27.7   25.8   28.2   27.7   28.2   28.7   29.9   28.9   31.2   33.1
47162   30.3   28.9   26.4   24.1   27.0   24.0   27.0   27.0   27.6   28.1   29.3   31.9
47165   29.5   28.6   28.4   25.9   28.6   23.9 -195.9   28.1   28.4   26.5   30.1   34.2
47168   30.4   30.5   26.9   23.7   27.5   25.3   26.5   27.5   26.8   27.2   29.8   32.2
47170   30.8   31.0   30.1   26.4   29.5   28.0   29.7   28.5   26.7   25.1   29.7   35.9
47172   29.5   29.5   27.2   26.6   28.3   27.5   28.2   28.4   29.2   31.8   31.2   33.2
47174   33.0   32.4   29.4   26.7   29.4   25.0   27.8   28.1   27.8   27.8   31.3   33.7
47176 -999.0 -999.0 -999.0 -999.0 -999.0 -999.0 -999.0 -999.0 -999.0 -999.0 -999.0 -999.0
47184   28.2   28.5   29.7   22.0   27.4   27.2   29.0   29.3   28.8   28.1   28.9   31.9
47185   24.4   26.2   27.4   25.0   25.1   26.4   28.5   29.8   29.1   27.9   30.1   29.9
47188   27.9   28.9   27.3   23.4   27.2   25.0   29.5   28.2   28.6   26.4   29.9   32.6
47189   30.3   28.5   28.0   24.4   27.6   25.8   28.5   29.3   28.7   26.9   28.6   32.1
47192   33.5   32.4   29.0   26.6   28.6   27.6   28.7   28.3   28.8   28.5   31.4   34.9
47203   32.2   33.0   31.2   29.6   31.2   28.6   24.5   28.3   32.9   29.7   32.4   34.7
47232   30.8   33.2   30.8   29.6   30.4   29.0   28.0   30.0   30.0   30.3   32.1   33.4
47235   29.0   30.5   27.3   26.8   30.3   25.7   26.9   26.5   28.1   28.0   30.0   32.5
47245   31.3   31.1   29.1   28.5   29.5   28.5   29.7   29.0   31.9   32.0   33.4   33.6
47247   31.8   31.4   29.1   26.5   29.0   27.8   28.2   29.3   30.6   30.8   31.3   33.6
47268   27.5   29.3   27.6   25.9   27.7   24.5   27.3   28.5   27.8   27.5   29.3   31.9
47279   32.5   32.8   31.3   27.7   31.3   29.8   28.1   29.9   32.1   34.0   34.9   34.9
47284   31.7   32.0   29.8   27.4   29.8   27.5   28.5   27.4   30.9   30.8   31.9   33.5
  887   30.5   32.5   30.1   28.6   29.8   25.7   25.4   29.4   28.1   27.9   31.5   32.6
47110   31.0   30.6   30.3   29.5   30.8   29.6   26.8   28.6   30.6   29.1   31.8   33.8
47113   29.0   27.8   28.6   28.0   29.0   27.7   25.3   26.8   28.7   29.2   30.4   32.1
47151   31.9   35.3   30.7   27.5   31.0   28.9   30.5   28.7   31.3   32.3   34.4   33.1
47153   31.8   32.3   28.1   25.6   29.1   26.4   27.7   27.8   28.3   29.6   32.3   34.0
47182   26.7   27.6   29.1   21.1   25.8   26.3   29.5   28.6   28.5   26.2   27.3   30.1
