2014071000+000HOUR     2014071009LST
STNID  +006H  +030H  +054H  +078H  +102H  +126H  +150H  +174H  +198H  +222H  +246H  +270H
STNID 071015 071115 071215 071315 071415 071515 071615 071715 071815 071915 072015 072115
47003   21.7   22.8   22.9   23.3   24.2   24.4   24.2   22.6   23.6   23.0   24.7   21.8
47005   19.9   14.7   17.1   17.8   19.4   21.3   20.9   21.8   21.4   22.5   23.9   20.3
47008   25.4   23.4   25.4   23.7   23.8   25.6   25.3   24.0   24.8   23.5   23.8   22.9
47014   28.3   24.1   22.6   25.0   26.3   28.3   28.4   28.8   26.6   28.5   29.5   26.5
47016   27.5   21.2   22.8   22.8   24.6   25.5   25.2   27.6   24.6   26.7   28.6   25.9
47020   28.0   23.5   24.5   24.5   26.7   28.9   28.3   28.7   27.2   28.5   29.4   27.4
47022   24.3   20.3   21.1   21.2   22.2   23.3   24.4   24.8   22.6   22.5   23.5   21.9
47025   26.0   24.0   23.9   23.9   24.2   26.0   25.1   23.6   23.5   23.3   24.8   24.0
47028   29.5   26.3   25.8   27.2   28.1   29.0   27.8   26.9   27.1   28.3   27.6   27.3
47031   23.7   20.9   21.5   20.9   21.2   22.0   23.0   21.0   22.4   22.3   20.8   21.7
47035   30.4   27.9   26.4   26.5   27.7   28.0   27.0   25.0   26.9   29.5   27.0   27.8
47037   30.9   28.3   28.3   25.6   27.6   29.6   27.8   25.7   27.4   28.7   28.7   26.7
47039   29.1   25.0   26.1   24.5   27.0   29.3   27.7   25.9   27.5   27.6   28.8   27.5
47041   30.0   30.1   30.6   28.6   27.1   28.9   28.9   28.0   26.3   25.0   25.0   26.3
47046   27.2   27.0   25.2   25.2   24.2   25.6   24.5   24.0   23.2   23.9   23.6   24.1
47050   31.3   28.7   27.3   26.6   27.0   28.0   26.7   27.1   26.8   28.7   29.1   26.8
47052   30.1   27.2   26.3   26.8   26.9   28.4   27.7   25.2   25.8   25.8   27.8   27.0
47055   30.2   31.0   29.4   29.1   27.2   28.4   29.0   25.7   25.5   24.3   24.5   25.8
47058   31.1   30.6   27.8   28.0   27.5   28.9   27.1   27.4   26.7   28.4   28.5   28.2
47060   26.7   26.5   25.9   25.3   25.7   27.7   25.1   25.7   25.8   26.8   27.4   27.4
47061   27.7   30.0   27.8   27.4   26.2   28.1   27.9   26.4   25.9   24.4   24.7   24.9
47065   29.9   29.0   27.6   26.5   27.4   28.2   27.6   27.3   26.7   28.0   27.6   28.1
47067   29.6   29.1   26.6   25.9   27.6   28.7   27.4   27.3   26.5   26.8   29.2   28.3
47068   28.3   25.8   27.1   26.5   26.2   27.9   25.2   25.4   26.2   27.2   27.0   27.1
47069   31.1   29.1   26.7   25.5   26.9   26.6   26.4   23.8   26.2   27.2   28.4   27.4
47070   31.3   29.1   27.7   26.9   26.5   27.5   25.9   26.8   26.9   26.5   29.3   27.8
47075   29.5   26.2   25.6   25.2   26.1   26.8   25.3   25.6   24.9   24.5   26.9   25.1
47090   27.3   32.3   31.3   28.7   27.7   28.0   28.7   28.2   27.1   26.1   27.4   27.4
47095   32.6   30.2   29.1   28.4   28.9   29.8   28.0   27.0   27.8   27.6   30.4   29.1
47098   34.0   31.5   28.9   29.5   28.9   30.2   27.8   27.7   28.2   27.3   31.1   30.5
47099   33.8   30.3   28.9   29.4   28.3   29.8   28.1   27.8   28.7   27.8   30.8   30.2
47100   24.6   26.0   24.6   25.7   26.2   26.6   27.2   24.2   24.4   23.2   24.9   24.2
47101   32.2   32.3   28.9   29.3   30.0   31.1   29.7   28.2   28.2   28.3   30.0   29.3
47102   25.0   24.2   25.4   24.3   24.0   25.6   24.1   23.7   24.0   24.8   25.6   25.2
47104   28.1   32.1   28.6   29.5   29.3   30.0   30.6   30.0   29.7   26.2   26.6   29.2
47105   28.3   33.9   30.7   29.5   30.3   31.4   29.8   28.0   27.7   27.0   28.0   28.8
47106   29.5   31.4   29.3   28.1   28.8   27.7   28.8   27.8   27.3   26.6   26.7   26.8
47108   32.6   31.1   26.8   29.2   28.8   29.8   27.7   28.0   29.2   27.4   30.5   30.4
47112   30.0   26.6   24.5   26.4   26.2   26.7   25.7   26.3   27.1   26.0   27.9   27.4
47114   31.5   32.3   29.8   29.0   30.6   31.6   30.8   29.2   29.9   29.7   31.1   30.2
47115   26.5   27.2   27.3   25.4   26.2   27.1   27.4   25.7   26.1   25.7   24.9   24.4
47119   31.4   31.3   29.0   29.7   29.8   29.6   29.2   28.5   30.1   28.2   31.1   30.7
47121   31.0   31.3   29.9   30.1   29.9   31.9   32.0   29.4   29.9   29.1   31.0   31.1
47127   31.6   32.1   29.9   28.8   29.6   31.5   30.7   29.2   30.0   29.7   30.4   31.0
47129   27.3   28.5   26.7   26.9   28.1   27.8   27.6   26.4   27.9   27.5   29.3   28.9
47130   29.0   32.0   30.7   28.0   27.4   28.4   28.2   25.8   26.6   27.2   26.4   25.8
47131   31.5   32.7   30.8   28.6   29.9   32.4   31.3   29.7   30.8   30.5   32.4   32.6
47133   30.4   31.0   28.6   26.5   28.4   30.9   30.2   27.5   29.4   29.0   29.9   29.5
47135   30.7   30.2   28.6   27.4   29.2   30.5   29.5   28.1   29.2   29.1   29.1   28.7
47136   32.5   32.2   29.6   30.6   30.9   32.1   31.0   29.7   30.8   30.5   30.2   30.0
47137   31.7   32.2   30.5   29.2   30.3   31.2   30.2   28.9   30.2   30.2   30.3   30.6
47138   29.8   30.6   30.9   27.7   29.7   31.9   31.6   28.9   29.3   29.1   27.6   26.8
47140   28.3   28.9   27.6   26.3   27.9   30.2   29.5   28.9   30.1   29.0   29.9   29.6
47143   34.0   32.9   32.9   28.1   32.0   33.4   33.3   32.0   31.7   31.6   31.9   30.5
47146   29.2   30.9   29.8   28.6   30.2   32.3   31.9   30.6   31.3   33.3   31.4   30.8
47152   28.8   32.1   30.5   27.3   30.2   31.2   31.9   29.9   30.0   29.9   29.5   27.3
47155   31.8   30.7   28.6   25.4   28.7   29.5   30.8   29.9   28.3   29.4   29.4   27.7
47156   28.5   31.7   30.1   29.5   30.3   32.2   30.8   30.1   31.4   30.7   31.8   31.2
47159   29.8   28.3   27.5   23.8   27.4   27.7   29.1   27.9   28.7   28.4   29.3   25.7
47162   28.9   27.1   27.6   23.8   28.1   27.9   28.8   27.9   26.9   28.1   28.4   27.1
47165   24.6   26.1   28.2   26.9   27.5   29.1   29.1   28.1   28.3   29.3   29.0   28.5
47168   30.3   27.8   26.5   23.6   26.2   27.6   27.8   27.8   27.1   28.0   28.0   26.7
47169   24.8   25.6   25.7   25.6   24.2   26.3   26.5   26.1   26.1   25.9   26.6   26.3
47170   28.4   29.1   28.3   26.5   28.9   29.8   29.5   29.1   29.8   30.1   30.3   28.7
47175   24.8   28.1   27.0   25.5   25.9   26.7   24.8   25.6   26.9   26.3   27.6   26.4
47184   25.9   28.3   26.5   26.5   27.7   29.0   31.1   29.9   30.9   31.9   30.9   30.5
47185   25.8   23.6   26.3   24.5   25.4   26.7   28.7   28.1   28.6   29.1   29.1   29.5
47188   27.2   26.3   27.0   27.4   27.4   27.4   29.1   29.4   30.5   31.6   30.9   30.1
47189   27.5   26.8   28.1   26.2   27.4   28.1   28.6   30.0   29.0   30.6   30.0   28.3
47192   33.1   30.8   29.8   25.8   29.3   31.2   31.0   29.6   30.0   29.8   30.9   29.9
47201   32.0   27.5   26.7   27.7   27.4   27.7   25.7   26.4   27.7   26.9   29.4   28.7
47202   33.1   32.9   28.8   30.0   29.8   31.1   30.1   29.2   29.1   29.1   30.3   30.0
47203   32.1   32.1   30.0   29.8   29.5   31.4   30.7   28.6   29.1   28.6   30.2   29.9
47211   30.4   28.8   27.1   29.8   29.7   29.9   29.3   27.3   27.2   26.1   28.8   28.1
47212   32.5   32.5   29.0   31.1   31.2   31.9   30.5   29.1   29.4   29.0   31.2   30.3
47216   27.4   28.3   29.4   27.4   28.4   30.2   29.5   27.0   26.6   25.5   26.8   27.3
47221   30.6   30.6   28.8   28.9   28.7   30.4   30.2   28.0   28.7   28.4   29.3   29.0
47226   31.1   31.2   28.4   27.2   28.8   30.6   29.9   28.3   29.3   29.7   29.9   29.9
47232   30.4   32.8   29.8   27.9   30.0   31.2   30.4   28.3   29.5   30.0   31.4   31.2
47235   27.5   27.3   27.5   26.3   27.7   28.5   29.1   27.4   28.4   28.7   29.5   28.6
47236   30.9   31.3   29.0   26.5   30.0   31.2   30.9   28.5   30.6   30.4   30.3   30.9
47238   30.5   31.1   29.1   26.8   29.7   31.6   31.2   29.7   30.7   31.1   30.1   31.2
47243   27.9   28.6   29.0   27.1   29.1   31.2   30.7   29.8   30.6   30.0   30.5   29.9
47244   28.7   29.9   28.2   26.6   28.7   31.2   30.9   29.1   29.8   30.0   30.5   29.5
47245   29.0   30.2   29.9   29.8   30.4   32.2   31.8   30.9   31.4   31.1   32.0   32.8
47247   30.3   31.7   29.5   27.3   29.2   31.1   31.3   29.7   30.2   30.1   31.1   30.4
47248   28.9   29.2   27.4   26.7   28.1   29.1   29.5   28.0   29.0   28.1   29.2   28.6
47251   28.6   30.1   29.7   29.5   30.7   31.9   32.1   30.9   32.8   31.7   32.3   30.7
47252   27.1   29.2   29.1   28.6   29.9   30.8   31.0   30.2   32.4   32.8   32.7   30.6
47253   31.0   31.9   30.2   26.7   30.4   31.0   31.1   33.0   32.8   32.4   32.1   30.1
47254   28.2   28.9   28.3   26.2   30.0   30.1   30.5   29.8   32.4   32.3   32.6   31.3
47255   32.2   30.4   28.4   24.7   30.0   28.6   30.6   30.5   31.4   32.4   31.8   29.8
47256   30.3   30.7   30.5   27.9   30.0   32.6   32.1   29.9   30.9   30.5   31.2   30.7
47257   32.6   30.1   28.7   25.4   29.7   27.9   29.9   32.4   31.7   32.9   31.1   29.8
47260   30.8   30.4   29.1   28.0   28.4   30.0   29.2   29.4   28.8   30.6   30.4   29.6
47261   27.7   29.4   29.8   28.7   28.8   30.2   29.6   29.6   30.2   30.8   30.5   29.4
47262   32.4   31.5   29.5   27.3   29.0   30.9   29.8   29.6   29.9   30.9   30.1   28.8
47268   27.4   28.6   28.9   28.6   28.3   29.7   26.5   27.9   29.1   27.9   30.2   29.4
47271   30.7   30.9   29.2   28.7   30.1   31.1   30.5   28.6   29.4   29.3   29.8   29.1
47272   30.8   31.8   29.9   29.3   29.8   31.4   30.6   28.5   29.2   29.3   29.7   29.7
47273   32.1   32.7   30.6   29.5   29.6   30.2   30.6   28.6   28.7   30.1   29.6   30.2
47277   30.6   32.9   32.0   29.6   31.2   32.7   31.7   29.8   31.5   31.3   31.3   29.6
47278   32.6   32.4   30.1   30.2   30.9   32.9   32.7   30.6   31.7   32.0   29.9   30.8
47279   32.5   31.9   29.9   28.2   31.3   31.9   31.7   30.5   30.8   31.2   30.4   30.4
47281   30.4   30.8   30.8   27.8   30.6   31.9   32.5   29.8   30.7   30.2   29.8   30.2
47284   32.1   30.5   30.0   27.0   30.8   32.4   32.2   30.5   32.0   31.6   31.6   31.3
47285   33.5   32.5   31.0   27.5   30.9   33.3   32.5   31.1   31.3   30.9   30.5   30.3
47288   33.5   32.7   31.5   28.8   30.7   32.1   32.9   30.9   29.9   30.9   31.2   31.5
47289   32.4   32.0   29.1   27.5   29.4   31.2   30.7   28.8   29.5   28.8   30.2   29.2
47294   34.2   32.9   29.2   24.7   28.9   28.6   30.2   29.5   31.3   29.9   30.7   27.7
47295   33.9   31.8   29.5   23.3   28.4   30.1   29.2   28.2   28.3   27.8   28.5   27.8
  300   26.0   24.7   25.4   25.1   25.2   26.4   26.9   26.9   27.7   28.1   28.0   27.7
  303   27.6   27.5   26.4   25.7   27.6   28.0   27.8   28.1   28.9   28.7   28.1   27.6
  305   26.9   27.8   26.3   24.0   25.9   27.2   28.2   27.4   28.6   28.8   28.9   27.1
  306   29.5   26.2   25.7   23.0   27.6   27.8   27.6   26.8   27.4   28.4   28.2   25.7
  307   29.0   26.2   25.0   24.5   27.5   26.9   27.5   27.4   28.4   25.8   25.0   27.1
  310   27.3   30.8   29.2   26.8   26.7   27.1   28.0   25.5   26.5   25.8   26.0   26.1
  311   28.2   28.4   26.1   24.3   27.3   28.3   29.1   26.8   26.7   28.6   28.3   28.3
  312   31.4   31.2   30.1   28.7   30.5   30.4   31.5   29.6   29.7   29.4   29.2   27.8
  313   26.9   25.7   25.2   20.0   25.4   27.9   21.3   23.7   23.3   23.3   22.4   21.4
  314   21.1   23.5   21.5   21.0   20.8   23.5   23.9   21.9   22.8   22.5   23.2   23.3
  315   23.8   24.9   23.6   22.1   22.4   24.2   24.4   22.2   24.2   23.8   23.9   23.5
  316   23.5   26.9   23.6   25.6   26.8   27.1   27.9   26.4   28.4   27.3   28.8   27.6
  317   27.3   27.7   27.9   24.8   27.1   28.7   29.4   27.3   28.1   27.3   28.6   28.0
  318   26.4   26.2   25.3   27.6   29.1   29.8   30.5   27.6   27.9   27.7   28.7   27.8
  319   27.1   29.6   31.0   28.3   28.1   26.6   27.4   25.0   22.4   21.4   19.7   18.9
  320   21.3   21.1   20.8   23.2   23.5   25.7   24.9   24.4   25.7   23.7   27.6   26.7
  322   30.9   29.0   26.9   28.2   28.9   29.6   27.4   27.4   26.5   26.6   28.4   27.8
  323   31.4   28.8   27.4   28.5   29.0   30.5   27.6   28.2   29.2   28.1   29.9   29.6
  325   30.6   31.4   29.7   28.6   29.8   31.1   31.0   28.7   29.1   29.1   30.0   29.7
  326   32.7   31.4   27.7   29.1   29.8   31.6   30.4   29.1   29.5   29.2   30.4   30.2
  327   31.0   32.2   30.5   27.3   29.1   31.1   31.2   29.9   30.1   30.6   30.5   31.1
  328   27.0   26.1   26.9   25.8   24.7   26.3   27.2   28.0   28.5   29.0   28.4   27.5
  329   26.4   27.4   26.8   25.7   25.8   27.2   28.4   27.6   27.2   29.0   27.8   27.9
  330   29.0   27.0   26.7   26.1   25.7   26.9   28.6   27.9   29.4   29.4   31.6   30.5
  352   33.5   30.3   27.7   30.2   27.7   27.4   27.6   25.7   30.9   31.9   32.9   32.6
  353   32.4   29.7   29.0   30.3   28.1   29.0   29.1   28.1   29.2   29.2   32.9   30.1
  359   34.0   30.2   28.9   30.2   29.4   30.7   27.7   28.9   31.8   28.8   32.9   30.8
  360   34.5   32.0   28.0   30.1   27.0   28.9   30.3   29.2   29.1   28.0   31.9   30.5
  361   32.2   30.8   28.8   30.2   29.4   30.7   31.0   29.0   31.9   32.9   34.5   34.1
  364   33.5   30.8   28.2   30.0   28.7   28.4   29.1   27.7   32.0   33.4   33.2   31.7
  365   33.0   28.1   26.0   28.7   28.6   28.5   28.2   26.4   30.3   31.5   32.0   30.5
  370   28.8   29.2   27.0   27.7   27.8   28.9   29.5   26.5   30.2   31.5   31.6   30.7
  371   32.4   30.6   28.2   29.7   30.5   31.4   28.8   27.4   28.7   27.9   30.7   30.3
  400   34.2   32.5   28.8   30.6   30.1   31.7   29.6   30.0   30.3   29.4   31.3   31.0
  402   34.1   32.5   28.6   30.3   29.7   31.1   29.2   29.2   28.9   28.9   31.1   31.1
  406   32.9   32.0   28.3   29.1   29.3   30.8   29.2   28.7   29.4   27.9   31.6   32.0
  412   32.9   31.2   27.7   29.3   28.6   30.1   27.6   28.1   29.1   26.8   30.0   29.6
  419   31.4   31.4   26.9   29.7   29.6   30.5   28.5   28.7   29.1   29.2   30.4   29.6
  432   32.2   32.4   28.0   29.8   30.6   29.9   29.1   27.5   29.9   29.1   30.8   30.3
  433   34.0   30.0   27.1   29.0   30.2   30.9   28.1   29.2   30.4   29.5   31.6   30.8
  439   32.7   32.6   29.3   30.0   30.1   30.6   29.3   28.5   30.4   29.5   31.5   30.9
  440   31.3   32.9   30.5   30.5   30.8   31.6   31.3   29.4   28.8   30.0   29.4   29.8
  441   33.5   28.4   27.1   28.7   29.0   29.4   28.1   27.3   30.0   29.4   31.1   30.5
  444   33.7   31.7   27.5   29.6   30.2   30.0   29.0   28.7   30.0   29.6   30.5   29.6
  455   33.5   34.1   30.5   31.0   30.9   31.8   30.8   29.3   31.4   30.0   32.2   32.0
  457   34.4   32.6   28.3   30.4   30.4   30.6   29.5   28.8   29.7   29.7   31.8   31.8
  458   34.8   33.3   28.9   30.4   30.1   30.8   30.0   30.1   29.8   29.8   31.7   31.9
  460   33.9   34.2   28.6   29.9   30.8   31.2   29.8   29.0   30.4   29.6   30.3   30.1
  461   31.9   31.9   28.3   29.3   28.7   29.7   29.0   27.7   30.0   29.5   30.6   29.5
  476   33.4   31.8   28.2   29.2   29.0   30.3   28.1   27.8   29.6   28.8   30.4   30.6
  481   32.8   29.6   27.6   28.5   28.9   30.1   27.3   28.1   29.4   29.4   31.6   30.9
  482   32.6   30.5   27.4   29.0   28.5   30.1   27.2   27.6   30.1   28.9   31.3   31.6
  484   31.9   32.4   28.1   29.4   28.9   30.1   29.2   28.5   28.9   29.1   31.6   30.9
  486   34.7   33.7   29.0   29.5   28.9   29.0   28.9   27.5   26.5   26.2   29.1   28.7
  497   27.4   28.6   26.8   27.1   25.1   26.1   27.0   22.5   23.0   22.4   24.1   22.8
  498   25.4   25.1   22.5   24.5   26.2   26.9   26.4   25.0   26.6   25.3   27.7   26.2
  499   34.3   31.1   30.0   30.0   29.1   29.7   27.2   26.2   26.9   27.9   29.0   27.3
  501   30.1   26.1   24.9   25.2   26.9   26.5   25.1   24.9   26.1   25.6   29.4   28.0
  502   32.5   26.0   26.0   27.3   27.1   27.6   26.1   25.9   27.2   25.9   29.4   29.0
  503   32.6   30.0   28.2   28.8   29.2   31.1   28.3   28.8   29.5   28.7   32.4   31.8
  504   34.1   32.2   29.1   30.1   28.8   30.3   28.2   28.2   29.2   27.1   30.7   30.4
  505   32.5   32.8   29.1   29.8   30.1   31.9   29.8   29.5   29.1   29.1   32.7   32.2
  507   33.3   31.9   30.0   30.3   29.1   29.5   27.1   25.9   26.2   26.4   28.5   27.6
  508   30.3   27.0   26.0   26.1   26.2   27.3   26.8   26.8   27.5   26.6   28.7   28.2
  509   32.6   29.9   27.0   27.5   28.0   27.9   25.9   26.5   26.3   25.8   28.1   27.6
  513   29.2   27.4   26.4   27.0   29.2   29.8   28.6   29.3   29.6   29.0   32.4   31.5
  516   30.7   31.8   29.2   27.6   28.6   30.2   29.9   28.6   28.1   28.0   29.6   29.7
  517   27.9   33.4   31.2   28.8   28.0   29.4   28.7   27.0   25.8   25.7   27.3   27.5
  518   29.0   27.0   28.0   28.7   28.7   29.8   28.7   26.5   27.3   25.8   28.6   28.0
  519   33.2   32.7   29.4   28.8   28.8   29.0   28.7   27.7   26.1   26.3   29.6   30.2
  520   28.0   31.7   30.0   30.4   28.1   29.0   29.3   27.3   27.5   26.2   27.7   28.3
  521   26.7   32.8   31.2   29.8   28.4   28.8   28.9   27.7   27.4   27.0   28.3   28.0
  522   32.6   31.4   28.3   30.2   30.9   29.7   30.3   27.8   26.8   26.8   28.2   28.4
  523   26.9   29.4   28.2   27.3   26.6   28.0   27.9   26.8   27.0   26.0   26.7   27.2
  524   28.6   33.2   30.4   28.5   28.2   29.0   28.9   27.4   27.2   25.7   27.3   27.2
  525   29.9   28.3   25.4   28.3   28.5   29.1   29.3   26.6   27.4   26.4   28.6   28.5
  526   30.0   29.6   27.4   29.3   28.8   29.5   29.2   27.5   27.8   26.7   28.8   29.4
  527   29.6   29.0   28.2   29.1   29.1   30.4   29.5   26.5   25.4   27.7   27.1   26.4
  528   24.7   24.6   25.7   23.5   25.8   26.6   25.8   26.4   27.7   27.1   27.4   27.0
  529   28.1   30.3   30.8   28.5   28.8   28.4   28.3   26.3   27.1   26.8   26.4   26.7
  530   26.8   26.8   27.0   27.1   27.2   28.7   28.4   26.6   28.0   27.0   29.0   28.0
  531   33.6   33.2   29.4   30.1   31.6   31.5   29.7   27.7   29.2   28.6   30.3   29.5
  532   33.7   32.2   28.8   30.4   30.3   32.4   29.9   29.0   31.0   29.2   31.4   32.2
  534   33.5   32.6   29.8   28.9   30.5   31.7   30.7   28.6   29.3   29.2   30.9   30.3
  535   31.8   30.0   26.4   30.1   30.1   31.0   29.3   27.8   28.9   27.7   28.5   30.2
  536   31.9   31.9   28.5   28.9   30.5   30.2   29.8   28.8   27.3   27.3   29.1   29.0
  537   30.3   29.6   29.0   29.8   29.9   30.1   30.5   27.4   27.2   26.7   29.5   28.6
  538   32.4   30.5   29.4   29.1   30.0   30.5   28.7   28.2   29.5   28.1   31.0   30.8
  540   33.0   31.2   27.7   29.5   29.2   30.7   28.5   28.8   29.8   28.5   31.6   30.5
  541   34.5   32.6   28.5   29.9   29.3   31.2   29.2   27.4   29.0   28.1   29.5   30.3
  542   32.7   32.3   28.3   28.7   30.0   30.4   30.4   28.8   29.3   28.2   30.3   30.5
  545   32.5   30.2   27.7   28.5   29.3   29.5   29.1   29.1   29.5   28.4   31.1   30.6
  546   33.4   33.1   28.8   30.6   30.3   32.1   30.1   29.3   29.3   29.3   31.1   30.6
  547   32.0   32.0   28.9   29.0   30.4   31.8   30.7   28.9   29.4   28.7   30.5   30.0
  548   30.6   31.4   28.2   28.4   29.6   30.4   29.9   28.5   29.3   28.2   30.0   29.4
  549   31.9   31.3   28.8   29.4   30.2   31.5   29.9   28.9   29.8   29.3   31.7   31.1
  551   31.3   32.9   29.6   29.8   29.8   31.1   31.0   28.1   28.7   28.6   31.1   30.4
  552   34.1   31.1   30.7   28.8   29.1   29.6   29.2   28.7   25.9   26.7   29.0   29.0
  553   26.4   29.7   28.0   26.5   26.0   27.2   26.0   25.4   23.6   23.0   24.2   24.4
  554   25.6   28.7   26.9   28.4   27.5   28.3   27.5   25.9   27.7   26.1   29.2   29.1
  555   32.7   32.0   29.4   30.4   30.9   31.3   29.3   28.4   28.2   28.5   30.4   29.9
  556   31.6   29.6   28.0   30.7   30.6   30.0   29.3   29.1   27.5   26.8   29.0   27.8
  557   30.9   30.5   28.1   30.7   30.3   30.2   28.8   26.4   26.2   25.0   28.2   27.6
  559   29.1   26.4   25.4   28.6   28.4   29.6   28.9   26.4   26.7   25.3   28.1   27.4
  560   28.5   27.9   26.0   28.8   29.1   29.2   28.8   27.1   27.9   26.3   29.5   28.2
  561   29.7   29.9   26.9   30.1   30.6   31.2   30.2   29.0   29.9   28.7   30.7   30.3
  562   31.6   32.1   29.8   30.0   30.8   31.7   31.6   28.6   29.2   28.8   30.4   31.3
  563   29.6   29.3   28.9   29.8   30.1   31.5   30.9   28.1   29.5   27.9   30.4   29.5
  565   32.0   29.2   27.7   27.6   27.0   28.7   27.3   27.6   27.5   27.0   28.9   29.3
  566   28.4   32.1   28.8   30.5   29.2   31.2   30.4   28.6   28.8   27.6   29.1   28.8
  569   33.1   32.1   28.2   29.9   30.1   30.2   29.5   28.4   28.6   28.3   29.7   29.1
  571   31.3   30.1   27.6   29.6   28.9   29.5   28.9   28.3   30.1   28.4   31.1   31.0
  572   34.5   33.0   29.0   29.6   29.1   28.9   27.8   27.3   28.0   28.2   29.3   28.6
  577   29.3   25.4   24.2   24.6   23.9   26.3   25.8   26.1   26.6   25.0   26.9   27.4
  579   27.4   28.5   28.2   28.4   28.6   29.3   30.4   27.7   28.5   27.8   28.1   27.9
  580   28.0   34.9   32.1   30.0   28.2   30.7   29.9   27.9   27.2   26.8   28.1   28.2
  581   29.6   29.3   28.8   28.8   29.3   30.7   30.0   27.8   28.7   28.5   29.0   27.8
  582   29.6   30.4   28.0   28.1   28.9   29.8   29.2   27.5   28.1   27.6   28.8   28.6
  583   30.9   30.0   27.2   27.8   29.4   29.9   29.2   27.8   27.9   27.8   29.4   28.8
  586   32.0   31.7   28.1   30.4   30.1   31.7   30.1   28.3   28.1   28.5   30.8   30.2
  588   36.1   34.2   30.4   31.9   30.9   33.3   31.1   28.4   30.3   28.8   32.0   32.2
  590   32.3   32.6   27.5   29.0   29.3   29.2   28.0   27.9   27.3   27.8   29.8   30.0
  593   29.7   32.6   29.7   30.6   30.0   30.6   29.5   27.6   27.7   26.8   29.5   29.1
  594   30.5   28.9   29.0   29.9   29.0   29.8   28.7   27.4   24.2   25.7   27.0   26.8
  595   28.2   29.7   28.5   28.8   27.5   28.5   29.6   26.8   26.9   25.3   28.2   27.4
  596   31.4   33.6   30.1   30.9   30.2   31.2   30.0   27.0   27.9   26.3   28.8   28.9
  597   29.6   29.4   27.0   29.5   29.9   31.5   30.2   27.6   28.8   28.0   30.1   30.7
  598   33.8   30.4   28.5   29.3   28.3   29.8   27.8   28.1   29.4   27.4   29.1   29.8
  599   32.1   32.1   28.7   29.2   29.1   31.2   30.1   28.5   28.2   28.5   30.8   31.1
  600   29.9   31.8   29.0   28.2   29.1   31.2   30.3   28.2   29.2   29.2   30.4   31.0
  601   31.1   31.5   30.4   28.8   29.9   31.6   31.0   28.6   29.5   29.9   30.1   29.6
  602   31.0   32.6   30.0   28.8   29.5   31.8   30.8   28.7   29.6   30.0   30.2   30.0
  603   32.5   32.6   31.0   29.2   30.3   33.1   32.0   30.0   31.5   31.4   32.4   32.3
  604   31.5   31.0   29.3   26.8   29.3   31.5   31.0   29.5   30.1   30.5   31.0   30.7
  605   32.0   31.5   29.6   27.7   29.1   31.1   30.5   28.5   29.8   29.8   29.6   30.6
  606   27.6   27.2   24.7   24.6   25.3   25.5   24.5   24.1   25.6   26.0   26.2   26.2
  607   26.1   25.3   25.2   25.2   27.3   27.5   26.7   25.9   28.3   27.8   29.9   29.3
  609   27.3   26.5   26.3   25.7   27.9   29.0   28.2   27.3   28.9   28.0   29.7   31.1
  610   29.9   31.3   28.6   27.2   29.5   30.3   30.0   27.5   29.6   29.3   30.9   30.9
  611   30.3   31.5   29.1   27.4   29.4   31.7   30.8   27.9   30.2   29.7   30.6   30.7
  612   30.8   31.6   29.8   26.6   28.8   31.4   29.8   27.6   29.8   29.7   29.8   29.5
  614   29.4   28.0   27.4   26.3   28.3   30.5   30.2   28.9   29.8   28.7   30.0   30.0
  615   30.1   30.2   27.8   26.2   29.5   30.2   29.9   27.6   29.7   29.1   29.4   30.0
  616   30.5   30.0   28.2   28.2   29.7   29.7   29.5   27.7   29.8   29.1   31.7   31.1
  617   30.9   31.9   29.8   28.0   29.9   31.8   30.6   27.9   29.6   29.7   30.3   30.0
  618   29.8   31.2   28.8   27.1   29.7   31.9   30.6   27.9   29.9   29.6   31.5   30.8
  619   31.5   31.7   30.2   28.5   30.2   31.6   30.8   29.5   30.4   29.8   31.9   32.2
  620   34.7   32.9   30.6   29.8   30.3   31.4   30.8   28.9   29.8   29.3   30.6   30.3
  621   31.8   32.0   30.6   28.7   29.6   31.8   30.5   29.0   30.4   29.7   31.3   30.9
  623   31.8   32.6   29.5   28.3   29.2   31.6   30.3   28.4   29.3   29.5   29.8   30.8
  624   31.1   30.8   28.5   27.6   29.1   31.0   30.0   28.2   29.3   29.6   30.9   31.6
  625   31.4   32.0   28.4   27.8   28.7   30.6   29.4   28.0   28.3   29.0   29.1   29.3
  627   29.4   28.9   27.3   27.9   29.5   30.9   30.2   28.5   30.5   29.2   31.7   31.5
  628   29.6   31.2   29.1   27.9   29.4   30.3   29.9   27.1   29.3   29.0   30.3   30.1
  629   30.0   32.1   28.9   27.8   29.6   32.0   30.5   27.4   29.8   29.2   30.8   31.4
  630   31.9   31.4   29.5   28.7   29.4   31.2   29.9   28.6   29.3   28.9   30.8   31.1
  634   30.2   30.9   29.2   28.4   30.0   30.3   29.1   27.6   29.9   29.9   31.0   30.7
  635   31.9   30.1   28.7   27.1   29.1   31.1   31.5   28.1   29.8   30.0   30.7   30.3
  636   30.6   30.4   28.0   25.9   28.1   30.0   29.0   28.2   29.2   29.5   29.2   29.7
  637   29.9   28.6   27.7   27.7   28.8   29.8   28.7   27.8   30.5   28.8   31.0   31.3
  638   31.6   32.4   30.7   30.9   30.5   32.7   32.6   29.8   30.7   30.5   31.0   30.6
  642   32.1   32.1   30.0   26.9   29.8   32.3   31.3   28.8   31.2   30.4   30.2   31.4
  644   31.7   31.6   28.6   27.2   30.1   31.4   30.8   29.8   30.8   30.6   30.2   31.1
  645   27.6   27.2   25.7   25.2   25.7   25.6   25.6   25.6   25.9   25.4   27.9   27.7
  649   33.5   30.4   27.5   28.2   30.2   31.0   28.9   29.2   28.2   28.3   31.5   32.4
  651   32.0   31.2   29.7   29.4   31.0   31.5   29.8   29.0   29.3   28.9   33.0   32.9
  652   33.2   31.7   30.3   28.9   28.1   27.4   27.1   26.3   25.2   26.8   28.0   28.8
   96   25.1   24.4   25.2   24.7   25.0   25.4   25.4   25.0   24.1   25.2   24.4   23.8
  655   25.4   26.8   25.0   25.0   27.5   26.9   24.3   24.9   26.8   26.5   27.9   27.1
  656   30.3   25.2   25.2   25.9   25.2   27.2   25.8   25.3   27.9   26.6   28.6   28.5
  657   24.9   24.3   24.3   24.2   26.0   26.0   25.5   25.4   25.9   25.8   25.7   25.6
  658   25.3   23.3   23.4   22.6   23.3   24.2   24.3   23.9   24.8   24.4   25.6   25.7
  659   25.3   25.8   23.6   22.9   24.9   26.4   25.7   24.4   25.0   24.2   26.8   27.4
  660   29.2   28.0   25.4   27.8   27.9   28.8   29.2   27.3   25.9   26.4   27.3   29.1
  661   26.2   31.9   29.8   27.8   26.4   27.7   26.7   25.9   24.8   24.2   24.7   24.7
  663   26.1   24.6   24.4   23.4   24.4   26.3   24.6   24.3   26.2   25.6   28.0   28.3
  666   25.9   24.1   23.9   24.4   26.3   26.4   24.8   25.6   25.6   25.5   27.1   28.1
  667   27.7   25.8   24.6   24.7   26.7   27.1   26.1   25.7   27.4   28.3   28.8   28.4
  669   29.5   27.8   28.6   28.2   29.0   30.9   30.9   30.1   31.8   32.3   31.6   31.9
  699   26.4   28.5   28.3   27.8   27.3   28.5   28.7   28.9   29.1   27.1   27.8   28.5
  670   27.4   32.9   30.4   30.4   27.4   28.7   29.5   28.5   27.9   25.3   25.4   26.5
  671   26.8   31.6   30.3   28.3   27.4   28.3   29.0   27.8   27.2   26.7   28.5   28.2
  680   32.5   30.7   29.0   27.1   28.0   28.7   24.6   24.7   22.6   22.9   25.2   24.6
  682   25.4   22.0   21.4   22.6   25.0   25.5   25.0   24.2   26.1   25.4   25.9   25.8
  693   30.1   30.1   27.2   25.9   26.5   28.1   27.7   25.3   26.3   26.4   26.9   27.4
  694   24.7   25.8   22.8   22.8   23.0   23.7   23.1   21.1   21.2   21.8   24.5   23.8
  695   26.8   25.4   21.9   23.1   23.4   25.6   25.9   26.3   27.0   27.0   28.7   28.7
  696   30.0   36.2   32.9   31.8   29.2   31.2   32.1   28.2   27.6   27.3   27.7   27.2
  697   25.3   25.8   23.7   24.6   27.0   26.8   25.2   25.7   26.7   25.9   27.1   26.7
  700   28.3   26.9   26.7   27.2   27.3   28.6   28.5   27.7   29.3   29.0   30.8   30.8
  701   29.5   29.9   27.8   26.3   28.2   30.1   30.2   28.1   29.8   30.0   30.1   29.6
  702   29.2   30.1   28.8   26.4   28.9   30.4   30.3   29.3   30.2   29.0   30.1   29.5
  703   28.6   28.9   27.7   26.2   28.2   30.0   30.0   28.6   29.3   28.9   29.6   29.3
  704   28.1   26.9   28.1   26.9   28.3   29.3   29.6   28.6   29.9   29.2   29.9   29.7
  706   28.4   31.6   28.9   27.9   30.2   31.7   30.9   29.9   31.4   30.3   32.9   31.9
  709   31.7   31.5   31.3   29.6   30.5   33.2   31.8   30.1   32.4   31.4   31.6   30.5
  710   29.6   30.9   30.9   28.9   30.5   31.7   30.9   29.9   31.3   30.9   31.7   31.3
  711   30.3   30.7   29.8   27.8   29.8   31.2   30.1   30.1   31.3   30.7   31.3   30.2
  712   33.6   31.3   31.0   27.3   29.8   32.3   30.9   31.0   31.6   31.4   32.2   30.8
  713   32.6   31.2   31.2   27.5   30.2   31.6   30.3   29.3   31.8   30.6   30.8   29.7
  717   26.5   28.4   27.6   25.7   27.3   28.1   27.2   27.6   28.4   28.9   29.3   27.6
  718   26.6   27.5   26.7   25.0   27.5   28.2   27.1   27.4   29.0   30.3   29.0   28.9
  719   27.7   26.6   27.3   26.7   28.0   28.1   29.0   28.9   29.7   29.3   31.1   30.3
  720   28.3   28.6   26.9   25.5   27.2   28.2   28.5   27.3   28.8   29.1   28.8   27.1
  722   29.4   31.5   30.0   29.0   29.7   31.9   30.3   29.2   30.9   30.5   31.5   30.7
  723   28.3   28.0   27.1   24.6   27.2   27.5   28.3   28.9   28.5   28.5   27.7   27.2
  724   24.6   25.0   25.8   24.7   27.2   27.0   28.3   28.1   28.9   28.9   28.0   27.8
  725   25.7   26.1   25.3   24.9   24.6   26.6   27.8   27.5   27.7   27.6   28.3   27.7
  726   23.7   22.8   23.9   23.4   24.1   25.9   26.0   26.8   26.7   26.8   26.6   26.6
  727   26.0   26.5   27.5   24.7   26.4   27.8   27.6   28.3   27.8   29.0   28.6   28.9
  730   27.7   31.4   29.8   28.8   30.1   31.7   31.6   30.0   30.4   29.8   31.7   31.0
  731   28.7   29.6   29.8   27.8   29.1   31.4   31.1   30.3   29.8   31.0   29.3   30.3
  732   29.8   30.6   29.1   25.5   28.3   30.4   28.8   28.0   28.8   29.5   29.3   28.3
  733   30.0   31.2   29.5   27.4   30.2   31.8   32.5   30.6   31.5   30.9   31.3   31.0
  734   30.7   31.5   29.8   27.7   31.1   32.4   32.6   30.7   32.1   31.7   31.7   31.5
  735   28.9   28.1   27.6   24.5   27.0   28.9   28.9   26.6   28.1   28.3   28.3   28.2
  736   28.4   28.4   27.9   26.4   28.5   30.3   30.5   29.3   30.3   29.5   30.6   30.3
  737   28.8   30.2   29.6   27.4   30.8   32.7   31.4   30.6   32.0   31.8   31.7   31.7
  738   26.6   28.2   29.1   27.3   29.0   30.4   31.1   30.1   30.9   30.4   31.1   31.4
  739   26.3   28.3   28.4   26.6   28.3   29.6   30.2   29.5   30.2   29.8   30.6   30.6
  741   31.0   31.9   30.8   29.0   30.8   32.8   30.5   30.3   32.2   30.8   30.9   31.1
  743   26.3   27.8   28.3   27.3   29.2   28.7   28.4   28.4   29.4   29.9   29.8   29.0
  745   28.5   30.6   29.5   28.3   28.7   30.0   28.9   28.8   29.6   30.1   30.5   29.2
  746   26.3   27.4   27.7   27.3   28.3   29.6   29.2   29.0   29.9   29.3   28.9   28.1
  747   28.4   27.6   27.3   26.0   27.5   28.2   29.2   28.2   29.8   30.1   29.0   27.4
  748   32.6   30.5   29.1   25.8   28.9   30.8   29.6   29.2   30.3   30.2   30.3   28.9
  749   31.5   30.7   29.8   27.9   28.6   30.1   30.4   29.6   29.9   30.8   31.1   29.3
  751   27.3   30.7   27.8   26.1   25.1   26.9   28.1   29.1   28.2   29.5   29.3   28.3
  752   27.0   25.6   26.5   26.4   24.8   27.1   28.6   28.0   29.4   28.9   29.5   29.1
  753   22.6   24.8   24.3   23.0   22.7   24.2   23.6   24.9   24.4   24.5   25.6   25.2
  754   27.3   29.9   30.3   29.9   30.5   31.6   31.2   30.0   31.4   30.9   30.0   31.5
  755   28.7   30.0   29.8   27.8   28.5   31.7   31.5   29.1   30.6   29.5   30.6   29.8
  756   27.1   26.3   27.3   27.9   28.5   28.9   28.7   28.5   28.7   28.6   29.4   29.9
  757   30.8   31.1   28.8   26.4   29.6   32.1   31.4   29.6   30.5   31.4   30.4   31.0
  759   29.8   29.6   27.5   24.9   27.8   29.6   30.0   27.4   28.9   28.3   29.6   28.8
  760   27.1   30.9   29.1   28.2   29.3   30.6   30.0   28.9   30.5   29.2   31.2   31.6
  761   28.0   29.7   29.6   28.5   30.2   31.9   31.6   30.5   31.1   31.8   31.1   30.9
  762   27.7   30.4   28.4   26.7   28.9   31.6   30.8   29.1   30.0   29.8   30.3   29.8
  764   28.6   31.0   29.1   27.7   29.3   31.7   31.6   29.6   30.9   30.2   31.1   30.6
  766   33.4   31.9   30.4   26.3   29.5   30.5   31.4   30.4   30.4   30.6   31.1   29.6
  767   33.1   30.6   29.1   25.1   27.2   29.3   29.6   29.9   29.9   29.4   30.0   28.5
  768   30.0   32.0   30.3   27.9   29.8   32.7   32.4   30.4   31.3   30.8   31.8   30.9
  769   27.4   28.2   29.2   29.2   29.0   30.6   30.5   29.4   30.3   30.5   30.8   30.8
  770   30.5   31.2   30.7   28.5   30.3   31.5   32.0   30.4   32.0   31.3   31.6   31.1
  771   26.1   27.8   29.0   29.0   28.3   29.4   30.2   28.9   29.8   30.0   30.0   29.4
  772   27.9   29.9   29.6   29.5   28.9   30.0   28.7   29.0   29.8   30.1   30.8   29.5
  775   28.1   30.0   29.8   29.1   29.2   30.5   30.1   29.4   30.7   29.7   30.6   30.5
  776   28.3   29.2   28.9   27.9   28.7   29.6   28.1   28.7   29.4   29.4   29.5   28.0
  778   28.1   29.4   29.6   26.5   28.0   29.4   28.7   28.5   29.5   29.8   29.8   29.0
  779   25.2   26.7   27.5   27.1   27.8   29.5   31.3   30.4   31.8   31.4   30.9   30.7
  780   27.0   26.5   26.7   24.7   26.7   27.3   28.3   29.4   29.3   30.6   29.2   27.8
  781   28.8   27.3   27.7   25.5   26.7   28.9   31.1   30.7   31.1   31.9   30.4   29.7
  782   26.0   25.9   24.9   22.2   21.9   24.1   24.5   25.7   24.3   25.4   25.4   24.9
  786   31.4   28.6   27.6   24.6   27.8   28.4   28.5   28.5   28.5   28.5   29.1   27.4
  787   30.8   27.4   27.6   23.9   26.4   28.0   27.8   27.9   28.4   28.4   28.4   26.7
  788   29.9   32.2   31.5   30.2   30.8   33.0   31.1   30.5   32.2   31.2   32.2   31.7
  790   28.7   26.5   25.9   22.6   26.0   26.9   26.8   26.6   26.6   26.9   27.5   25.5
  791   30.0   30.1   29.2   26.4   27.7   30.5   30.1   27.6   29.0   28.5   29.4   28.6
  792   28.1   30.8   27.8   26.1   27.1   26.9   29.6   30.2   29.7   31.1   30.0   29.6
  794   33.6   31.7   31.4   27.5   30.3   32.1   31.3   29.3   31.9   30.7   32.0   30.4
  795   33.8   32.1   30.7   26.1   28.8   31.8   29.8   29.4   31.6   30.0   30.7   29.6
  796   29.7   26.5   26.5   24.1   26.1   27.0   28.2   27.9   28.3   27.9   27.9   26.1
  797   25.4   25.6   25.4   25.0   25.7   26.8   25.9   25.8   27.2   26.8   27.2   26.8
  798   26.9   27.6   25.3   24.9   25.0   26.4   25.0   25.3   26.6   26.7   27.0   27.0
  799   25.8   25.9   27.0   26.9   27.3   28.2   28.6   27.8   28.3   29.3   28.7   28.4
  800   27.7   31.5   29.1   27.4   28.4   28.4   29.0   25.9   26.7   26.8   26.6   26.8
  801   30.7   30.0   29.7   27.8   29.6   31.0   30.7   28.2   29.3   28.9   28.2   29.6
  802   29.3   32.6   32.0   29.7   30.1   32.2   31.1   28.4   29.7   29.5   29.0   29.2
  803   32.1   32.3   30.9   30.0   31.4   32.9   33.0   30.5   31.3   31.1   31.2   30.2
  804   30.6   32.7   30.4   27.7   30.2   30.4   32.0   28.5   30.0   29.0   26.9   27.6
  805   30.8   31.3   31.1   27.9   30.8   31.7   31.6   28.9   29.8   29.3   29.4   28.9
  807   30.7   30.9   29.6   27.8   30.1   31.9   31.5   30.3   30.4   30.5   29.0   30.2
  808   28.2   32.0   29.9   26.9   28.9   29.0   29.9   28.4   27.6   28.6   26.1   27.3
  809   32.8   32.6   29.8   27.5   30.2   32.3   32.1   30.2   30.9   30.3   31.5   31.3
  810   32.9   32.9   31.2   28.4   31.2   32.9   32.2   30.5   31.2   31.2   31.5   31.6
  811   30.3   32.8   32.7   28.8   31.6   33.3   34.0   31.5   30.6   31.4   30.3   30.1
  812   32.3   30.4   30.0   26.2   30.3   31.9   30.6   29.9   30.4   30.0   31.1   30.7
  813   32.3   31.5   31.9   27.9   30.9   32.0   32.9   30.6   30.2   30.9   32.0   31.3
  814   31.6   31.8   30.3   28.8   29.2   31.3   30.6   28.7   29.5   29.0   30.1   29.1
  815   32.1   33.7   30.6   30.5   30.6   32.0   30.8   29.1   30.2   30.2   30.4   30.0
  816   28.7   32.5   31.2   27.6   30.7   32.6   33.2   30.7   29.9   30.4   27.0   29.5
  817   28.5   29.7   29.3   27.1   28.3   30.3   30.5   27.3   27.9   27.5   28.0   28.0
  818   32.7   33.3   30.3   30.1   30.6   31.5   31.1   29.1   30.0   30.8   30.9   30.8
  819   32.6   32.1   30.7   30.5   31.5   32.9   32.0   29.9   30.9   30.6   30.5   30.3
  820   32.7   32.9   30.8   31.5   31.6   32.6   32.3   30.3   31.0   31.2   30.5   30.0
  821   33.9   33.3   30.8   29.7   31.3   33.2   31.7   30.1   31.3   31.4   31.3   31.0
  822   32.6   32.3   30.4   29.3   31.3   32.4   31.8   30.3   31.2   31.0   31.8   31.5
  823   32.3   32.4   31.1   30.2   31.5   33.0   32.4   29.8   31.1   31.7   29.9   31.5
  824   33.7   33.0   31.1   29.8   31.6   33.2   33.2   31.0   32.0   31.6   30.7   31.6
  825   34.2   33.5   31.7   28.5   31.5   33.1   33.1   31.1   32.0   32.2   31.7   30.8
  826   33.1   32.7   31.7   29.8   32.1   33.9   33.0   30.4   30.6   31.2   30.3   31.2
  827   33.3   33.3   32.9   29.3   32.4   33.8   34.3   31.7   32.4   32.4   31.8   31.3
  828   35.0   33.5   32.1   30.4   32.7   34.2   33.7   31.2   32.8   32.2   32.8   32.6
  830   31.2   32.1   31.2   28.7   31.9   32.6   33.0   30.0   30.8   30.7   29.1   29.1
  831   30.4   30.6   30.7   29.2   30.0   31.0   30.5   27.8   28.6   28.1   28.5   28.8
  832   34.6   33.2   31.6   31.4   31.9   33.3   33.6   31.3   32.4   32.6   32.5   33.7
  833   34.3   34.6   31.3   30.3   31.0   31.7   31.0   29.6   29.8   31.3   31.1   31.6
  834   31.8   31.8   28.5   28.0   29.5   30.6   29.9   29.1   29.6   29.7   30.3   29.6
  835   32.1   32.1   30.1   29.2   31.1   32.0   31.1   29.4   30.1   29.4   30.4   29.6
  836   30.9   31.1   29.9   29.0   30.7   32.7   32.0   29.5   30.3   31.1   30.1   29.7
  837   32.4   33.0   31.2   30.8   31.6   32.7   32.0   29.6   30.5   30.7   31.2   31.0
  838   31.1   32.7   30.2   27.6   30.1   30.5   30.3   28.5   29.3   29.8   30.3   30.3
  839   32.3   31.5   30.0   29.6   30.7   32.4   32.0   29.8   30.9   30.8   28.8   30.8
  840   32.9   33.2   31.4   29.3   32.8   34.2   34.4   32.0   32.5   32.8   32.1   31.7
  841   31.5   31.1   29.5   28.4   31.2   32.5   32.9   30.2   31.1   30.8   29.3   30.2
  842   29.4   31.5   30.4   27.1   30.0   31.1   31.9   29.5   29.7   29.9   28.9   29.9
  843   30.1   32.2   32.3   29.6   30.6   31.1   31.8   28.2   29.5   27.9   28.5   29.4
  844   31.3   32.2   31.2   29.2   30.8   32.2   32.6   29.1   30.1   30.3   29.6   28.8
  846   33.4   33.7   32.8   29.3   32.3   33.8   33.6   32.1   32.2   31.9   32.5   31.6
  847   32.6   31.8   30.4   29.8   30.6   32.0   31.9   29.9   30.7   31.1   30.6   30.6
  848   30.5   31.0   31.2   28.3   30.0   32.2   32.3   29.9   29.8   29.9   30.6   29.8
  849   32.5   33.4   29.9   30.2   30.6   31.4   31.1   29.4   30.3   30.7   30.8   30.3
  850   26.6   30.3   29.4   26.1   27.5   28.8   29.2   28.2   27.8   28.3   26.7   28.2
  851   30.8   33.9   33.3   30.4   29.8   31.4   31.0   28.4   29.8   28.7   28.7   29.0
  852   26.4   30.3   29.2   28.6   26.5   28.9   28.7   25.6   26.6   26.9   26.1   26.0
  853   28.5   28.4   27.1   24.1   27.7   28.6   28.4   26.6   27.3   26.9   25.9   25.7
  854   30.4   34.0   31.5   27.4   30.0   31.4   32.5   30.4   30.4   30.0   28.2   28.2
  855   24.9   24.5   25.3   24.0   25.0   26.1   26.9   27.1   27.3   28.1   28.2   28.8
  856   28.5   27.7   26.0   22.9   25.3   27.0   26.2   24.9   27.1   26.2   27.0   26.0
  858   21.2   22.8   24.8   24.9   26.2   25.3   24.9   25.8   27.4   27.8   27.9   26.1
  859   27.7   29.6   29.3   26.6   28.4   29.7   30.4   27.8   27.9   27.7   25.2   25.0
  870   21.8   23.6   22.2   20.4   21.0   20.9   21.3   21.7   19.8   20.5   21.8   21.8
  871   18.9   21.6   20.4   19.9   19.2   19.8   19.9   20.1   19.6   18.9   20.6   20.7
  872   26.5   25.9   25.1   22.5   24.0   25.9   26.4   24.5   25.0   25.7   25.4   24.7
  873   25.5   26.1   22.2   22.4   22.9   23.7   23.9   22.5   22.4   23.4   22.3   23.4
  874   30.3   30.4   27.5   26.3   28.1   27.8   27.8   25.9   25.6   26.3   28.9   28.3
  875   20.4   19.3   18.5   20.0   20.2   20.8   20.4   18.8   18.0   17.5   19.2   18.7
  876   28.8   33.1   31.5   29.0   29.1   30.3   30.6   28.3   28.5   27.4   27.9   28.5
  877   32.2   32.5   29.9   29.4   30.8   32.4   31.3   29.5   30.4   30.6   31.6   30.8
  881   26.2   26.1   27.7   26.0   27.8   28.5   29.5   29.0   30.6   30.6   30.9   29.1
  885   26.9   27.5   27.0   25.7   25.8   26.7   27.3   28.2   28.3   28.7   28.6   28.1
  887   31.1   33.0   29.9   27.4   31.5   32.8   31.5   24.0   24.4   24.8   29.9   27.8
  900   31.1   33.0   31.2   27.6   30.3   31.5   32.6   30.2   30.5   30.5   28.2   28.8
  901   23.6   25.9   26.1   23.1   25.6   25.9   26.5   25.0   24.0   24.9   24.6   25.1
  902   31.0   29.5   27.8   25.7   26.6   29.8   28.8   27.4   28.6   28.2   29.3   27.6
  903   34.4   33.5   31.9   28.7   31.5   33.1   33.3   31.2   31.5   31.6   32.3   30.9
  906   33.0   31.4   31.6   27.9   28.9   32.6   30.4   29.8   32.2   30.7   31.9   29.4
  907   29.9   26.7   27.0   23.3   27.7   27.9   28.7   29.1   27.0   28.2   29.3   27.7
  908   31.6   30.2   27.8   25.3   28.7   29.9   30.2   29.5   28.1   29.2   28.4   27.9
  909   28.5   28.9   27.1   23.6   28.3   27.8   28.4   27.9   26.5   27.7   27.9   26.2
  910   26.9   29.1   26.6   22.6   26.2   26.9   27.8   27.1   27.4   27.3   27.1   25.3
  911   26.9   26.3   26.3   23.8   28.4   27.3   27.8   28.1   28.1   27.5   27.1   24.7
  912   32.6   31.8   30.9   28.9   30.4   32.1   32.4   30.4   31.1   30.6   31.2   30.0
  913   28.3   28.4   27.7   24.6   27.5   27.6   27.8   28.4   28.7   28.1   29.7   27.6
  914   31.1   30.2   28.5   26.0   28.9   31.7   30.6   28.0   29.7   29.3   30.6   29.7
  915   33.5   32.8   31.1   27.4   31.3   33.5   32.8   30.6   31.5   31.6   32.2   31.3
  917   34.0   30.1   30.1   26.3   30.2   32.4   31.5   32.2   29.7   31.1   32.2   30.8
  918   31.6   30.2   29.4   25.8   28.6   30.1   30.4   29.8   29.4   29.7   30.8   29.1
  919   33.6   32.5   32.0   28.6   31.6   33.5   33.4   31.6   32.1   31.5   31.0   31.7
  920   34.3   32.0   30.7   28.1   31.2   33.3   33.1   31.8   32.0   31.8   32.5   31.6
  921   30.3   28.7   26.4   23.7   27.2   27.6   28.4   27.4   27.4   27.1   28.4   25.6
  922   31.2   32.5   30.2   27.0   29.8   30.6   32.1   30.4   30.1   30.1   29.9   28.8
  923   30.1   32.9   30.1   25.8   29.4   30.1   30.9   30.0   30.1   31.0   28.8   27.7
  924   25.8   26.7   25.4   23.8   26.0   25.6   25.9   26.0   24.6   25.6   23.5   23.9
  925   32.7   32.9   31.0   27.4   30.6   31.9   32.9   31.3   31.1   31.7   31.5   30.8
  926   31.6   31.1   29.6   25.2   29.6   30.2   30.7   29.7   28.2   29.4   29.9   29.0
  927   30.8   31.6   30.9   28.7   30.1   31.8   32.4   30.2   31.2   30.3   31.5   31.2
  928   31.7   35.1   31.6   28.3   30.9   31.8   32.6   30.8   31.2   30.7   29.7   28.0
  929   32.7   30.7   29.9   25.7   29.4   31.2   31.2   30.5   28.7   29.9   30.5   29.8
  930   28.3   27.0   27.3   24.7   27.6   28.3   29.2   28.5   28.1   28.6   29.5   27.7
  931   30.0   29.0   26.9   23.6   28.3   28.7   28.7   28.3   28.4   28.1   28.9   26.9
  932   33.4   31.3   30.4   24.8   29.9   32.2   31.6   30.4   31.0   30.8   32.2   30.2
  933   31.7   30.2   28.3   24.6   28.9   30.2   30.7   30.3   29.4   29.7   30.6   29.4
  934   33.5   31.5   30.9   24.9   30.5   32.4   31.8   30.6   31.4   31.0   31.7   30.7
  935   33.5   30.4   29.4   27.1   30.3   31.9   30.7   30.2   29.5   31.4   31.4   29.9
  936   32.6   31.4   30.1   26.1   30.1   32.0   31.4   29.8   30.3   29.9   31.0   30.0
  940   31.3   32.8   31.5   26.5   29.0   31.1   31.6   29.8   30.5   30.3   29.8   27.6
  943   32.2   34.9   32.2   27.6   30.4   31.8   33.3   31.2   32.0   31.6   29.4   27.5
  944   33.3   32.9   31.3   28.5   31.1   33.3   33.0   31.7   30.4   31.7   31.5   31.9
  945   31.5   31.5   28.8   25.4   28.7   31.1   30.3   28.2   29.4   28.9   29.6   28.6
  946   32.3   30.6   29.9   26.0   29.6   31.2   31.1   28.4   31.5   30.3   31.6   31.6
  947   28.6   27.4   26.3   23.3   28.2   28.7   28.5   27.3   27.6   28.3   26.9   25.6
  948   33.5   31.7   30.6   26.9   29.3   32.4   31.3   30.1   31.4   30.8   31.4   30.4
  949   28.6   30.8   30.4   26.4   28.8   28.9   30.9   28.9   28.9   30.0   26.3   27.0
  951   27.7   29.8   29.6   28.9   29.8   31.5   30.3   29.0   30.2   30.7   29.9   29.7
  954   29.8   33.2   29.8   25.5   29.4   30.2   31.9   30.1   30.9   30.3   27.2   28.1
  956   21.8   22.1   21.8   21.0   22.6   22.7   22.5   22.6   23.5   23.3   23.6   23.8
  957   24.4   24.3   23.8   24.0   24.4   24.7   24.8   24.9   26.0   25.9   26.5   26.4
  958   24.4   23.1   24.2   24.0   24.2   24.5   25.5   25.8   25.8   26.5   26.3   25.3
  959   22.1   22.8   22.9   23.1   23.6   24.1   24.3   24.9   25.8   25.3   24.3   24.3
  960   24.1   24.8   26.1   23.0   24.8   25.9   27.4   26.9   28.7   28.0   27.9   26.6
  961   25.0   24.6   22.8   22.5   24.4   24.4   25.7   25.0   25.8   26.6   25.5   24.1
  962   27.1   26.7   25.6   23.4   25.3   26.3   27.2   27.1   27.8   28.6   25.8   25.7
