2014071000+000HOUR     2014071009LST
STNID    21H    45H    69H    93H   117H   141H   165H   189H   213H   237H   261H   285H
STNID 071106 071206 071306 071406 071506 071606 071706 071806 071906 072006 072106 072206LST
47008   18.3   17.5   18.4   17.9   19.5   19.8   21.1   20.3   19.9   19.3   20.5   21.7
47035   20.3   20.0   18.5   20.2   20.7   21.8   21.2   22.0   20.7   22.9   25.1   22.4
47041   19.1   17.3   16.0   17.2   19.0   19.8    3.3   20.0   21.2   21.3   22.2   20.5
47058   21.1   21.3   20.6   19.5   21.1   21.2   21.8   21.9   22.3   20.9   23.3   22.4
47070   20.0   21.4   21.2   19.1   20.4   21.2   19.9   20.6   21.5   22.0   24.5   23.5
47090   20.9   24.0   23.1   20.9   22.4   23.1   22.3   22.9   22.5   21.7   23.6   24.5
47095   18.3   20.2   19.7   18.8   19.3   20.2   19.1   20.2   22.5   19.9   20.1   21.4
47098   19.7   21.1   20.8   20.3   20.0   20.9   20.6   22.0   22.7   20.9   21.8   22.4
47099   19.5   21.9   21.5   20.2   20.6   20.5   20.0   21.2   23.1   21.3   22.4   22.7
47100   16.4   18.0   17.1   17.2   16.5   17.9   18.6   17.5   17.3   16.3   17.3   18.6
47101   20.0   21.0   21.0   20.5   20.7   21.8   20.4   21.0   23.1   20.1 -273.7   27.0
47104   22.7   21.9   19.5   22.0   21.5   22.6   23.0   23.2   23.2   21.5   23.4   24.8
47105   25.6   24.2   24.2   23.1   23.3   24.5   24.6   24.4   24.6   22.2   23.9   26.1
47106   20.7   22.4   22.7   20.8   22.0   22.3   23.3   22.4   22.8   21.6   22.6   24.5
47108   23.3   22.1   22.1   21.6   21.8   23.0   20.9   22.0   23.7   23.3   26.8   25.7
47112   21.7   22.4   21.4   21.4   21.9   22.7   22.0   22.2   24.0   22.7   24.9   23.8
47114   21.7   20.6   20.4   20.2   20.9   22.0   22.0   22.1   23.4   21.4    3.5   23.3
47115   23.6   22.8   23.1   22.2   22.5   21.7   22.9   23.4   23.6   20.2   21.5   23.3
47119   21.6   21.7   21.7   21.2   21.0   22.4   21.9   23.2   25.0   23.5   23.4   23.2
47121   20.1   19.0   19.3   18.8   19.9   19.8   20.4   21.3   22.5   20.9   23.5   23.8
47127  -39.1   20.2   20.7   21.3   20.8   21.2   22.5   22.0   23.6   23.2   21.1   21.2
47129   21.3   19.5   20.6   20.2   19.8   21.0   21.0   21.1   23.2   23.2   23.4   23.0
47130   22.5   21.2   20.6   21.7   21.1   21.0   21.5   20.6   22.5   20.5   22.7   23.4
47131   23.0   21.0   22.4   20.7   21.8   22.2   23.2   23.0   24.1   23.0   24.2   24.5
47133   23.7   20.6   22.0   21.3   17.3   21.6   17.6   21.9   22.4   23.3   24.0   23.5
47135   20.6   17.3   19.4   20.3   19.6   20.2   20.1   20.7   23.0   21.0   21.1   22.2
47136   21.9   19.1   21.6   20.6   20.1   21.0   21.1   22.8   23.5   22.5   24.7   23.3
47137   21.5   19.3   21.4   20.6   20.2   21.0   21.0   20.2   22.5   21.0   19.5   22.6
47138   24.5   22.4   23.7   24.1   20.5   24.9   24.4   24.7   24.7   22.5   25.3   26.4
47140   19.9   21.3   21.5   19.1   20.0   21.6   20.9   22.1   23.4   23.0   24.0   23.7
47143   25.0   21.8   23.4   22.2   21.5   23.1   24.3   23.6   24.9   22.4   25.5   26.1
47146   22.4   20.3   22.1   21.4   20.6   22.3   13.3   22.0   23.7   24.2   25.1   25.9
47152   23.1   20.9   22.5   18.8   20.8   21.7   23.6   23.1   23.6   20.9   23.7   24.8
47155   24.3   21.7   21.9   20.3   21.8   22.5   23.4   23.4   23.1   23.4   24.8   24.9
47156   23.1   22.1   22.3   20.4   21.3   22.3   21.9   23.1   25.1   23.9   24.0   25.9
47159   24.0   20.7   21.8   20.2   20.9   23.0   23.9   23.7   24.3   23.6   24.5   25.1
47162   20.7   19.3   20.9   19.6   21.1   22.0   22.6   22.7   22.3   22.8   23.9   24.1
47165   20.5   21.6   21.6   19.7   20.0   20.9   21.9   22.6   24.5   24.3   24.7   24.0
47168   23.5   20.2   23.3   20.3   21.9   23.1   23.7   24.1   24.0   24.8   25.4   25.5
47170   22.6   21.5   21.7   19.3   21.3   21.3   21.5   21.9   23.8   24.8   24.9   24.4
47172   19.9   21.0   20.3   22.0   19.2   19.0   20.6   22.9   22.1   24.4   23.8   24.6
47174   19.2   20.0   20.3   19.4   19.5   21.8   19.1   21.2   32.3   35.2   21.4   26.3
47176 -999.0 -999.0 -999.0 -999.0 -999.0 -999.0 -999.0 -999.0 -999.0 -999.0 -999.0 -999.0
47184   21.9   22.5   22.7   18.7   23.5   22.7   22.5   24.1   24.6   27.1   26.4   25.7
47185   20.3   21.1   21.9   19.0   22.5   22.0   22.3   23.8   23.7   24.0   24.9   25.2
47188   21.1   20.9   22.6   19.3   22.3   21.7   21.6   23.4   23.2   25.4   24.7   25.7
47189   22.8   22.4   23.4   20.3   22.5   23.0   23.3   23.8   25.4   25.0   24.5   25.2
47192   20.5   20.4   20.6   19.6   20.9   21.0   22.2   22.0   23.0   23.9   21.5   22.4
47203   20.7   20.6   20.5   20.1   20.7   20.9   19.7   21.2   23.9   21.4   20.6   21.7
47232   20.6   19.1   21.0   20.9   21.3   21.1   21.3   22.1   23.7   23.2   21.9   22.9
47235   23.2   21.3   21.9   21.1   19.9   19.4   21.2   19.5   23.6   23.4   24.7   23.5
47245   22.1   21.1   21.3   22.0   20.5   21.8   22.8   22.8   22.3   24.3   23.8   24.0
47247   21.9   19.9   19.8   19.4   20.3   21.4   20.8   22.4   24.4   22.5   23.7   23.4
47268   20.9   20.8   21.6   20.2   21.7   22.0   21.9   22.9   22.8   24.5   23.7   23.8
47279   21.9   18.9   20.8   20.9   20.3   21.5   22.0   22.2   23.8   22.0   22.9   22.7
47284   18.0   17.5   19.1   19.1   20.0   20.9   19.7   21.2   22.4   23.3   21.1   21.6
  887   21.5   18.1   20.2   19.7   19.0   19.4   20.4   22.0   23.1   20.2   23.9   23.6
47110   20.5   22.5   21.9   21.3   21.1   21.8   21.5   21.5   25.0   23.2   24.2   23.2
47113   21.4   22.3   21.6   22.5   22.0   22.4   21.2   22.8   23.2   23.3   24.6   23.4
47151   21.5   19.5   21.5   18.2   19.5   20.2   20.6   20.9   22.9   20.6   20.5   20.8
47153   23.4   21.1   22.1   19.6   21.1   22.3   23.3   22.7   23.7   22.6   24.1   24.8
47182   21.6   21.4   22.4   19.7   22.5   20.8   20.3   20.9   24.4   23.0   24.5   22.9
