2014071000+000HOUR     2014071009LST
STNID     6H    30H    54H    78H   102H   126H   150H   174H   198H   222H   246H   270H
STNID 071015 071115 071215 071315 071415 071515 071615 071715 071815 071915 072015 072115LST
47008   27.0   24.7   27.2   24.3   26.8   28.0   27.8   26.4   27.7   27.0   24.6   24.6
47035   33.0   31.9   31.3   30.8   29.6   28.8   32.0   30.3   29.7   34.8   31.2   31.0
47041   31.4   32.9   32.2   31.0   31.0   32.9   29.3   30.2   30.0   27.5   27.9   26.5
47058   30.8   29.5   30.7   30.1   32.2   33.8   32.6   31.0   30.5   31.2   31.5   32.2
47070   30.3   32.0   30.1   29.1   31.8   32.7   26.7   28.3   29.3   29.9   31.2   30.3
47090   28.5   31.7   30.8   28.7   27.6   27.9   29.5   29.5   32.3   27.2   26.0   25.2
47095   30.2   31.4   29.2   28.9   30.5   31.7   26.6   29.1   29.7   32.7   31.7   32.0
47098   31.7   32.5   31.2   30.1   32.5   33.3   26.2   29.2   30.7   32.6   32.9   32.2
47099   32.4   33.6   31.3   31.0   32.2   33.1   26.8   30.1   30.2   31.8   33.2   31.7
47100   24.9   26.0   25.0   24.9   25.6   27.2   23.8   26.6   26.6   25.3   24.4   25.6
47101   31.4   31.3   30.9   29.8   31.9   32.4   27.3   29.5   28.2   33.6   31.6   32.7
47104   28.1   31.4   30.4   29.8   29.2   29.4   29.7   31.3   32.5   28.4   27.4   28.6
47105   28.8   32.6   31.2   30.8   30.2   30.2   29.8   31.7   33.4   28.5   27.7   29.3
47106   28.5   32.1   30.3   30.6   26.9   28.5   28.4   29.1   31.1   29.4   27.8   28.3
47108   30.2   31.0   30.6   29.2   31.1   31.9   26.4   28.4   30.0   31.3   32.4   31.7
47112   28.8   27.5   27.3   26.8   29.0   29.6   25.9   27.4   27.9   29.2   29.5   27.6
47114   32.2   31.7   31.3   30.5   31.0   32.3   29.7   29.5   30.7   31.8   31.4   32.8
47115   25.3   28.9   27.9   27.4   27.8   28.1   26.5   26.4   27.4   28.5   24.2   26.1
47119   29.9   30.4   30.2   30.1   31.3   32.9   28.3   28.6   29.4   31.1   32.4   30.8
47121   31.9   30.8   31.5   30.5   30.9   31.9   30.4   30.3   31.5   32.3   30.5   31.8
47127   31.8   32.2   31.2   30.6   30.7   31.0   30.2   28.1   30.2   31.6   32.2   31.7
47129   27.6   29.4   29.8   29.7   28.8   30.4   28.4   27.3   28.0   30.0   30.3   29.6
47130   27.9   30.7   30.3   28.5   26.6   28.8   29.0   26.8   30.8   26.7   24.8   28.3
47131   31.2   33.5   32.0   30.6   30.6   29.5   30.3   28.5   30.4   31.5   34.0   32.3
47133   30.6   31.6   31.1   29.4   29.5   28.3   29.1   27.4   29.9   30.8   32.2   31.6
47135   30.7   30.3   30.5   28.3   28.6   28.0   28.1   27.1   28.4   31.2   30.4   30.5
47136   33.6   32.2   31.7   29.8   31.7   31.0   30.1   27.9   30.8   33.8   32.0   33.5
47137   31.8   31.6   32.2   30.0   29.5   29.2   28.2   27.2   30.0   32.4   32.3   31.9
47138   32.0   34.1   33.0   30.9   30.7   30.4   29.3   29.2   32.2   32.3   28.7   29.4
47140   27.9   30.3   28.6   27.3   28.2   26.2   29.1   27.1   28.7   29.2   31.1   31.0
47143   34.0   33.4   33.0   29.4   30.7   29.9   30.1   30.0   32.4   34.7   32.3   33.8
47146   31.0   31.8   30.3   29.0   29.6   27.1   32.3   29.3   30.3   32.3   34.1   34.7
47152   33.0   32.5   32.1   27.8   30.4   29.7   29.8   28.4   31.3   32.3   31.2   31.6
47155   33.2   29.5   31.1   26.0   29.2   27.3   29.1   27.6   28.5   28.4   31.2   31.2
47156   30.0   31.3   30.8   28.2   30.0   26.0   29.8   27.4   29.0   31.5   33.6   34.0
47159   30.5   29.4   29.1   24.8   27.9   25.6   28.0   26.8   27.7   30.2   29.0   28.7
47162   30.3   28.5   27.1   24.3   25.1   24.6   27.2   25.5   27.3   28.4   28.6   29.4
47165   27.0   29.7   28.3   26.0   26.4   25.1 -195.9   27.0   28.0   29.9   29.7   30.9
47168   30.3   30.7   27.8   23.7   25.5   25.5   26.2   26.1   26.9   28.2   29.6   30.4
47170   27.3   31.7   30.0   25.3   26.1   27.3   27.5   27.4   28.3   35.9   33.0   34.6
47172   26.9   30.2   28.2   26.8   27.7   26.9   30.0   27.4   28.6   31.5   33.5   32.6
47174   30.8   32.7   30.2   25.8   28.0   26.4   28.5   26.4   28.3   27.3   30.5   32.3
47176 -999.0 -999.0 -999.0 -999.0 -999.0 -999.0 -999.0 -999.0 -999.0 -999.0 -999.0 -999.0
47184   26.2   29.5   28.7   22.2   26.6   27.4   28.5   29.2   29.7   29.0   29.3   31.0
47185   24.3   26.2   27.5   24.7   25.5   28.2   28.0   28.3   30.0   29.0   29.1   27.3
47188   26.6   28.7   28.0   23.1   26.0   27.8   28.4   29.1   29.4   29.1   29.9   31.5
47189   29.1   28.1   28.2   24.5   26.2   28.1   27.5   28.4   29.3   28.3   28.6   32.0
47192   32.9   32.5   30.6   25.7   27.8   27.2   28.4   26.7   28.8   29.8   29.9   30.1
47203   31.8   32.7   31.9   30.7   30.9   32.3   26.9   27.7   29.6   31.8   33.7   33.4
47232   29.7   33.2   31.4   30.9   30.2   30.1   29.0   29.3   29.8   31.7   33.0   32.1
47235   27.9   31.4   28.7   27.1   28.3   28.2   26.7   27.0   27.5   28.9   31.5   30.6
47245   29.8   31.8   30.2   30.1   30.5   26.6   31.0   28.8   30.6   30.4   34.3   34.5
47247   30.3   32.0   30.6   26.5   30.1   27.4   30.1   27.5   29.9   28.1   32.5   33.2
47268   25.4   30.1   27.8   25.4   25.5   26.6   27.9   28.3   28.5   29.0   29.6   30.5
47279   32.5   31.9   32.1   28.8   30.8   29.5   29.3   28.1   30.2   33.3   31.8   33.3
47284   31.7   32.2   30.8   27.6   29.4   26.0   30.5   26.9   29.9   28.1   30.3   30.8
  887   30.2   32.0   31.6   30.0   28.9   30.6   28.1   26.2   29.7   30.8   33.2   32.0
47110   30.6   30.0   30.3   28.9   31.0   30.8   26.1   28.9   29.9   31.9   31.3   31.7
47113   28.3   27.2   27.2   27.4   28.3   28.1   26.3   27.0   27.4   29.8   30.8   31.0
47151   32.3   34.2   32.7   28.4   30.0   28.3   28.2   28.4   31.4   35.0   30.4   30.6
47153   32.1   31.3   29.7   25.0   28.1   27.1   27.2   26.1   28.5   28.5   31.0   31.4
47182   25.5   28.8   28.3   21.0   26.9   28.7   29.0   28.0   29.2   29.0   28.3   27.2
