2014071000+000HOUR     2014071009LST
STNID    15H    27H    39H    51H    63H    75H    87H    99H   111H   123H   135H   147H   159H   171H   183H   195H   207H   219H   231H   243H   255H   267H   279H
STNID 071100 071112 071200 071212 071300 071312 071400 071412 071500 071512 071600 071612 071700 071712 071800 071812 071900 071912 072000 072012 072100 072112 072200LST
47090    6.5    1.0    0.0    7.0    8.0    5.5    2.0    6.0    4.5    7.5    4.0    9.5    7.0    7.5    3.5    3.5    2.5    3.5    2.5    0.0    0.0    0.0    0.0
47095    3.5    0.0    1.5    9.5   10.0    6.5    3.5    6.0   10.0    7.5    9.5   10.0    9.5    5.5    0.5    0.0    1.0    6.0    0.0    0.0    0.0    4.0    0.0
47100    7.0    1.5    4.0    8.0   10.0    7.0    4.5    8.0    8.0    7.0    4.0    4.0    8.5    3.0    3.0    6.5    5.5    5.0    3.0    4.0    0.0    0.0    1.0
47101    5.5    1.0    3.0    9.5   10.0    6.0    9.0    3.0   10.0    7.0    9.5    7.5    8.0    7.0    8.5    5.5    3.5    1.5    2.5    0.0    2.5    3.0    4.0
47102    7.0    3.5    3.5   10.0    6.0    7.0   10.0   10.0    6.5    2.5    3.5    0.0    5.5    6.0    8.0   10.0   10.0    0.0    0.5    0.0    0.5    0.0    9.0
47105    7.0    0.5    0.0    8.0    9.5    3.0    3.5    3.0    5.5    3.5    3.0    2.5    4.0    3.0    4.5    2.0    0.5    3.0    0.5    0.5    0.0    0.0    0.0
47108    4.0    3.5    1.5   10.0    9.5    7.0    4.5   10.0    8.0    9.5    6.0   10.0    7.5    7.5    6.5   10.0    1.0    7.0    3.0    1.0    3.0    8.0   10.0
47112    3.0    2.0    5.0    9.5    8.5    4.5    4.5   10.0   10.0    8.0    7.5    9.0    9.0    7.5    8.0    5.5    9.5    0.0    3.0    2.5    1.0    2.5    0.0
47114    7.0    2.0    3.0   10.0   10.0    6.5    7.5    7.5    9.0    6.5    8.0    8.0   10.0   10.0    6.5   10.0    1.0    6.0    1.5    2.0    0.0    3.0    3.5
47115   10.0    1.0    0.0    3.5   10.0    7.0    3.5    7.0    3.0    7.5    2.5    6.0    4.5    8.5    9.0    1.5    3.5    2.5    4.5    4.5    3.5    2.0    0.0
47119    6.0    3.5    4.5   10.0   10.0    3.5    6.5    8.0    8.5    7.0    4.5   10.0    8.5    8.5    6.0   10.0    4.5    6.0    2.5    1.0    4.0    1.0    0.5
47129    5.0    1.0    2.0    9.5    9.5    5.0    6.5    7.0    7.5   10.0    5.5   10.0    8.5   10.0   10.0    9.5    5.0    7.0    0.0    1.0    0.0    1.0    0.0
47130    9.5    2.5    0.5    9.0   10.0    7.5    5.5   10.0   10.0   10.0    4.5   10.0    7.0    8.0    3.5    2.5   10.0   10.0    5.0    5.5    3.5    8.5    4.5
47131    6.0    3.5    2.5    8.0    9.0    8.0    7.0    6.5    6.0    5.5    7.0    8.0   10.0    4.5   10.0    8.5    4.5    9.0    7.5    3.5    3.5    3.5    3.0
47133    8.0    1.5    5.0    9.5   10.0    8.0    6.5    9.5    7.5    8.0    8.0   10.0   10.0    8.5    6.5   10.0    5.5   10.0    4.5    9.0    3.0    7.0    3.5
47136    7.0    3.0    2.0    5.5    9.0    6.5    4.5    3.0    5.0    6.0    3.0   10.0    9.0    6.5   10.0    3.5   10.0    6.0    1.5    2.5    0.5   10.0    1.5
47138   10.0    2.0    2.0    7.5   10.0    5.5    2.0    8.5    5.0   10.0    2.0   10.0   10.0    5.5    4.5    1.5    4.5    7.5    3.5    2.0   10.0    7.0   10.0
47140   10.0    1.0    5.5   10.0   10.0    6.5   10.0    8.5    9.5    9.0   10.0   10.0   10.0    8.0   10.0    7.0    5.5    3.0    1.0    2.5    1.5    6.5   10.0
47143    7.5    3.5    4.5    8.5   10.0    7.5    6.5    8.0    6.5    8.0    5.5   10.0    8.5    4.0    9.5    8.0    9.5    2.5    1.0    2.0    3.5    7.0   10.0
47146    9.5    4.5    0.5   10.0    8.5    6.5    7.5    8.0    5.0   10.0    7.5   10.0    9.5   10.0    4.5    9.5    5.0    5.0    4.5    3.5    4.0    6.5    3.5
47152    8.5    3.0    5.0    9.0   10.0    7.5    8.5   10.0    5.5   10.0    9.0    9.5    6.5   10.0    6.5    7.5    4.0    6.5    5.0    8.0    6.5    6.0    3.5
47155    4.5    4.0    1.0    7.5   10.0    7.0    5.5    9.5   10.0   10.0    8.5   10.0   10.0   10.0    7.5   10.0   10.0    3.5    1.5    0.5    6.0    5.5   10.0
47156    7.5    7.5    4.5    9.5    7.5    8.0    9.5    8.0    9.5   10.0   10.0   10.0   10.0   10.0   10.0   10.0    7.5    8.0    4.0    9.5    3.5    8.5    7.0
47159    8.5    4.0    2.0   10.0   10.0    9.0   10.0    9.0   10.0   10.0   10.0   10.0    9.5   10.0    9.5   10.0   10.0    8.0    6.5    2.5    8.5    8.5   10.0
47162    7.5    7.0    4.5    9.0   10.0    6.5    7.5    9.0   10.0   10.0    9.5   10.0   10.0   10.0   10.0   10.0    9.0    0.5    2.5    5.0    0.5    4.5    8.0
47165    7.5    5.0    5.0   10.0   10.0    7.5    7.5    9.0    9.0    9.0   10.0   10.0   10.0   10.0   10.0    7.0    5.0    7.0    1.5    1.0    4.0    8.0    7.0
47168    6.5    6.0    4.5    8.5   10.0    8.5    6.5    9.5    8.0   10.0   10.0    9.5   10.0   10.0    9.0    8.0    7.0    6.0    6.5    5.0    3.0    5.5    7.0
47169    6.5    7.5    9.5   10.0   10.0    3.0   10.0    3.5   10.0   10.0   10.0   10.0   10.0   10.0   10.0   10.0   10.0    6.5    7.0    0.0    6.5    4.5   10.0
47170    8.0    6.5    3.5    9.5   10.0    9.0    9.5    6.5    9.5   10.0   10.0    9.5   10.0   10.0   10.0    7.0   10.0    7.5    5.0    0.5    4.5    1.5    9.0
47172    7.0    5.5    5.0   10.0   10.0    7.0    5.0    6.5    7.0    5.5   10.0   10.0    9.0   10.0   10.0    7.5    3.0    6.5    3.0    1.5    3.0    5.0    6.0
47174    7.5    7.0    4.0    8.5   10.0    6.0    6.0    9.5    6.5   10.0   10.0    9.5   10.0   10.0   10.0    9.0   10.0    7.0    5.0    7.0    3.0   10.0    6.5
47175    8.5    8.0    6.5   10.0   10.0    7.5    7.0   10.0   10.0   10.0   10.0   10.0   10.0   10.0   10.0   10.0    8.0   10.0    6.0    4.5    5.5    6.0    9.0
47184    6.0    7.5    5.5   10.0   10.0   10.0    9.0   10.0   10.0   10.0   10.0   10.0   10.0    9.0    9.5    9.5   10.0    8.5    6.0    2.0    2.5    8.0    7.5
47185    5.0    7.0    7.0   10.0   10.0   10.0    9.5   10.0   10.0   10.0   10.0    9.0   10.0    8.5   10.0    9.5   10.0   10.0    7.5    7.0    1.0    5.0   10.0
47188    7.5    5.0    4.0    9.0   10.0   10.0   10.0   10.0   10.0   10.0   10.0   10.0   10.0   10.0   10.0    8.0   10.0    8.5    7.0    0.5    5.0    2.5    8.0
47189    4.0    6.5    4.5   10.0   10.0   10.0    9.5   10.0   10.0   10.0   10.0   10.0   10.0   10.0    7.5   10.0   10.0   10.0   10.0    6.5    5.0    1.5   10.0
47192    6.5    5.5    7.0    9.5   10.0    5.0   10.0   10.0   10.0    9.0   10.0   10.0   10.0    9.5    9.5   10.0   10.0    3.0    2.5    2.0    2.5    6.5    7.5
47232    7.0    1.0    0.5    7.5    9.0    4.5    6.5    7.5    7.0    8.0    2.0    8.5    8.5    7.0    7.0    2.5    1.5    3.5    0.5    1.0    0.0    1.0    0.0
47235    6.0    0.0    4.0    7.5   10.0    2.5    6.0    7.5    7.0   10.0    6.5    7.0   10.0    8.5    6.0    7.5    3.5   10.0    0.0    9.0    0.0    8.5   10.0
47284    4.0    4.0    0.0    9.0   10.0    5.5    2.5    8.5    7.5    7.0    7.0    7.5   10.0   10.0    8.0    5.5    5.5    6.0    7.0    4.0    3.0    6.5    6.0
47110    4.0    3.5    1.5    9.5    9.5    5.0    3.5   10.0    7.5    7.5    4.5    8.5    8.0    5.0    3.0   10.0    6.0   10.0    3.5   10.0    8.0    8.0    2.5
47113    6.0    2.5    5.0   10.0    8.5    5.5    7.0    9.5    7.0    6.0    7.0    9.0   10.0    9.5   10.0    4.0    0.0    0.5    0.5    0.0    9.0    0.0    0.0
47128    7.0    2.0    5.5    8.5    9.5    7.0    5.5    7.0    7.0    7.5    6.5    9.0    7.0    6.0    8.5    8.5    5.5   10.0    3.0    2.5    3.0    9.5    2.5
47151    9.0    3.0    2.5    7.5   10.0    8.0    3.5    9.5    6.0    8.5   10.0    9.5   10.0    4.0    4.0    3.0    5.5   10.0    7.5    2.5   10.0    5.5   10.0
47163    7.0    7.5    6.5   10.0   10.0    6.5    6.0    7.0    9.5   10.0   10.0   10.0   10.0   10.0   10.0    9.5    5.5    3.0    1.5    3.0    4.0    9.0    6.0
47167    2.0    3.5    1.5    8.0   10.0    5.0    4.0   10.0    9.5    9.5   10.0   10.0   10.0   10.0   10.0   10.0    8.5    4.5    2.0    7.0    2.0    5.0    6.0
47139    8.0    2.5    4.5    8.5    9.0    5.5    7.0    8.5    8.0    6.0    4.0    8.0   10.0   10.0    6.5    5.0    4.0    6.0    6.5   10.0   10.0    8.5   10.0
47142    7.5    3.0    2.5    9.5    8.5    6.5    8.0    8.0    9.5    8.5    2.0   10.0   10.0   10.0    8.0   10.0   10.0   10.0    5.0    1.5    2.5    5.0    5.5
47153    7.0    4.5    4.5    9.0   10.0    7.5    8.5    8.5    9.5   10.0    7.0    7.5    8.5   10.0    7.0    9.5    5.0    2.5    4.5    1.5    4.0    3.5    8.0
47158    8.0    8.0    4.0    9.5   10.0    8.0   10.0    9.5    7.0   10.0   10.0   10.0   10.0   10.0   10.0    9.0    5.0    4.0    4.5    3.0    4.0    4.5    3.5
47161    6.0    8.5    4.5   10.0   10.0    3.5    7.0    7.0   10.0   10.0    9.5    9.0   10.0    9.0    4.0    9.0    9.0    4.5    7.0    2.5    0.5    8.5    2.5
47182    5.5    4.5    4.5    9.0   10.0    8.5    7.5   10.0    9.5   10.0    8.5   10.0   10.0   10.0    9.0    8.5   10.0    8.5    5.5    6.5    2.0    7.5    9.5
