2014071000+000HOUR     2014071009LST
STNID    21H    45H    69H    93H   117H   141H   165H   189H   213H   237H   261H   285H
STNID 071106 071206 071306 071406 071506 071606 071706 071806 071906 072006 072106 072206LST
47008   18.3   18.4   18.3   17.6   19.4   18.4   20.2   20.3   19.9   20.2   19.5   20.7
47035   19.6   19.2   18.5   20.4   20.4   20.4   21.2   21.5   21.6   25.7   26.0   25.5
47041   18.1   18.7   16.3   16.3   -0.8   17.9   18.5   19.8   19.9   22.0   23.6   22.9
47058   20.1   19.5   20.2   19.1   21.1   22.2   21.9   22.5   22.2   23.3   24.2   24.0
47070   18.8   19.8   20.8   18.5   20.0   20.8   21.1   19.8   21.2   24.1   24.6   25.0
47090   21.0   23.8   23.1   21.2   22.2   22.9   21.8   23.3   21.8   23.9   23.9   23.7
47095   18.2   17.7   19.6   18.0   19.3   19.9   19.9   20.8   21.6   24.2   23.4   23.5
47098   19.1   19.9   20.4   18.7   18.5   20.4   20.9   22.3   21.7   25.0   24.3   24.4
47099   18.6   19.8   20.8   19.2   20.0   20.8   21.4   21.8   22.3   25.5   24.7   24.9
47100   15.5   18.1   18.3   16.8   16.5   16.8   17.1   18.8   18.8   18.9   18.7   18.6
47101   19.3   19.6   20.7   19.8   20.7   21.2   21.7   21.9   22.5   28.1 -211.6   23.7
47104   21.5   22.8   19.6   22.1   21.5   23.1   23.2   23.6   23.1   23.6   23.2   24.5
47105   24.0   25.9   24.4   23.1   23.2   24.3   23.9   25.2   24.4   25.9   23.9   25.5
47106   21.5   21.1   22.6   21.7   22.2   23.1   22.7   23.1   21.6   24.0   23.3   24.5
47108   22.7   22.2   22.3   20.6   20.8   21.7   23.1   22.8   22.6   25.5   26.8   26.4
47112   20.7   20.6   21.3   19.8   21.0   22.1   22.1   22.2   22.6   24.2   24.6   23.9
47114   20.4   18.8   20.6   19.8   18.9   21.2   21.9   22.2   21.1   23.6   14.5   26.4
47115   21.5   24.0   22.9   22.2   23.2   23.6   24.2   21.8   22.7   23.5   21.0   22.9
47119   19.6   19.9   22.0   20.4   20.7   22.1   22.9   22.6   23.4   24.1   25.3   25.4
47121   19.2   19.4   19.9   18.1   19.5   18.9   20.6   21.0   21.4   22.8   23.6   24.5
47127  -39.1   18.8   21.7   20.9   20.2   21.3   23.1   23.2   23.4   23.6   23.2   23.2
47129   19.3   20.8   22.1   20.6   19.6   21.2   22.6   22.1   22.7   23.1   24.2   24.0
47130   19.9   23.2   23.3   21.3   21.5   22.3   22.7   22.5   20.3   23.2   21.3   22.9
47131   21.2   21.9   24.0   20.6   22.0   23.2   24.3   23.7   23.2   24.4   26.3   26.8
47133   21.4   21.3   23.4   21.8   17.8   19.2   21.3   22.6   21.4   26.0   25.4   25.5
47135   18.8   17.3   21.4   20.4   19.4   20.7   21.6   21.4   21.3   22.3   22.8   23.0
47136   20.2   20.3   23.2   21.4   20.8   21.2   22.9   22.2   22.0   23.2   24.5   25.4
47137   20.2   20.4   22.7   21.1   20.8   20.6   21.9   20.4   22.1   23.0   23.5   23.4
47138   24.7   24.7   26.2   24.2   23.1   25.2   25.0   24.2   25.2   25.9   26.2   26.0
47140   20.5   21.5   22.2   19.2   20.3   21.6   22.8   22.9   20.6   24.3   25.5   25.4
47143   23.1   23.1   24.5   23.1   23.4   23.8   24.7   23.5   23.2   26.3   26.2   26.3
47146   20.6   21.2   23.7   20.9   20.5   22.0   17.8   22.7   23.1   24.3   25.1   25.1
47152   23.6   22.7   23.8   21.5   22.2   23.5   23.5   22.8   23.5   24.9   24.9   25.4
47155   23.4   22.3   23.3   21.9   21.8   22.4   23.3   23.6   22.7   23.5   25.9   26.2
47156   21.9   22.0   22.8   20.7   21.3   22.4   23.5   23.9   23.3   24.1   26.1   26.4
47159   23.3   22.0   22.3   22.3   22.2   22.9   23.5   23.1   24.0   25.9   25.0   24.6
47162   21.8   19.9   22.0   20.6   20.6   21.7   22.5   22.3   22.7   24.2   24.0   24.8
47165   20.7   21.3   21.3   19.6   19.6   21.2   23.0   23.7   22.6   23.3   23.8   24.3
47168   22.5   21.4   22.7   21.8   21.6   22.6   23.6   23.2   23.4   23.8   25.0   24.4
47170   22.4   22.4   22.3   20.4   20.5   22.1   23.3   23.2   23.2   24.1   25.1   24.1
47172   19.8   20.4   22.8   20.7   18.8   21.3   23.8   23.2   25.9   23.0   25.5   24.9
47174   19.2   18.8   21.5   19.7   19.5   21.0   21.8   21.4   25.3   23.3   14.3   19.8
47176 -999.0 -999.0 -999.0 -999.0 -999.0 -999.0 -999.0 -999.0 -999.0 -999.0 -999.0 -999.0
47184   22.4   23.0   20.7   20.1   22.0   23.6   24.4   25.1   24.5   24.6   24.4   26.0
47185   21.2   21.9   21.3   19.9   22.2   23.0   23.6   24.2   24.6   24.5   24.2   24.3
47188   21.8   20.8   22.3   20.6   21.9   22.7   23.1   23.3   23.9   25.7   25.2   25.3
47189   22.8   23.3   22.0   21.7   22.6   23.9   23.7   25.0   24.9   24.9   25.9   26.9
47192   20.1   20.1   22.4   20.8   21.0   21.3   22.4   22.9   22.0   21.9   22.3   23.7
47203   18.4   18.9   20.9   19.3   20.4   19.9   22.2   21.6   22.0   23.6   23.3   23.2
47232   18.7   19.5   22.8   20.8   21.4   21.3   23.1   23.9   22.8   24.6   24.3   24.3
47235   20.0   22.1   23.0   20.9   20.2   19.6   23.6   20.9   23.6   24.5   24.3   24.1
47245   20.9   21.2   23.5   20.7   21.4   22.1   22.4   23.4   24.2   23.8   25.0   24.3
47247   19.6   19.3   21.5   20.0   20.2   21.2   22.2   22.8   22.6   23.2   25.1   25.0
47268   20.0   20.6   21.6   21.2   20.7   22.5   23.9   24.2   23.9   23.8   23.9   24.7
47279   20.0   20.2   22.2   21.2   20.9   21.8   22.0   22.6   22.4   24.0   24.4   24.1
47284   17.3   17.1   21.1   19.7   20.2   21.0   20.9   21.4   21.3   23.2   21.3   21.5
  887   19.3   18.8   22.4   19.8   19.1   20.6   21.5   21.2   22.2   23.7   25.1   25.5
47110   19.2   20.4   21.9   19.8   20.2   20.9   21.7   23.8   22.0   23.2   25.1   25.2
47113   19.8   20.8   20.8   20.6   20.9   21.3   21.2   22.9   22.1   24.2   23.1   23.7
47151   21.5   20.8   23.1   21.3   20.3   20.9   20.7   20.8   21.6   24.2   22.7   23.5
47153   23.4   22.4   23.0   21.7   21.3   22.2   22.8   23.0   21.8   25.0   24.1   24.6
47182   22.2   21.6   20.7   20.6   20.5   22.3   23.2   24.0   23.9   22.9   23.4   23.0
