2014071000+000HOUR     2014071009LST
STNID    15H    27H    39H    51H    63H    75H    87H    99H   111H   123H   135H   147H   159H   171H   183H   195H   207H   219H   231H   243H   255H   267H   279H
STNID 071100 071112 071200 071212 071300 071312 071400 071412 071500 071512 071600 071612 071700 071712 071800 071812 071900 071912 072000 072012 072100 072112 072200LST
47090    5.5    1.5    0.0    3.0    3.0    8.0    7.0    4.5    4.0    4.5    4.0    0.0    0.0    0.5    2.5    0.0    0.0    9.5    3.0    0.0    0.0    2.0    9.5
47095    4.0    1.0    1.5    7.0    5.5    9.0    7.5   10.0    4.0    4.5    6.5    8.0    0.0    5.0    3.0    4.0    0.0    0.0    0.0    0.0    0.0    3.5   10.0
47100    8.0    4.0    0.0    4.0    5.5    8.0   10.0   10.0    5.5    6.5    4.5    4.0    2.0    4.0    3.0    4.0    2.0    5.0    3.0    4.5    3.0    5.5   10.0
47101    6.0    2.5    3.0    7.0    6.5    7.0    8.5    8.5   10.0    7.0    9.0    9.5    3.0   10.0    1.5    7.0    1.0    0.0    2.0    0.0    2.5    7.0   10.0
47102    7.5    2.5    4.5    8.0    7.0   10.0   10.0    2.5    5.5    3.0    4.0    2.5    2.5    0.0    0.5    2.5    0.0    1.0    3.0    8.5    2.0   10.0    9.5
47105    5.5    2.0    0.0    3.0    2.5    6.0    8.0    8.5    8.5    3.0   10.0    0.0   10.0    0.0    0.5    0.0    0.0    2.5    8.0    2.5    0.0    2.5   10.0
47108    5.0    6.0    1.5    6.5    5.5    9.5    6.0    8.0    7.0    5.0    1.5    8.0    3.0    9.5   10.0    7.5    2.0    3.0    1.5   10.0    1.5   10.0   10.0
47112    5.5    5.5    3.5    5.0    7.5    9.0    6.5    9.0    7.5    6.0    3.0    9.5    2.5    4.0    7.5   10.0    8.5    0.0    1.5    9.5    9.5    9.0    7.5
47114    7.0    5.0    3.0    5.0    7.5   10.0    4.0    7.0    6.0    6.5    5.0    6.5    7.0   10.0    3.5   10.0    8.0    4.5    2.5    7.5    0.0   10.0   10.0
47115    6.0    4.5    0.0    1.0    4.5    8.0   10.0   10.0    5.0    5.0    2.5    1.0    5.5    4.0    3.5    1.5    2.5    6.0    5.0   10.0    1.5    4.5   10.0
47119    6.0    6.0    4.5    5.0    6.0    9.5    7.5    5.0    3.0    6.5    1.5    8.5    5.5   10.0    8.0   10.0    2.5    3.5    6.5    0.5    2.5    9.0    7.0
47129    4.0    7.5    0.0    2.5    8.5   10.0    8.5    3.0    2.5    7.0    0.0    7.5    6.0    8.5    5.0   10.0    0.0    7.0    0.0   10.0    0.0   10.0    2.5
47130    7.5    7.5    0.5    2.5    8.5   10.0   10.0   10.0    7.5   10.0    5.0    0.5    6.0    6.5    5.0    2.5    4.5   10.0    4.5   10.0    3.5    3.0   10.0
47131    6.0    8.5    4.0    2.0    8.5   10.0   10.0    7.0    6.5    7.5    4.5    6.5    4.5    8.5   10.0    4.5    3.0    3.5    4.5    6.5    6.0   10.0    6.0
47133    8.5    7.5    5.5    6.0    9.5   10.0   10.0    8.0    7.0    7.5    5.5    8.0    5.0   10.0    9.0    4.5    7.5    5.0    3.0   10.0    7.5    9.5   10.0
47136    5.5    7.0    2.5    3.0    6.0    9.5   10.0   10.0    5.5    4.5    4.0    3.0    7.5    7.0    7.0    3.0    3.0    7.0    5.5    9.0    3.0    3.5    3.0
47138    8.5    7.0    5.5    6.5    9.5   10.0   10.0   10.0    2.0   10.0    3.5    1.5    5.5    9.5    2.0    3.0    8.5    7.5    5.0    7.0   10.0    2.0   10.0
47140   10.0    5.5    6.5    6.0   10.0   10.0   10.0    8.0    9.0    6.0    5.5    6.5    7.5   10.0    7.5   10.0    6.5    6.5    0.5   10.0    9.5   10.0   10.0
47143    7.0    6.5    5.0    6.5    9.0    7.5   10.0    9.5    4.0    7.5    4.0    0.5   10.0    6.5    2.5   10.0    3.5    6.5    4.5   10.0   10.0    4.0    9.5
47146    9.0    8.5    5.0    7.0    8.0   10.0    9.5   10.0    8.0    5.5    3.0    8.0    9.5    8.5    7.0   10.0    9.0    5.0    3.5    6.5    5.0    6.5   10.0
47152    9.0    7.0    9.0    7.5    9.0   10.0   10.0   10.0    7.5    8.5    3.5    3.5    9.0    7.5    4.0    7.5    6.5    9.5    8.0   10.0   10.0    2.0    5.5
47155    4.5    8.0   10.0    5.5   10.0    9.0   10.0   10.0   10.0   10.0    5.5    3.5   10.0    9.5    3.5    5.0    8.0    4.0   10.0    7.0    7.5    7.0   10.0
47156    7.5    7.5   10.0    9.0    8.0    9.0    9.0   10.0    7.5    8.5    3.5    7.0   10.0    7.0    4.5   10.0    7.5   10.0    7.5    9.0    7.5    9.0   10.0
47159    8.0    5.5    9.5    5.5   10.0   10.0   10.0   10.0   10.0   10.0   10.0    1.0   10.0   10.0    3.0    1.5    5.5    1.5    4.5    6.0   10.0   10.0   10.0
47162    6.0    9.5    9.0    6.5    9.5    9.5   10.0    8.0    9.5    9.5    5.5    1.5   10.0   10.0    1.5    2.0    3.0    5.5    1.5    2.0    4.0    1.0   10.0
47165    6.5   10.0    8.0   10.0    9.0   10.0   10.0   10.0   10.0    6.5    7.0   10.0   10.0    6.5    5.5    8.0    1.5    5.5    2.0    9.0    1.5   10.0    8.5
47168    5.0    8.5    8.0    6.5   10.0   10.0   10.0   10.0    7.0   10.0    4.5    7.0   10.0    5.5    2.0    2.5    2.0    3.0    1.5    4.5    5.0   10.0   10.0
47169    6.5   10.0    9.5    8.0   10.0   10.0   10.0    9.5   10.0    6.5    4.0    8.0   10.0    5.5    8.5    6.5    0.5    2.0    1.0    7.0   10.0   10.0    6.5
47170    7.5    9.5    7.0    7.0   10.0   10.0   10.0   10.0    8.0    6.0    9.0    8.5   10.0    5.5    2.0    7.5    2.0    7.0    6.5    3.0    8.0    8.0    9.5
47172    6.5    9.5    8.0    9.5   10.0   10.0   10.0    9.5    8.5    2.0    4.5    5.5   10.0    9.0    7.0    8.0    4.5    8.0    4.5    9.0    6.5   10.0   10.0
47174    6.0    9.0    9.5    8.5    9.0   10.0   10.0   10.0    7.5   10.0    6.0    8.5   10.0    5.5    5.5    4.0    3.0    7.5    4.5    9.5    6.5    6.5   10.0
47175    8.5   10.0    8.0    7.0   10.0   10.0   10.0   10.0   10.0   10.0    9.0   10.0   10.0    4.5    4.5    4.0    6.5    3.0    6.0   10.0    9.0    4.5    8.0
47184    7.0    7.5    7.0    7.5   10.0   10.0   10.0   10.0    7.0   10.0    8.5   10.0    9.5   10.0    9.5    4.5    0.5    0.5    1.0    1.0    3.0    4.0    3.5
47185    7.0    7.0    8.5    9.0   10.0   10.0   10.0   10.0    6.5   10.0    6.5   10.0   10.0    7.5    0.0    7.5    0.0    1.5    7.5    2.0    3.0    2.0    3.5
47188    6.5    5.5    8.0    8.0   10.0    9.5   10.0   10.0   10.0   10.0   10.0   10.0    7.5    4.0    5.5    2.5    8.0   10.0    2.5    4.0    3.0    3.5    6.5
47189    4.5    7.0    8.0    9.0   10.0   10.0   10.0   10.0   10.0   10.0   10.0   10.0   10.0    8.0    4.5    6.5    7.5    7.5    9.0    5.0    6.5    6.0    7.5
47192    7.0    9.5   10.0    6.5    9.5    8.5   10.0   10.0    5.5    8.0    5.5    4.0   10.0    7.0    2.5    4.0    3.5    4.0   10.0    7.0    7.0    3.5   10.0
47232    6.5    7.5    0.0    1.0    7.5   10.0    8.0    7.0    6.0    7.5    1.5   10.0    4.0   10.0    6.0    4.0    2.5    3.0    0.5    5.0    1.0    9.5    5.5
47235    9.0    6.5    3.0    3.0    8.5    9.0    9.0    7.5    2.5    7.0    4.0    4.0    3.0    9.0    6.0    3.5    4.5   10.0    9.5   10.0   10.0   10.0    0.5
47284    3.5    5.5    7.0    7.0    6.0    8.5   10.0    7.5    8.5    4.5    2.5    4.5   10.0    8.5    5.5    2.5    2.0    2.5    2.0    6.5    3.5    5.5    7.5
47110    5.5    5.0    1.5    6.5    8.5   10.0    2.5    8.5    5.5    4.0    0.5    7.5    1.0    9.5   10.0    3.5    5.0    5.0    2.5   10.0    0.0   10.0    0.0
47113    7.5    5.5    3.5    6.0    8.0   10.0    5.5    9.0    7.5    6.5    3.5    9.0    2.0    3.5   10.0    5.5    9.0    2.0    9.5    0.0   10.0    5.5   10.0
47128    7.5    9.0    2.5    4.5    9.0    9.5   10.0    8.0    6.0    6.5    4.5    6.5    5.0    7.5    8.5    4.0    7.5    3.5    2.0    8.0    5.0    7.0   10.0
47151    9.5    4.5    8.0    7.5    7.5    9.0   10.0   10.0    2.5    8.0    9.5    2.5    9.5   10.0    3.5    4.5    2.5    8.5   10.0    2.5   10.0    4.0   10.0
47163    7.0    9.0    8.5    8.5    9.0   10.0   10.0   10.0    8.0    6.0    4.0    6.5   10.0    8.5    6.5   10.0    7.0    9.0    2.5   10.0    3.5    9.0    8.5
47167    3.0    5.0    5.5    5.0    9.5    8.5   10.0   10.0    8.5    7.0    9.5    5.5   10.0    7.0    3.5    3.5    3.0    4.5    3.5    7.5    6.0    5.0    9.0
47139    8.0    5.5    5.0    5.0    8.5    8.5   10.0   10.0    9.0    5.5    7.0    6.0    8.0    6.5    3.5    4.5   10.0    5.5    4.0    8.5    3.5    3.0   10.0
47142    5.0    7.5    5.0    7.5    8.0    5.5    8.5    8.5    8.0    8.0    6.0    2.0    8.5    8.0    2.0    2.5    1.5   10.0    4.5    5.0    4.0    1.5    6.5
47153    5.5    6.0    9.5    6.0    9.0   10.0   10.0   10.0    8.0    8.0    7.5    2.0   10.0    8.0    2.5    1.5    5.0    3.0    3.5    3.5    6.0    3.0    9.0
47158    7.0    9.0    8.0    8.5    9.0   10.0    8.5    8.5    8.5    7.0    5.5    7.0    9.5    5.5   10.0    3.5    8.5    8.0    3.5    7.5    7.5   10.0    9.5
47161    5.5   10.0    8.0    8.5    9.5    8.5   10.0   10.0    8.0    9.0    5.5    5.0   10.0    5.5    3.0    2.0    7.5    9.0    8.0    9.5    9.0    8.5    3.0
47182    5.0    7.5    5.0    7.5   10.0   10.0    9.5   10.0   10.0   10.0    7.5   10.0   10.0    5.5    1.5    6.0    1.0    3.5    2.5    3.5    2.5    2.5    1.5
