2014071000+000HOUR     2014071009LST
STNID    21H    45H    69H    93H   117H   141H   165H   189H   213H   237H   261H   285H
STNID 071106 071206 071306 071406 071506 071606 071706 071806 071906 072006 072106 072206LST
47008   19.3   18.0   18.4   18.2   19.3   19.8   21.2   20.6   20.2   19.2   20.3   20.6
47035   19.9   20.2   18.6   20.1   21.3   21.2   20.6   22.1   22.1   24.3   24.9   24.3
47041   18.3   17.6   16.5   17.4  -21.5   19.0   12.9   19.8   20.2   21.9   22.4    5.4
47058   20.3   20.6   20.0   19.8   21.4   22.4   22.2   22.0   23.0   24.0   24.5   22.7
47070   19.4   20.1   19.7   19.0   21.2   20.9   22.2   21.6   22.5   23.5   24.2   25.6
47090   20.3   22.5   22.8   20.9   23.0   22.4   23.4   24.7   24.5   23.8   23.2   24.2
47095   17.9   17.8   19.4   17.5   19.6   20.7   21.8   21.6   23.3   23.8   22.5   22.5
47098   18.9   20.2   20.2   18.8   20.4   21.1   22.4   23.0   23.0   24.5   24.1   24.7
47099   18.9   20.4   20.1   18.8   21.5   21.5   22.9   22.9   23.4   25.0   24.6   25.0
47100   16.3   18.1   17.8   16.7   16.4   18.2   19.9   19.0   18.8   19.4   19.2   19.6
47101   19.2   20.3   20.8   19.7   21.3   22.0   23.0   21.9   23.6   22.8   23.0    5.8
47104   22.3   22.0   20.5   21.9   21.9   22.1   23.2   23.1   24.9   23.5   23.5   25.2
47105   26.3   24.9   25.0   22.8   23.4   22.6   24.6   24.3   27.3   26.2   24.4   26.6
47106   21.1   22.6   23.4   21.3   22.8   22.1   23.9   24.5   23.5   23.8   23.5   24.9
47108   23.2   22.8   21.7   21.5   22.4   22.7   23.6   22.4   23.6   24.8   25.3   26.9
47112   21.6   22.7   22.3   20.6   22.2   21.7   23.0   24.6   23.1   24.5   24.2   24.7
47114   20.9   21.1   21.0   20.1   20.6   21.1   23.1   21.8   21.5   23.3   24.9   26.2
47115   24.4   24.3   23.6   22.1   24.0   22.3   23.7   22.7   25.3   24.1   24.0   23.6
47119   21.3   22.2   21.8   19.8   21.9   22.2   23.6   24.1   23.9   24.7   25.3   26.3
47121   19.0   19.6   20.3   18.7   19.8   19.6   21.7   21.2   22.5   22.0   23.9   23.5
47127  -39.1   21.2   22.0   19.9   20.2   20.9   23.6   22.2   22.1   23.7   23.3   23.1
47129   21.8   21.7   21.4   20.0   21.9   21.3   22.9   23.3   22.9   23.6   23.8   24.4
47130   22.1   22.7   23.6   20.7   21.4   21.2   22.4   24.1   22.0   23.8   21.7   23.1
47131   22.7   23.2   23.3   21.4   23.1   21.7   24.1   23.8   23.9   24.3   25.7   26.9
47133   22.7   22.7   23.7   20.3   16.9   14.8   21.7   22.6   21.4   25.2   25.2   25.4
47135   20.0   19.5   21.2   18.5   19.8   20.1   22.1   22.0   21.7   21.9   23.0   23.3
47136   21.6   21.4   22.7   20.0   21.0   20.9   23.7   23.6   23.6   23.6   24.8   24.7
47137   21.1   21.1   22.5   20.0   21.0   20.8   22.5   20.9   22.3   21.7   24.0   24.4
47138   25.2   24.8   23.9   24.8   23.7   20.7   25.4   25.8   27.0   28.0   25.5   25.2
47140   21.2   22.2   22.5   18.6   22.4   21.5   23.7   23.0   23.2   24.0   25.1   25.2
47143   24.3   23.5   23.5   22.1   25.2   22.1   24.9   24.9   24.7   26.3   26.0   26.1
47146   22.8   21.8   23.0   19.5   22.5   21.8   20.9   23.3   23.9   23.2   24.5   25.3
47152   23.8   23.1   21.1   20.1   23.9   23.5   23.7   24.1   25.1   25.2   25.0   24.8
47155   23.8   22.5   22.1   21.9   22.4   22.5   24.6   24.1   23.9   24.3   25.8   25.1
47156   23.1   21.4   23.2   20.5   23.3   23.4   24.0   24.3   23.8   24.4   25.2   24.0
47159   24.0   22.8   21.6   21.3   23.2   22.2   24.2   24.1   24.0   24.0   26.0   25.2
47162   21.3   19.8   20.8   20.8   20.8   22.3   23.0   23.1   21.1   23.2   23.3   22.4
47165   21.7   21.0   22.0   21.0   22.7   24.1   23.5   24.1   23.0   22.7   23.8   22.5
47168   23.4   20.7   22.1   21.9   22.5   24.0   23.7   23.6   24.3   24.1   24.6   24.1
47170   23.3   21.8   23.0   21.5   22.3   24.8   24.6   23.8   24.0   23.6   24.8   24.2
47172   20.6   19.6   23.2   20.5   20.0   24.1   24.2   23.6   26.1   23.5   23.0   22.1
47174   19.9   17.6   21.6   20.4   20.1   21.0   21.5   22.6   25.7   22.7   17.3 -850.0
47176 -999.0 -999.0 -999.0 -999.0 -999.0 -999.0 -999.0 -999.0 -999.0 -999.0 -999.0 -999.0
47184   23.6   23.8   22.3   21.2   22.9   25.8   25.5   25.2   24.6   25.0   23.9   22.4
47185   22.7   22.5   22.8   20.9   22.4   24.4   24.5   25.6   25.2   24.9   23.0   22.7
47188   23.3   21.9   23.4   21.3   21.9   24.7   24.0   24.8   25.1   24.7   24.5   22.2
47189   24.0   23.5   23.0   21.8   23.7   25.2   25.4   25.2   25.3   25.8   25.5   24.9
47192   20.7   19.4   22.0   21.0   20.8   23.0   23.7   23.1   21.8   21.9   22.7   22.7
47203   20.0   20.9   20.9   19.0   20.6   21.0   23.0   21.5   22.7   23.5   23.1   23.6
47232   20.6   21.7   22.3   20.0   21.9   22.1   24.4   23.3   22.6   24.2   23.7   24.3
47235   23.3   22.9   22.9   19.7   22.4   20.3   23.6   21.8   24.4   24.1   24.2   24.1
47245   22.2   21.0   23.4   19.8   21.8   23.3   25.0   23.5   24.0   24.6   23.9   24.1
47247   20.8   19.1   21.8   19.3   20.8   21.9   22.2   23.1   23.7   23.7   23.0   21.5
47268   22.5   21.2   22.5   21.5   22.5   25.4   23.9   24.3   24.5   24.2   23.5   21.5
47279   21.6   20.7   22.4   20.1   21.4   21.1   22.9   23.1   22.6   22.7   23.9   24.6
47284   18.2   17.5   21.1   19.4   20.1   21.5   21.0   22.2   21.9   21.1   23.7   21.3
  887   21.4   20.5   22.0   18.3   19.3   19.1   23.0   22.5   21.7   22.9   23.0   24.8
47110   19.8   22.1   21.7   19.3   21.8   21.5   23.2   25.0   23.2   23.2   24.6   27.0
47113   21.3   22.5   22.7   20.6   22.3   21.7   22.6   24.1   23.3   24.4   24.6   25.7
47151   21.1   21.5   20.9   19.6   22.4   21.7   22.3   22.2   22.2   24.4   24.1   22.9
47153   23.9   22.9   22.1   21.5   23.1   22.7   23.8   24.4   23.6   23.4   24.9   23.9
47182   23.3   22.4   21.8   21.6   22.6   24.8   24.2   23.7   24.3   23.7   23.6   23.4
