2014071000+000HOUR     2014071009LST
STNID     6H    30H    54H    78H   102H   126H   150H   174H   198H   222H   246H   270H
STNID 071015 071115 071215 071315 071415 071515 071615 071715 071815 071915 072015 072115LST
47008   27.7   25.6   25.9   27.4   25.8   26.9   26.5   27.5   26.2   24.9   29.0   24.5
47035   32.2   31.3   33.0   31.1   31.2   29.3   29.8   28.0   28.3   31.0   33.2   31.0
47041   32.6   33.2   32.9   33.3   31.1   31.7   31.0   30.4   27.7   30.0   31.8   29.8
47058   29.6   28.6   29.7   32.5   32.1   32.8   33.3   31.1   27.9   28.5   30.4   33.9
47070   28.7   32.0   30.6   32.1   31.8   32.9   30.7   30.2   26.1   25.0   33.4   34.5
47090   29.4   31.5   30.4   29.5   31.4   28.0   28.7   29.1   25.3   28.8   29.4   29.2
47095   29.3   31.7   29.1   30.9   30.9   32.0   32.1   29.4   26.2   28.0   33.6   32.3
47098   30.2   33.0   31.5   33.2   33.2   33.4   32.3   31.2   26.2   28.2   35.0   35.4
47099   31.2   33.7   31.5   32.9   32.9   33.5   32.5   29.4   27.5   27.5   35.2   35.7
47100   24.8   25.4   25.0   25.6   26.2   26.1   25.9   28.1   23.0   25.4   28.7   25.7
47101   30.6   31.7   30.0   32.6   32.6   32.3   31.2   28.5   26.4   27.6   34.9   33.8
47104   28.8   31.2   29.7   29.5   31.6   29.0   28.4   30.5   25.2   28.6   31.6   28.5
47105   29.5   32.3   30.4   30.9   33.2   29.6   30.4   31.3   25.8   28.3   33.8   29.6
47106   29.7   31.7   31.1   31.1   30.4   28.6   29.2   29.8   26.9   29.6   31.3   28.0
47108   28.2   31.6   30.5   32.2   32.1   32.0   31.5   29.1   25.9   27.4   34.5   35.3
47112   27.5   28.1   28.2   30.0   28.6   29.7   29.2   27.3   25.5   26.5   31.5   32.5
47114   30.7   31.2   29.4   31.4   32.1   32.4   31.6   29.8   28.1   30.6   34.7   34.2
47115   26.4   27.6   26.7   26.9   29.6   26.9   28.4   27.5   26.1   27.3   29.7   27.1
47119   28.0   30.9   29.4   32.1   32.0   32.5   30.0   29.3   28.0   29.1   32.3   35.4
47121   31.2   30.6   29.8   31.7   32.3   32.9   28.9   31.5   26.8   31.0   36.9   35.2
47127   31.1   31.6   29.6   31.5   31.2   31.5   29.4   29.6   28.5   30.2   35.8   35.6
47129   26.2   29.7   26.9   30.1   30.0   30.0   29.8   26.6   25.8   28.2   32.4   33.2
47130   27.8   30.2   29.6   27.9   27.7   27.1   28.6   29.2   25.0   28.2   28.3   27.3
47131   29.9   32.8   29.3   32.0   30.9   31.6   27.6   28.2   29.6   29.4   34.5   35.5
47133   30.5   31.0   28.2   31.5   27.2   30.6   27.5   28.5   28.9   29.1   33.5   33.4
47135   30.5   30.2   29.4   29.6   27.8   29.9   26.5   27.9   28.1   28.6   32.5   31.4
47136   34.4   31.8   30.7   31.3   31.3   32.4   28.9   30.8   29.6   31.5   35.5   32.8
47137   31.4   31.6   30.3   31.9   28.6   30.7   27.9   29.2   29.0   29.5   34.0   33.1
47138   32.3   32.6   32.8   30.6   31.5   29.6   27.2   32.5   30.4   31.1   30.4   28.5
47140  -78.6   28.7   26.2   28.6   28.2   29.4   25.8   26.6   28.4   27.6   31.6   33.1
47143   34.1   32.6   31.9   31.1   30.8   32.7   28.3   32.8   31.0   30.8   35.2   33.8
47146   30.7   30.9   29.9   31.5   28.8   31.6   28.6   29.9   30.4   31.7   36.3   35.3
47152   33.4   31.2   31.3   30.7   31.7   30.9   28.2   32.5   31.4   30.3   33.6   32.0
47155   32.8   29.1   30.2   29.6   27.2   30.5   26.7   29.3   28.9   29.6   35.1   33.2
47156   30.7   30.8   30.1   30.0   31.8   32.5   27.6   27.8   28.6   29.4   32.0   32.4
47159   31.4   29.3   27.3   28.5   26.6   29.3   26.0   28.0   27.8   29.6   31.9   31.0
47162   30.6   28.3   25.7   27.3   22.1   28.3   25.3   25.7   26.4   29.3   31.3   30.8
47165   28.4   27.7   26.5   28.3   24.3   31.1 -195.9   25.9   -1.0   26.5   34.3   34.7
47168   30.9   29.3   25.9   26.5   23.2   28.9   24.9   27.1   26.8   28.5   32.0   30.6
47170   28.2   29.1   28.0   30.1   21.6   31.7   27.5   27.1   28.4   36.8   33.7   33.2
47172   28.6   28.7   26.4   28.6   27.5   29.8   26.2   26.8   29.9   28.3   33.6   33.6
47174   31.9   31.5   28.8   29.0   25.5   30.3   26.6   27.7   28.0   27.1   33.3   33.4
47176 -999.0 -999.0 -999.0 -999.0 -999.0 -999.0 -999.0 -999.0 -999.0 -999.0 -999.0 -999.0
47184   26.1   26.3   27.0   26.2   24.3   28.8   28.5   27.5   29.1   31.8   31.2   29.3
47185   22.6   23.5   23.9   23.9   22.8   24.1   25.3   26.0   27.8   28.8   29.6   29.9
47188   26.1   23.3   24.6   25.0   24.6   26.2   27.3   31.2   29.4   31.3   30.0   30.0
47189   28.6   23.5   25.2   26.5   24.6   26.6   27.2   27.7   28.3   31.9   30.8   30.0
47192   33.2   31.4   29.5   29.5   25.4   31.1   27.4   29.4   28.1   31.3   35.2   32.9
47203   28.6   32.5   29.9   32.2   31.4   33.2   30.4   29.2   25.3   29.3   35.6   35.7
47232   29.7   32.3   28.6   31.3   30.7   31.4   28.6   28.5   27.7   28.9   33.6   34.9
47235   27.5   29.6   26.3   28.7   27.3   30.4   25.0   26.1   26.1   26.2   32.7   34.3
47245   29.8   30.4   30.0   30.3   30.3   30.8   27.8   29.2   29.7   31.5   34.1   33.8
47247   30.3   30.9   30.3   29.4   28.9   29.5   27.0   29.2   29.4   28.5   33.1   33.5
47268   25.8   27.6   25.8   28.8   22.1   28.2   25.6   25.3   28.4   28.8   32.8   31.2
47279   31.8   31.3   31.3   31.2   31.1   31.7   28.2   30.3   29.3   29.6   34.4   33.2
47284   30.6   30.6   30.5   29.7   28.6   32.3   27.6   29.8   28.1   28.5   32.4   32.3
  887   29.5   31.6   28.8   31.2   29.4   31.6   26.7   28.1   28.9   27.2   33.2   33.9
47110   30.0   31.1   30.5   32.1   31.0   31.2   30.4   28.8   26.3   28.5   33.5   34.3
47113   27.7   28.3   28.1   29.8   29.1   28.3   28.7   26.9   25.4   27.8   31.6   32.5
47151   33.8   33.1   31.6   30.3   31.9   32.1   27.5   32.1   31.1   30.0   33.1   30.4
47153   32.6   31.1   27.9   29.9   26.7   30.5   26.0   29.3   28.2   29.4   34.4   32.4
47182   25.2   26.0   26.6   24.1   24.5   27.9   29.1   27.1   28.8   29.7   30.1   29.1
