2014071000+000HOUR     2014071009LST
STNID    21H    45H    69H    93H   117H   141H   165H   189H   213H   237H   261H   285H
STNID 071106 071206 071306 071406 071506 071606 071706 071806 071906 072006 072106 072206LST
47008   18.4   18.0   18.2   18.2   19.6   19.5   20.2   20.4   19.8   19.4   20.0   19.6
47035   19.9   19.0   19.0   20.2   21.6   21.1   21.0   22.2   23.6   20.4   23.2   22.0
47041   18.1   17.6   17.0   18.6    3.1   19.6   20.5   20.2   18.6   17.7   20.0   20.6
47058   20.0   19.9   20.7   19.7   21.6   21.8   22.8   22.5   23.2   20.4   22.3   22.0
47070   19.0   19.1   20.6   18.7   20.0   20.5   22.0   21.6   22.0   22.1   22.5   23.4
47090   21.2   22.7   22.5   21.2   22.4   23.7   22.2   24.6   24.5   21.7   21.8   21.9
47095   18.0   18.1   19.2   18.0   19.7   20.2   21.5   22.2   21.7   21.0   21.2   21.7
47098   19.1   19.3   20.4   18.9   18.9   20.6   22.7   22.6   22.7   21.2   21.5   21.9
47099   18.9   19.1   20.7   18.9   19.9   20.0   23.4   22.5   22.9   21.5   21.7   22.4
47100   15.7   17.3   17.1   17.3   16.3   17.6   19.3   18.9   17.8   15.8   16.5   17.7
47101   19.5   20.3   20.2   20.1   21.1   21.4   23.2   22.6   22.8   21.1  -58.7   19.9
47104   22.4   22.1   19.5   21.7   22.0   23.6   22.7   23.7   23.5   20.4   21.2   21.5
47105   25.4   24.4   24.1   22.6   23.4   24.5   22.9   25.4   25.3   23.0   22.1   22.3
47106   21.6   22.4   21.7   21.3   22.3   23.1   23.1   23.3   22.0   20.8   21.1   21.1
47108   22.3   21.5   21.9   21.0   21.2   20.8   24.0   22.5   23.3   23.5   25.5   24.2
47112   20.8   20.7   21.1   20.3   21.0   21.7   22.9   23.5   22.1   22.8   24.0   22.9
47114   20.5   20.6   20.0   20.6   20.0   22.2   23.4   22.3   22.2   23.1    2.1   16.2
47115   22.4   23.1   23.5   22.2   23.6   23.9   22.4   22.6   24.3   22.0   19.7   19.6
47119   20.4   21.0   21.2   21.0   20.8   23.0   23.5   23.6   23.2   23.2   23.1   24.3
47121   18.0   19.7   19.0   19.2   19.5   19.9   21.1   21.1   21.9   21.7   22.2   22.3
47127  -39.1   21.7   19.4   20.0   20.1   23.0   23.7   22.2   22.4   22.5   22.3   22.6
47129   20.2   21.8   20.5   20.1   20.9   22.3   22.6   21.9   22.5   21.1   22.0   22.6
47130   21.8   22.2   18.8   21.4   22.2   22.6   21.4   22.6   21.3   21.4   20.7   21.0
47131   21.9   23.5   22.2   21.0   22.7   23.6   24.5   23.4   23.4   24.2   25.2   24.9
47133   22.4   22.4   22.5   22.4   18.2   24.4   23.3   21.5   20.5   23.0   23.1   23.3
47135   19.4   18.4   19.7   19.9   19.2   21.8   21.7   21.6   21.8   21.9   21.0   21.1
47136   20.5   20.9   21.2   21.2   20.9   23.1   23.5   22.6   22.3   23.8   22.7   22.5
47137   20.8   20.4   21.1   20.7   20.4   22.4   22.3   20.8   21.5   21.7   20.0   20.5
47138   24.3   24.1   23.9   24.6   24.1   25.3   24.3   24.1   25.8   21.8   23.1   24.5
47140   21.6   21.8   21.6   15.3   21.4   23.2   24.0   22.8   22.4   23.3   22.9   23.6
47143   23.6   22.9   23.9   23.4   24.7   23.5   24.3   23.5   24.4   22.8   23.7   24.4
47146   22.7   21.9   23.2   22.3   21.7   23.6   23.9   23.3   23.2   23.8   23.9   24.3
47152   22.4   22.2   23.0   22.8   23.2   23.8   23.6   22.2   23.8   21.9   22.1   22.9
47155   23.4   22.5   23.5   22.6   21.5   23.7   24.4   23.1   22.9   22.3   22.8   23.7
47156   23.1   23.1   23.5   22.4   21.9   24.0   24.1   23.9   22.8   21.6   23.1   23.5
47159   22.7   21.7   23.4   22.2   21.9   23.8   23.8   23.3   23.9   23.5   23.0   23.2
47162   20.7   20.6   22.9   20.8   19.3   22.8   23.6   22.6   22.2   21.5   20.5   21.4
47165   20.9   22.3   22.6   21.5   21.1   24.3   23.6   23.2   23.0   23.8   24.4   24.4
47168   23.0   23.3   23.8   22.4   21.2   24.0   23.9   23.1   24.1   23.1   23.3   24.0
47170   23.7   23.4   23.0   22.7   21.4   24.4   24.0   23.6   24.2   23.8   24.5   25.0
47172   22.1   21.9   21.3   21.8   17.1   24.9   24.2   24.0   24.7   18.0   21.0   20.8
47174   19.5   20.0   21.5   21.2   20.0   21.7   22.1   22.4   28.5   17.5    4.3  -73.9
47176 -999.0 -999.0 -999.0 -999.0 -999.0 -999.0 -999.0 -999.0 -999.0 -999.0 -999.0 -999.0
47184   23.6   24.3   23.1   22.3   22.2   26.1   25.2   24.9   25.1   25.0   24.0   22.0
47185   22.0   23.3   23.0   21.0   21.8   24.1   24.6   25.0   24.3   24.4   22.5   21.9
47188   21.7   22.7   23.6   20.7   21.6   24.3   24.2   24.2   25.1   24.5   22.2   20.5
47189   24.3   23.7   23.3   22.4   23.1   24.9   25.3   25.6   25.9   25.6   24.7   24.7
47192   20.9   20.6   22.6   20.7   20.7   23.4   23.5   22.6   21.9   21.3   22.3   21.0
47203   19.5   20.2   19.6   19.1   19.8   22.2   22.8   22.3   21.7   22.0   21.2   21.0
47232   20.3   22.5   20.4   21.1   20.9   23.7   23.9   22.9   22.4   22.3   21.0   22.7
47235   21.7   22.8   22.4   20.8   21.3   22.5   24.1   21.3   23.8   22.8   23.3   23.1
47245   22.7   22.1   22.6   22.5   21.7   24.2   24.1   23.3   23.1   21.6   23.4   22.9
47247   20.7   19.7   20.7   20.4   20.7   22.7   22.5   23.3   23.3   21.3   21.8   21.2
47268   21.4   22.1   22.5   22.4   22.1   25.2   24.8   24.1   24.5   25.4   23.6   23.5
47279   20.9   19.9   20.4   20.8   20.9   22.6   22.9   22.6   22.2   21.9   22.9   23.4
47284   18.3   17.2   19.5   18.9   19.5   22.1   22.0   21.1   21.4   20.9   21.5   19.7
  887   20.6   20.1   19.7   19.2   18.6   22.7   24.3   22.0   20.4   21.1   23.0   22.2
47110   19.2   20.0   21.3   20.0   20.3   21.7   22.4   22.3   22.7   22.8   23.1   23.5
47113   20.4   20.5   21.0   20.2   20.9   20.8   22.7   22.0   22.9   22.0   21.3   23.4
47151   20.9   20.1   22.5   21.5   21.8   21.9   22.8   20.7   20.6   19.7   18.9   19.7
47153   23.1   22.1   23.2   22.2   21.3   22.7   23.8   22.8   22.1   22.8   20.8   21.2
47182   23.6   23.3   21.5   21.9   20.7   24.8   24.8   23.8   24.0   24.8   20.8   21.4
