2014071000+000HOUR     2014071009LST
STNID     6H    30H    54H    78H   102H   126H   150H   174H   198H   222H   246H   270H
STNID 071015 071115 071215 071315 071415 071515 071615 071715 071815 071915 072015 072115LST
47008   27.9   25.5   25.3   25.7   25.7   26.7   27.3   27.7   26.7   25.9   25.9   22.1
47035   32.1   31.6   29.9   30.8   31.0   29.4   31.0   31.4   30.5   27.6   32.7   35.6
47041   32.5   33.9   32.6   32.9   29.8   31.8   30.1   29.1   29.9   27.6   26.7   24.1
47058   30.6   30.4   31.2   30.1   31.5   33.4   34.1   36.2   32.9   32.4   32.8   28.7
47070   30.2   31.7   25.6   29.8   30.1   32.0   32.4   35.6   34.9   32.9   37.1   24.4
47090   30.4   33.1   28.7   31.9   29.4   27.5   24.9   26.2   27.1   26.2   26.1   26.8
47095   31.4   32.0   27.0   29.3   29.6   31.1   31.2   32.2   32.8   33.4   30.9   26.0
47098   32.9   32.8   27.6   31.4   30.9   32.7   32.9   34.4   34.9   36.2   35.7   25.9
47099   32.9   33.3   27.6   31.8   31.3   32.4   32.1   34.3   35.4   34.9   36.8   26.3
47100   27.1   27.2   25.4   25.7   26.1   26.2   24.5   25.9   24.4   26.9   22.7   23.7
47101   32.5   32.2   28.1   31.0   31.1   31.4   31.9   31.6   32.0   34.0   30.9   26.5
47104   30.0   32.1   29.5   31.5   30.5   29.3   27.2   25.5   26.3   28.9   25.5   29.5
47105   31.2   34.0   30.2   32.9   31.7   30.0   27.2   25.9   27.0   30.1   25.9   32.7
47106   29.3   32.7   29.5   32.1   29.3   28.5   26.0   24.7   27.1   28.9   25.9   26.3
47108   31.8   31.7   27.6   31.4   30.8   32.2   33.7   31.7   32.0   34.9   36.1   26.1
47112   29.8   27.5   26.9   28.6   28.3   29.3   31.0   30.6   30.7   30.8   32.6   24.5
47114   33.1   31.6   30.0   30.7   31.4   32.0   32.7   30.3   31.7   33.5   33.2   32.0
47115   27.0   29.4   25.7   26.6   24.1   27.2   25.5   24.3   25.5   27.8   26.7   25.2
47119   31.6   30.9   29.0   31.9   31.3   32.3   34.4   29.8   31.4   33.9   34.3   27.3
47121   32.8   31.3   30.6   30.6   32.0   31.8   31.3   30.5   31.3   34.7   30.9   31.6
47127   32.6   31.8   30.5   28.7   31.4   32.0   30.4   28.4   31.2   33.5   32.4   30.7
47129   28.1   29.5   28.6   29.2   30.5   30.0   31.1   29.0   29.9   32.2   31.9   27.6
47130   27.5   30.8   29.1   29.4   23.4   27.8   24.4   23.6   25.3   26.0   25.2   23.3
47131   32.1   31.9   31.1   29.4   29.1   30.7   31.3   28.2   29.7   33.6   32.1   28.6
47133   32.1   29.4   30.4   29.2   27.4   29.0   30.1   27.3   29.8   31.6   30.4   28.3
47135   31.4   27.5   29.0   28.5   22.1   28.3   27.6   26.9   26.6   29.9   27.2   28.6
47136   33.8   31.4   30.5   30.1   26.9   31.5   29.0   27.5   30.0   32.4   30.2   32.8
47137   32.6   29.3   29.9   29.5   25.2   28.6   27.4   25.9   28.7   31.4   29.0   29.4
47138   29.9   31.6   32.3   30.7   21.8   26.8   25.6   25.0   26.1   28.2   25.7   28.0
47140   29.1   27.9   27.9   27.2   28.1   28.6   30.3   26.8   30.2   30.6   29.0   28.9
47143   34.4   31.0   31.0   30.1   25.2   29.7   28.3   28.8   29.3   31.6   31.3   32.3
47146   32.6   29.7   30.1   29.0   28.2   30.7   30.1   28.8   32.0   33.3   30.4   30.7
47152   31.4   29.8   28.5   27.5   24.6   27.4   27.8   26.8   27.7   29.2   29.5   30.5
47155   33.3   29.1   27.4   26.3   24.4   26.7   27.8   29.0   29.0   30.4   30.3   30.7
47156   31.8   28.5   29.6   28.1   27.0   29.7   29.4   27.5   30.6   32.9   30.2   33.3
47159   31.1   27.9   26.8   25.9   24.9   27.3   28.0   28.8   28.3   28.1   29.5   30.1
47162   30.5   25.4   26.9   24.8   24.7   25.2   27.2   28.1   27.7   28.6   28.4   29.4
47165   29.0   25.5   28.0   27.5   25.0   27.9 -195.9   27.5   30.2   30.7   30.0   27.7
47168   30.2   26.0   27.4   24.5   25.2   25.8   27.0   27.6   28.1   29.0   27.4   28.3
47170   30.0   25.5   30.8   27.0   26.8   27.8   28.0   28.4   30.4   32.2   28.5   29.1
47172   28.6   26.5   27.1   29.0   26.5   29.9   29.7   28.2   30.6   31.7   30.7   27.3
47174   33.0   28.5   28.8   25.0   25.3   26.4   28.5   27.8   29.9   30.2   30.4   29.9
47176 -999.0 -999.0 -999.0 -999.0 -999.0 -999.0 -999.0 -999.0 -999.0 -999.0 -999.0 -999.0
47184   28.1   25.5   29.2   24.7   29.4   26.7   27.7   28.7   30.2   31.1   27.5   28.2
47185   24.5   25.7   28.1   27.2   27.0   25.2   28.6   29.0   29.8   29.4   31.2   26.5
47188   28.1   27.1   30.0   24.9   27.8   26.3   28.8   30.2   29.7   31.7   28.7   27.2
47189   30.9   26.6   29.9   26.3   27.8   27.4   27.9   29.5   30.5   31.4   27.9   27.9
47192   33.7   29.3   27.0   26.9   24.9   26.7   27.7   28.3   29.6   31.5   29.4   32.3
47203   33.5   32.5   29.9   30.3   31.1   32.3   33.2   28.7   31.1   33.7   33.0   28.3
47232   30.1   31.5   30.6   29.8   29.4   31.0   32.0   29.5   30.2   32.4   31.8   28.2
47235   29.0   27.7   28.5   28.0   30.4   30.1   32.9   27.6   29.6   31.8   29.4   27.2
47245   31.2   29.2   29.9   29.8   26.4   30.4   30.1   29.3   31.9   32.2   30.6   30.0
47247   31.7   28.7   28.5   27.1   25.5   28.1   28.1   27.4   29.9   31.0   31.6   30.2
47268   27.3   24.7   27.9   27.0   25.1   27.1   27.8   27.6   29.1   30.1   29.5   28.7
47279   32.9   29.2   29.9   28.0   25.7   29.6   28.0   27.6   28.3   31.4   30.4   31.4
47284   32.3   29.0   27.4   27.8   24.1   28.5   26.8   26.1   27.2   30.4   29.1   30.5
  887   30.7   30.2   30.6   28.3   26.1   29.0   29.1   26.1   28.8   31.6   30.0   25.4
47110   31.7   30.5   28.4   31.1   30.3   31.2   31.9   31.8   31.4   33.5   34.3   26.2
47113   29.5   28.2   27.4   28.7   28.6   28.8   31.2   29.8   30.0   30.5   31.7   25.6
47151   31.8   31.3   28.5   28.2   25.2   29.0   27.4   27.6   26.6   28.1   27.9   26.7
47153   32.5   28.8   26.3   25.9   24.9   26.7   26.9   27.8   27.5   29.9   30.4   27.9
47182   26.2   25.0   28.7   23.9   29.0   26.1   28.7   26.7   28.2   29.0   25.8   27.7
