2014071000+000HOUR     2014071009LST
STNID     6H    30H    54H    78H   102H   126H   150H   174H   198H   222H   246H   270H
STNID 071015 071115 071215 071315 071415 071515 071615 071715 071815 071915 072015 072115LST
47008   26.1   25.6   26.1   25.0   25.0   25.9   26.5   25.1   26.8   27.2   24.3   23.3
47035   32.8   32.6   29.9   30.2   30.9   30.2   28.2   27.8   28.5   30.7   29.7   30.3
47041   32.1   34.1   32.8   31.4   29.9   31.2   28.4   29.3   30.9   29.3   25.4   27.2
47058   32.0   30.3   30.6   29.9   32.2   33.2   34.2   32.0   30.1   32.5   33.6   30.9
47070   31.8   31.2   29.3   29.4   32.0   33.8   34.2   29.8   32.5   36.9   35.8   33.1
47090   29.0   33.4   32.0   30.5   26.0   27.3   28.2   28.5   28.3   27.7   26.5   25.4
47095   32.0   31.4   29.2   29.6   30.5   32.1   33.3   29.7   32.9   35.1   31.2   29.8
47098   34.6   32.2   30.7   31.1   33.0   33.9   33.8   31.8   35.5   38.5   36.4   34.9
47099   34.3   32.1   31.0   31.3   32.7   34.0   34.3   30.5   34.1   38.6   37.1   34.2
47100   24.8   28.0   26.1   25.4   24.4   24.8   26.0   28.7   26.5   27.6   23.7   21.4
47101   32.7   31.8   30.5   31.0   31.3   31.7   31.9   29.5   33.1   34.8   32.4   29.2
47104   27.8   33.1   31.1   31.2   27.8   28.1   29.0   30.0   30.3   30.6   26.2   25.7
47105   28.5   34.4   31.9   32.1   29.0   28.9   30.0   30.6   31.1   31.3   26.8   24.4
47106   27.7   32.5   31.2   32.4   27.9   27.1   29.1   28.6   29.4   29.9   26.9   25.2
47108   34.2   31.2   29.2   30.1   32.1   33.7   33.2   30.6   34.1   35.9   36.5   35.2
47112   30.7   27.5   25.8   27.6   29.4   31.4   29.7   28.3   29.9   31.2   32.8   31.5
47114   32.6   32.1   31.1   30.9   31.3   32.6   31.7   31.0   33.2   33.8   34.0   32.0
47115   26.3   27.6   27.5   27.9   23.5   26.1   27.5   28.0   29.9   31.3   24.9   23.9
47119   32.9   30.9   29.2   30.6   31.8   33.6   31.3   30.2   33.3   34.8   35.8   33.9
47121   32.5   31.7   31.5   30.6   27.7   32.0   31.1   31.0   31.3   33.7   33.4   31.8
47127   32.8   32.6   30.9   29.1   27.4   31.5   31.2   30.0   32.0   36.4   34.2   34.0
47129   29.6   29.7   27.6   28.4   30.7   30.4   30.9   27.3   31.2   32.0   33.8   32.9
47130   27.6   31.4   29.3   29.3   24.7   26.4   29.0   28.4   27.3   27.2   25.9   25.4
47131   32.7   33.3   31.3   29.8   29.0   31.8   31.0   29.6   33.6   35.1   34.5   33.1
47133   31.8   31.0   30.5   29.0   29.5   30.7   30.6   28.8   32.3   33.3   33.1   31.6
47135   30.5   30.5   29.7   28.0   23.8   29.2   28.3   28.0   30.9   32.7   29.8   30.3
47136   31.9   32.9   30.7   30.1   27.1   30.7   30.3   30.7   32.3   34.0   32.0   31.4
47137   31.9   32.1   31.4   29.6   27.0   29.6   30.1   29.8   32.4   34.4   31.7   31.7
47138   30.1   33.9   32.4   32.3   23.8   27.9   30.0   31.2   31.3   32.4   28.0   26.7
47140   -8.6   29.3   28.4   27.7   28.1   29.7   28.3   27.6   31.7   31.7   32.4   31.5
47143   32.9   33.1   30.1   31.6   27.4   30.8   30.5   31.8   34.0   34.8   32.2   30.7
47146   31.9   31.5   29.8   29.4   29.9   30.7   29.5   29.3   34.0   35.9   34.6   33.9
47152   30.2   32.1   28.8   29.8   25.4   27.6   28.8   30.7   30.6   33.4   30.8   29.1
47155   32.3   30.2   28.4   25.6   24.8   27.5   25.1   29.5   31.6   33.5   30.3   29.4
47156   32.1   30.2   29.5   28.2   29.7   30.9   30.1   29.7   32.3   32.4   32.1   32.3
47159   30.0   28.4   27.0   25.3   25.3   27.8   25.2   29.4   31.1   32.2   29.6   28.0
47162   30.4   27.5   25.8   24.3   24.2   26.5   25.1   28.1   29.6   31.5   29.5   28.4
47165   29.2   27.6   28.0   25.2   26.5   28.6 -195.9   27.8   23.3   32.9   31.5   28.7
47168   30.7   28.3   26.0   23.5   25.3   26.4   25.7   28.5   29.7   32.2   29.3   29.3
47170   29.7   29.9   29.2   24.9   26.9   31.4   27.2   29.8   32.9   34.1   32.4   30.6
47172   29.2   29.6   28.9   27.2   28.4   30.3   29.3   30.5   32.8   32.4   31.9   31.2
47174   32.4   31.2   29.4   25.0   26.9   27.8   26.0   29.1   31.4   33.3   30.7   32.2
47176 -999.0 -999.0 -999.0 -999.0 -999.0 -999.0 -999.0 -999.0 -999.0 -999.0 -999.0 -999.0
47184   27.4   27.1   27.4   23.7   27.1   24.6   28.5   28.2   31.2   32.6   30.5   27.4
47185   23.8   24.2   26.9   26.6   25.2   25.6   26.7   29.6   29.5   29.5   29.4   28.2
47188   27.5   27.6   27.7   24.5   25.8   26.6   28.9   29.7   31.5   32.9   31.8   28.0
47189   30.0   26.4   27.4   25.0   25.8   27.1   27.5   29.9   30.8   33.2   32.2   29.2
47192   33.4   30.8   29.3   26.3   25.8   28.2   26.8   29.8   31.8   33.5   32.6   30.3
47203   34.5   33.1   31.0   29.9   30.2   33.1   32.0   30.8   34.9   37.2   34.6   33.9
47232   30.9   32.8   30.5   29.7   30.7   31.7   31.7   28.7   34.1   34.7   33.8   32.5
47235   29.5   29.1   27.1   26.9   31.8   30.4   27.9   26.7   30.7   33.6   33.3   32.2
47245   31.2   31.1   30.0   30.5   29.5   29.6   28.4   29.7   33.6   34.2   32.7   33.3
47247   31.4   30.6   30.3   27.7   27.6   28.9   29.1   29.2   31.9   32.6   31.1   32.0
47268   26.9   28.5   27.8   24.4   25.3   27.2   26.7   28.4   31.1   31.7   33.2   30.7
47279   31.9   32.1   31.3   29.7   25.8   30.6   30.3   30.7   32.7   34.6   32.1   30.8
47284   31.8   31.1   30.3   28.1   24.8   30.0   27.6   28.6   31.0   32.2   31.1   30.7
  887   31.2   31.7   29.2   28.3   29.5   30.8   30.8   30.3   33.3   33.5   33.4   31.1
47110   33.6   30.4   29.1   30.1   31.3   32.6   32.2   29.6   33.4   34.8   35.9   34.0
47113   30.1   28.0   26.4   27.6   29.3   30.1   29.5   27.7   30.6   32.5   32.1   31.7
47151   31.1   32.8   29.1   30.1   26.1   28.9   27.7   31.3   31.4   33.6   29.8   27.9
47153   31.0   29.4   27.1   26.2   25.1   27.4   25.3   28.9   31.2   33.2   30.0   28.1
47182   26.2   26.8   26.9   22.9   26.8   24.8   28.1   27.8   28.8   30.3   28.4   25.1
