2014071000+000HOUR     2014071009LST
STNID    21H    45H    69H    93H   117H   141H   165H   189H   213H   237H   261H   285H
STNID 071106 071206 071306 071406 071506 071606 071706 071806 071906 072006 072106 072206LST
47008   18.1   17.9   18.0   17.9   19.4   18.1   19.3   20.3   20.4   20.5   21.2   19.2
47035   19.2   20.3   19.7   19.6   20.2   20.1   21.3   22.3   21.7   23.7   22.4   22.1
47041   18.3   18.4   18.1   17.6   16.9   18.2   20.4   21.0   17.4   22.0   -1.4   20.9
47058   20.5   20.2   20.6   20.3   21.3   22.3   22.4   22.4   23.2   22.8   23.7   23.0
47070   19.2   20.2   20.5   21.2   20.7   21.8   22.2   22.2   24.2   25.4   23.4   22.1
47090   21.5   23.2   22.9   22.4   22.8   23.8   22.9   23.5   22.1   25.4   24.6   23.1
47095   18.6   18.8   19.7   20.1   20.2   20.6   19.6   20.5   21.0   22.9   22.4   23.3
47098   19.5   20.6   19.9   21.2   20.0   21.5   21.8   21.4   23.3   24.8   23.6   22.7
47099   18.9   20.4   20.6   22.0   20.9   21.0   22.2   21.6   23.1   24.9   23.6   23.1
47100   16.0   17.7   18.5   17.2   16.9   17.3   17.5   18.2   18.2   18.3   19.0   19.8
47101   19.6   20.9   20.2   21.9   21.4   21.5   22.0   22.2   23.0 -341.6 -261.6   22.5
47104   22.7   23.0   20.5   22.2   21.7   23.7   23.6   24.8   24.9   26.1   24.7   24.2
47105   25.7   25.5   25.5   23.2   24.3   24.8   23.6   26.4   26.1   26.9   27.8   26.1
47106   21.4   23.0   22.9   22.0   22.9   23.4   22.7   23.2   23.6   24.4   24.9   24.0
47108   23.1   22.5   22.2   22.7   22.5   23.0   24.0   25.1   25.8   27.5   26.8   24.9
47112   21.2   21.3   22.4   22.1   21.9   23.0   23.6   21.4   22.0   24.4   24.0   23.8
47114   21.2   20.6   21.9   21.2   20.4   22.5   22.5   22.8   26.4    9.4  -39.0   22.6
47115   22.6   24.4   23.4   22.3   23.7   22.8   23.3   23.3   25.1   25.3   25.6   25.8
47119   21.0   20.7   22.2   22.4   22.1   22.7   23.1   23.2   23.8   26.3   24.4   24.1
47121   19.4   19.5   20.7   20.2   19.7   19.4   20.5   20.6   22.6   23.5   24.1   22.6
47127  -39.1   19.6   22.0   22.2   20.9   21.3   22.3   21.5   22.2   22.9   22.4   23.2
47129   20.5   19.4   21.9   21.5   21.3   22.0   22.0   21.7   22.9   23.4   23.0   22.5
47130   21.2   21.9   21.0   20.9   22.3   22.3   21.6   23.1   18.0   24.8   24.3   23.9
47131   22.9   21.6   23.1   22.1   23.4   23.4   23.9   23.8   24.9   26.5   26.0   24.9
47133   23.2   21.0   22.9   22.7   19.5   26.7   20.9   24.7   30.3   24.6   24.0   24.4
47135   20.5   18.0   20.7   21.1   20.6   21.3   22.2   21.8   22.8   23.4   23.1   22.4
47136   21.9   20.6   22.6   21.7   21.9   23.1   23.2   22.7   24.6   26.3   23.9   23.8
47137   21.7   20.0   21.8   21.4   21.7   23.1   22.7   23.1  -88.8   24.8   23.3   22.5
47138   24.6   24.4   24.5   22.5   24.2   23.7   24.7   25.3   26.1   24.5   26.9   27.0
47140   21.0   21.8   22.9   20.0   21.7   23.3   22.7   22.3   25.7   24.1   23.5   24.0
47143   24.7   22.8   24.0   22.3   24.3   24.4   25.0   25.0   26.7   26.5   27.7   26.8
47146   22.9   20.7   23.6   21.7   21.8   24.1   22.5   22.5   24.9   24.9   24.6   24.5
47152   23.9   22.1   23.0   21.2   23.3   21.9   23.1   23.3   24.9   25.0   26.0   25.6
47155   24.6   22.1   23.1   21.9   22.5   23.0   23.8   24.1   24.6   25.8   24.6   25.3
47156   23.3   21.9   23.7   21.1   22.3   23.7   24.4   24.3   23.9   23.3   24.5   25.6
47159   24.4   22.6   22.7   21.2   23.2   23.0   23.3   24.2   25.7   25.6   25.4   25.0
47162   22.1   20.1   22.3   21.3   20.8   22.4   22.3   22.7   22.6   22.4   22.8   22.8
47165   21.6   21.8   22.5   20.6   21.7   22.7   24.2   24.1   23.7   22.8   23.5   23.8
47168   24.1   21.7   23.5   21.7   22.2   23.2   23.1   23.9   24.8   25.2   24.7   23.4
47170   23.5   22.8   22.9   21.2   21.3   23.0   23.6   24.1   25.0   24.9   24.6   24.3
47172   20.6   21.3   24.1   22.9   22.3   22.0   24.2   21.4  -54.2   19.1   20.3   23.5
47174   20.2   19.3   22.3   19.9   20.3   21.0   22.5   22.1 -155.7   23.1   36.0 -391.4
47176 -999.0 -999.0 -999.0 -999.0 -999.0 -999.0 -999.0 -999.0 -999.0 -999.0 -999.0 -999.0
47184   23.5   24.4   22.5   21.5   22.0   23.6   24.4   24.8   23.6   25.1   24.8   23.9
47185   23.0   23.3   22.6   22.2   21.4   23.5   24.0   25.2   23.4   23.6   24.6   22.9
47188   23.0   22.6   23.6   22.5   21.7   23.4   23.7   24.0   23.7   22.9   23.6   22.6
47189   23.9   24.0   23.2   22.7   23.0   24.5   24.6   25.5   25.4   25.4   25.3   24.9
47192   20.9   19.8   22.9   20.6   21.3   21.5   22.7   22.9   22.5   23.1   23.0   21.7
47203   19.7   19.0   21.4   21.1   20.9   21.2   22.0   21.7   21.4   23.1   22.5   22.9
47232   20.3   18.8   22.6   21.9   21.8   22.0   23.0   22.1   23.1   22.9   22.6   23.2
47235   21.5   20.5   23.0   22.7   21.7   23.1   23.1   22.9   23.7   23.7   23.5   23.1
47245   22.3   20.8   23.9   21.5   22.6   22.5   22.7   21.6   22.0   22.3   22.5   24.0
47247   21.4   19.1   22.1   20.0   20.9   22.3   23.4   21.0   20.9   23.7   22.1   22.1
47268   22.3   21.4   22.7   21.7   21.6   23.3   23.9   24.8   21.9   22.1   23.1   23.9
47279   22.1   19.9   22.0   21.7   21.8   22.6   22.8   23.4   23.2   24.9   24.0   24.5
47284   18.7   16.7   21.3   19.9   20.2   20.2   22.2   21.2   19.7   23.0   20.4   20.0
  887   21.1   19.1   22.2   21.3   20.2   20.6   20.4   19.1   20.2   23.6   23.4   23.3
47110   19.9   20.2   21.9   22.5   21.5   22.0   23.6   19.6   23.8   26.3   24.6   23.5
47113   20.3   21.2   21.9   23.2   21.8   22.0   22.5   22.2   25.0   25.5   24.1   22.5
47151   22.1   19.6   22.6   20.4   22.3   20.9   22.2   22.4   22.0   20.6   21.4   23.2
47153   24.2   22.5   23.0   21.5   22.5   23.1   23.6   24.5   23.8   22.8   23.4   24.1
47182   23.3   22.9   21.8   22.7   20.9   22.3   23.7   23.9   27.5   25.9   24.6   24.3
