2014071000+000HOUR     2014071009LST
STNID    21H    45H    69H    93H   117H   141H   165H   189H   213H   237H   261H   285H
STNID 071106 071206 071306 071406 071506 071606 071706 071806 071906 072006 072106 072206LST
47008   18.8   18.9   18.0   18.2   19.9   18.6   19.1   19.3   18.5   19.3   19.2   19.8
47035   19.2   19.8   19.1   20.5   20.9   20.5   21.2   21.5   21.4   22.3   19.8   22.3
47041   18.2   18.2   16.7   17.1  -23.9   19.1   15.8   18.6   17.8   18.0   17.8   18.4
47058   20.5   20.2   20.6   20.0   21.0   21.9   21.0   23.0   22.6   22.0   21.0   22.9
47070   19.8   20.4   21.4   19.1   20.4   21.0   20.0   21.5   20.4   21.9   20.4   20.9
47090   20.8   23.8   23.7   22.1   22.8   23.9   24.0   21.4   21.7   21.8   20.8   20.4
47095   18.7   18.6   19.9   18.2   19.4   20.3   21.1   21.5   22.3   20.1   21.0   20.2
47098   19.7   20.4   21.5   19.0   19.0   20.6   19.4   22.3   22.3   21.4   21.3   21.0
47099   19.6   20.6   22.3   19.7   20.2   20.6   21.5   23.4   22.9   21.9   21.8   21.8
47100   16.7   18.2   18.2   16.8   15.6   17.6   18.2   20.5   20.4   16.7   17.1   16.0
47101   20.0   20.4   21.2   19.8   20.3   22.0   21.5   22.4   22.7   22.5   15.5   15.8
47104   21.9   23.1   20.4   22.1   22.3   23.6   22.9   22.5   22.1   20.4   20.5   20.8
47105   25.2   25.7   25.9   23.4   23.1   25.8   24.1   23.4   24.2   21.4   21.1   21.2
47106   20.9   22.6   23.5   22.7   23.2   23.6   22.2   23.1   21.9   20.3   19.6   19.4
47108   23.5   22.3   22.9   22.0   21.3   22.6   19.8   23.6   22.5   22.7   24.4   23.1
47112   21.5   21.1   22.2   20.8   21.0   22.1   21.9   22.7   22.4   22.5   23.6   22.9
47114   21.5   20.3   21.3   19.4   21.1   22.6   21.1   23.1   22.5   22.3   20.7   20.7
47115   23.6   23.9   23.7   22.7   23.9   22.5   24.1   22.1   22.6   19.5   19.3   19.6
47119   20.5   21.2   23.3   21.2   21.3   22.0   22.0   23.4   22.6   22.1   23.8   24.0
47121   20.4   19.3   20.7   18.8   20.6   19.8   20.6   23.1   22.6   20.4   20.6   20.3
47127  -39.1   19.5   22.3   21.5   21.4   21.7   20.9   22.7   23.8   22.0   23.6   23.8
47129   20.5   20.7   22.2   21.3   21.5   21.6   21.6   23.3   22.6   21.6   21.7   21.9
47130   23.5   23.0   23.5   22.9   22.5   22.4   21.7   22.5   22.7   20.2   20.1   20.5
47131   23.0   22.2   24.2   21.7   23.5   23.3   23.0   24.8   24.2   22.7   23.0   22.8
47133   23.6   21.2   23.5   23.1   21.9   27.4   16.1   24.2   22.6   21.9   21.8   21.7
47135   20.4   18.0   21.6   21.2   21.1   20.9   21.2   21.3   22.2   20.2   20.3   20.2
47136   21.8   20.8   23.5   22.4   22.5   21.6   22.2   22.9   23.7   22.0   21.7   21.4
47137   21.7   20.5   22.8   22.0   21.8   20.7   21.2   22.0   22.7   18.6   19.9   19.3
47138   25.5   24.6   25.7   24.5   23.7   24.8   23.6   25.1   25.1   22.4   21.4   21.5
47140   21.3   21.3   22.2   19.5   21.7   22.3   22.6   24.0   22.3   22.3   22.8   22.4
47143   24.9   23.4   24.9   23.3   23.9   24.2   23.3   25.5   24.4   22.6   22.2   22.2
47146   22.4   21.2   23.7   22.8   22.7   23.0   20.8   24.5   24.1   23.7   21.8   21.4
47152   24.4   22.6   24.3   20.7   22.8   22.6   22.5   24.5   23.8   21.7   20.8   20.8
47155   24.3   22.7   23.9   21.6   23.3   23.3   23.8   24.8   24.1   22.3   20.9   20.8
47156   22.4   22.2   22.9   21.8   23.0   23.0   23.5   24.6   24.1   24.2   23.9   22.7
47159   24.3   21.8   22.7   22.0   22.7   23.3   23.4   24.1   23.5   23.0   22.2   22.5
47162   22.1   21.0   22.4   20.9   23.0   22.3   22.6   23.8   23.5   21.6   20.3   21.0
47165   20.6   21.7   22.1   21.7   22.0   22.1   23.1   24.9   23.5   22.2   21.5   21.7
47168   23.2   22.0   23.7   21.7   23.4   22.9   23.3   23.7   24.0   23.6   22.4   22.6
47170   22.2   22.0   22.5   21.4   23.2   22.6   23.9   24.8   24.0   23.1   21.9   22.0
47172   19.6   21.4   21.3   21.6   22.8   22.2   22.9   24.7   25.2   23.5   22.6   19.6
47174   19.0   20.1   21.7   20.6   21.3   22.0   22.3   23.0   22.7   19.6    7.5   -8.3
47176 -999.0 -999.0 -999.0 -999.0 -999.0 -999.0 -999.0 -999.0 -999.0 -999.0 -999.0 -999.0
47184   22.0   23.3   22.9   20.7   24.3   24.6   25.2   26.4   26.0   25.9   23.7   23.5
47185   19.8   22.2   22.1   20.7   23.3   23.7   24.0   24.4   24.7   25.0   23.6   23.1
47188   20.9   21.9   22.5   20.0   23.0   22.6   23.3   24.5   24.6   25.3   23.5   24.7
47189   23.1   23.1   22.8   21.1   23.6   23.5   25.2   25.8   24.8   24.9   24.9   24.7
47192   20.8   21.5   22.3   20.8   22.4   21.8   23.0   23.6   24.0   21.6   21.4   21.8
47203   20.4   19.5   21.6   20.0   20.6   20.3   21.3   21.8   21.4   20.7   20.2   19.7
47232   21.0   20.0   22.9   22.4   22.0   21.2   22.7   25.0   23.6   21.7   22.0   21.0
47235   21.4   21.4   22.6   21.9   21.8   19.9   22.5   23.7   23.6   22.4   22.3   22.4
47245   21.3   21.4   23.1   22.2   22.4   22.1   23.2   25.5   24.2   23.1   23.0   21.7
47247   20.7   20.2   21.5   20.8   22.0   21.8   22.0   22.3   23.4   22.3   22.4   21.1
47268   21.3   21.7   22.2   21.6   22.8   22.7   24.2   25.4   24.5   23.6   22.6   22.6
47279   22.1   20.4   22.3   22.1   22.4   21.9   22.5   23.1   23.5   21.8   21.9   21.7
47284   18.6   18.0   21.4   20.1   21.5   20.4   21.6   21.4   22.3   19.7   20.2   21.1
  887   21.8   19.6   22.1   21.4   20.6   21.1   18.2   23.6   21.2   20.0   18.1   17.2
47110   19.6   21.0   23.2   20.5   20.7   21.1   20.0   23.2   22.2   20.7   23.5   23.0
47113   20.3   20.9   22.5   20.8   20.5   21.4   20.2   22.4   21.3   21.9   22.4   22.4
47151   23.1   20.6   23.5   19.9   21.9   20.8   21.5   22.8   22.2   20.2   18.8   19.3
47153   23.7   22.5   23.5   21.4   22.5   22.4   22.6   23.7   23.1   21.7   21.6   20.9
47182   21.8   22.4   22.6   21.5   23.4   22.5   24.4   24.9   24.6   24.0   21.2   20.9
