2014071000+000HOUR     2014071009LST
STNID    21H    45H    69H    93H   117H   141H   165H   189H   213H   237H   261H   285H
STNID 071106 071206 071306 071406 071506 071606 071706 071806 071906 072006 072106 072206LST
47008   16.2   17.7   18.0   18.1   19.6   19.3   19.5   19.3   19.7   19.4   21.0   19.7
47035   19.6   20.2   19.6   20.8   20.6   20.9   20.6   21.3   22.4   23.9   25.5   23.4
47041   18.3   17.9   16.4   16.8   -5.8   18.9    7.9   21.5   21.4   20.1   22.1   20.7
47058   19.9   22.1   20.7   20.0   21.1   23.3   22.5   23.2   22.3   23.1   24.2   23.8
47070   18.9   22.2   21.1   19.9   21.2   21.2   21.1   21.1   20.9   22.5   21.9   24.2
47090   21.3   24.8   22.6   21.2   22.9   22.9   23.1   23.5   21.8   21.7   24.5   24.5
47095   17.1   20.9   20.3   18.0   19.4   21.3   21.5   22.8   20.5   19.3   22.2   20.4
47098   18.3   22.2   20.2   19.7   20.4   21.4   22.1   22.7   21.3   21.9   22.3   23.7
47099   18.2   23.0   21.0   20.8   21.7   22.0   22.4   22.5   22.1   22.5   22.6   24.0
47100   15.7   19.9   17.8   19.1   18.1   17.1   17.5   17.1   16.4   14.5   15.9   18.5
47101   18.8   21.7   21.2   20.5   21.5   22.1   21.4   22.4   22.1  -52.2   38.5 -818.7
47104   22.4   23.5   20.2   22.3   22.0   22.4   22.3   23.8   21.4   21.8   24.9   24.3
47105   25.2   26.1   23.8   24.3   24.0   24.0   24.4   25.5   22.6   22.7   25.8   25.1
47106   21.7   23.9   22.6   21.6   22.5   23.1   22.8   23.2   20.3   21.0   24.0   24.6
47108   23.2   23.8   21.8   22.0   22.7   22.3   24.3   23.0   24.3   27.1   25.5   26.6
47112   21.3   23.2   21.2   22.1   22.4   22.8   23.4   24.6   22.3   26.3   24.1   24.8
47114   20.4   21.7   21.1   20.0   21.1   21.2   21.6   22.6   22.8   19.1    6.1 -136.2
47115   21.9   23.7   21.9   22.8   23.4   23.9   23.1   23.3   21.7   19.5   24.3   25.8
47119   20.6   23.3   21.7   21.7   21.7   22.6   22.7   24.4   22.4   24.0   24.5   25.7
47121   19.2   20.5   20.4   18.5   19.4   19.4   20.8   20.5   21.5   22.0   22.6   22.5
47127  -39.1   21.8   21.4   20.1   21.2   22.2   22.2   22.4   22.6   22.0   21.6   22.6
47129   20.1   22.8   20.1   21.3   20.8   21.6   21.3   22.4   22.3   22.8   23.0   24.2
47130   20.3   23.7   21.6   21.1   22.3   21.9   22.4   23.1   20.6   21.0   23.4   23.3
47131   21.4   23.4   21.8   21.3   22.7   23.1   22.1   23.8   23.4   24.5   24.2   24.2
47133   21.2   22.9   21.3   22.3   20.5   18.8   19.7   21.8   20.4   23.7   23.5   23.7
47135   19.1   19.3   19.2   19.1   20.2   21.0   20.9   21.1   21.7   20.4   21.8   22.6
47136   20.8   22.1   21.3   22.0   21.7   22.1   21.8   22.2   22.6   23.8   25.4   25.0
47137   20.3   21.5   20.8   21.2   21.4   21.1   21.6   20.5   22.3   18.7   22.6   23.2
47138   24.5   25.3   20.7   24.6   23.3   24.4   24.1   25.0   24.1   23.4   24.1   23.4
47140   20.0   22.4   21.3   19.0   21.5   22.2   22.3   22.8   20.4   23.2   24.1   24.4
47143   23.7   24.2   20.5   24.2   24.1   24.2   23.7   23.5   23.3   23.7   24.9   25.1
47146   21.3   22.6   20.4   22.5   21.5   22.6   20.1   22.7   23.0   22.3   23.4   24.9
47152   23.5   23.8   17.9   23.6   22.7   23.0   23.0   22.7   23.1   22.5   23.5   24.2
47155   23.8   23.3   22.2   23.3   22.1   22.7   22.4   22.6   22.9   23.2   23.6   23.4
47156   22.4   23.0   20.1   22.4   22.4   23.3   22.8   23.9   23.3   24.3   24.8   23.8
47159   23.7   23.0   21.2   22.9   22.7   22.6   22.5   23.4   24.0   23.7   23.8   24.2
47162   21.9   20.4   21.7   21.6   20.6   21.7   21.6   22.2   23.7   22.8   21.8   22.9
47165   21.1   21.8   20.0   22.6   21.7   22.9   22.9   23.7   21.9   22.4   22.6   24.0
47168   23.3   21.2   22.3   22.6   22.1   23.7   22.6   23.9   22.6   24.2   23.9   23.9
47170   23.0   22.5   22.6   23.6   21.6   23.3   22.6   23.3   22.2   22.3   22.9   24.0
47172   19.7   21.3   20.0   22.3   20.2   23.9   23.5   25.1   23.3   22.7   22.5   24.5
47174   18.9   19.6   20.0   21.4   19.9   21.1   20.7   22.0   31.7   27.5   23.6 -871.2
47176 -999.0 -999.0 -999.0 -999.0 -999.0 -999.0 -999.0 -999.0 -999.0 -999.0 -999.0 -999.0
47184   23.3   23.3   25.1   22.1   21.0   24.4   24.0   24.7   24.3   24.4   23.8   23.7
47185   22.0   22.5   23.7   21.4   19.9   23.4   24.2   24.3   24.2   24.4   23.9   23.2
47188   22.6   21.9   23.9   21.4   20.9   23.9   23.4   23.2   23.3   23.5   23.9   24.6
47189   23.3   23.3   24.3   22.3   21.8   24.2   24.0   24.9   23.0   24.2   25.4   26.1
47192   20.2   20.9   21.1   21.0   21.2   22.5   22.1   22.1   22.0   22.3   21.0   22.1
47203   18.5   22.0   20.6   20.4   21.0   21.3   20.3   22.0   21.4   19.9   21.8   21.9
47232   18.5   22.7   20.9   21.2   22.2   22.6   22.8   22.8   22.5   21.2   22.3   23.6
47235   20.4   23.1   20.4   21.7   21.5   20.9   22.3   20.8   24.1   23.0   22.9   24.3
47245   21.0   22.2   21.0   22.4   21.7   24.0   22.3   24.2   22.3   23.3   23.5   23.8
47247   20.1   20.4   20.0   20.8   20.6   22.1   21.9   22.8   23.1   23.0   23.1   20.1
47268   20.9   21.0   21.8   22.4   21.9   23.3   23.7   24.0   22.9   23.3   23.5   23.8
47279   20.7   21.5   20.9   21.3   21.4   22.6   21.6   22.6   22.5   21.6   22.6   24.8
47284   17.4   18.6   20.2   19.5   19.6   22.2   20.1   21.1   21.7   22.6   21.9   20.9
  887   19.0   20.7   19.9   18.9   20.7   20.7   21.7   21.6   21.2   21.9   21.9   20.5
47110   19.5   23.2   21.6   21.6   22.1   21.8   22.5   23.7   23.7   23.6   24.8   26.1
47113   20.9   23.1   22.3   23.4   22.6   22.3   23.3   24.1   22.7   24.1   23.4   25.8
47151   20.8   21.6   18.7   22.9   21.6   21.1   20.5   20.6   21.5   20.3   22.2   23.3
47153   23.3   23.3   21.2   23.6   21.7   22.0   22.1   23.0   22.3   21.9   21.6   24.4
47182   23.1   22.3   24.4   22.2   19.7   22.8   23.0   23.6   23.8   22.0   22.7   22.8
