2014071000+000HOUR     2014071009LST
STNID    21H    45H    69H    93H   117H   141H   165H   189H   213H   237H   261H   285H
STNID 071106 071206 071306 071406 071506 071606 071706 071806 071906 072006 072106 072206LST
47008   17.4   18.1   18.6   17.6   18.1   17.7   19.2   19.9   19.9   20.1   18.1   17.4
47035   19.8   19.9   18.8   19.7   20.0   19.9   21.1   21.8   23.1   24.5   21.8   20.5
47041   17.8   18.6   16.8   18.1   17.7   18.2   18.4   21.6   21.2   20.4   19.4   18.7
47058   20.1   21.3   20.3   19.4   21.2   21.4   23.1   23.3   23.7   22.8   21.8   20.8
47070   18.7   21.4   20.5   21.1   21.1   21.8   21.5   20.7   22.9   24.7   22.7   21.3
47090   21.5   24.5   23.3   22.1   21.2   23.3   22.9   23.0   21.5   22.2   19.6   20.1
47095   17.8   20.0   19.4   20.2   20.2   19.7   20.9   21.2   22.2   22.6   21.4   19.4
47098   18.8   21.6   20.3   20.6   20.7   21.8   22.5   22.3   22.7   23.8   21.8   20.6
47099   18.3   22.2   20.8   21.5   21.3   21.0   23.2   21.8   22.9   24.5   22.4   21.0
47100   14.4   19.0   17.8   17.7   17.4   17.6   17.6   18.8   18.8   17.6   16.0   15.5
47101   19.5   20.8   20.4   21.1   21.8   21.8   22.0   22.3   23.1  -59.5   20.3   15.4
47104   20.9   23.6   19.8   22.5   20.8   23.2   23.4   24.4   23.9   21.2   18.9   19.0
47105   22.8   25.6   24.4   23.4   22.3   24.8   24.5   25.7   25.3   23.6   19.9   20.3
47106   21.8   23.2   22.4   22.2   22.0   23.0   22.7   22.9   22.4   22.2   19.6   19.5
47108   23.2   22.9   21.9   23.0   22.5   23.5   23.0   23.6   25.1   26.1   26.4   24.3
47112   20.9   21.6   21.0   22.3   21.9   22.5   24.1   22.4   22.8   24.2   26.0   24.1
47114   20.8   20.8   20.5   20.7   20.9   22.5   22.4   22.9   25.2  -45.2    0.6   -2.6
47115   21.5   23.8   23.1   22.5   21.9   23.1   23.2   23.1   24.8   22.1   19.7   19.6
47119   20.4   21.6   22.1   22.9   22.1   22.5   23.7   22.5   23.2   25.7   22.9   21.2
47121   19.6   19.7   19.6   19.6   20.8   19.4   20.4   21.0   23.1   23.0   20.4   19.5
47127  -39.1   20.7   20.9   21.9   21.6   21.3   23.5   22.4   22.0   22.9   23.2   21.2
47129   20.0   21.6   21.6   21.4   21.4   22.2   22.4   22.1   22.7   23.6   23.1   21.8
47130   19.5   22.8   21.8   22.4   21.1   22.4   21.6   22.8   20.0   21.8   19.0   19.5
47131   21.6   22.4   22.8   21.5   23.4   23.2   23.7   24.5   25.0   26.6   25.4   24.0
47133   21.6   21.8   21.9   22.9   22.0   24.6   18.6   22.0   25.2   24.4   22.9   21.3
47135   19.0   17.4   19.5   20.4   20.5   20.8   21.7   21.9   23.6   22.7   20.1   19.6
47136   21.0   20.7   21.8   21.7   21.9   22.5   22.3   21.9   23.8   25.0   21.5   20.8
47137   20.3   20.3   21.1   21.4   21.5   22.3   22.1   21.6   23.3   23.9   18.2   16.1
47138   25.0   24.1   24.5   22.1   23.2   25.0   24.3   24.6   24.2   23.1   23.0   23.4
47140   20.0   21.2   21.8   22.3   22.0   22.8   22.8   23.5   25.3   24.4   21.9   21.1
47143   23.7   23.1   23.7   21.5   23.8   24.0   23.8   24.4   25.9   25.2   23.2   22.9
47146   21.2   20.8   22.6   23.0   21.9   23.8   18.5   22.7   25.8   24.9   23.2   22.7
47152   23.5   22.3   22.5   19.1   23.0   22.5   22.9   23.3   24.1   24.3   21.8   21.4
47155   23.3   22.0   22.6   22.7   23.3   22.7   22.9   23.7   24.7   24.2   22.0   21.8
47156   22.2   21.2   23.2   22.6   22.9   23.6   23.3   23.9   25.3   25.1   24.5   24.4
47159   23.5   21.6   21.5   21.9   22.9   22.9   23.0   24.3   25.2   25.3   23.0   21.9
47162   20.6   19.5   22.3   22.8   22.3   21.4   22.2   22.4   21.7   22.1   22.6   21.6
47165   20.5   21.4   22.5   21.3   21.5   22.7   23.1   23.3   25.1   23.7   22.8   22.0
47168   22.6   19.8   22.9   23.2   23.1   22.7   23.3   23.8   24.8   24.2   22.6   22.6
47170   22.4   21.7   23.8   22.8   22.4   23.2   23.7   23.4   24.8   25.2   23.2   22.0
47172   19.2   19.6   21.9   22.1   19.3   23.4   24.1   22.0   21.4   22.1   24.6   21.9
47174   18.0   18.0   21.5   22.3   21.2   21.1   21.8   22.3   28.6   11.9  -21.3   12.0
47176 -999.0 -999.0 -999.0 -999.0 -999.0 -999.0 -999.0 -999.0 -999.0 -999.0 -999.0 -999.0
47184   22.6   23.0   24.3   22.7   22.2   24.5   24.4   24.1   23.9   22.9   23.6   23.2
47185   21.7   21.9   23.0   21.6   21.6   23.3   24.2   24.8   23.9   24.3   23.4   21.9
47188   22.2   21.6   23.7   23.0   22.0   23.9   23.6   23.9   23.9   23.3   23.3   22.4
47189   23.4   22.8   24.2   23.0   22.8   24.4   24.6   25.6   25.9   25.8   25.0   23.8
47192   19.5   19.6   20.9   22.8   22.3   21.7   22.4   22.7   22.6   21.6   22.7   20.8
47203   19.4   20.4   20.7   20.9   20.8   21.5   21.4   22.1   21.4   22.3   21.3   19.3
47232   18.7   20.9   21.7   21.9   21.2   22.1   23.4   22.7   23.1   22.8   22.2   20.5
47235   20.1   22.0   22.6   22.5   21.3   22.6   23.5   22.6   23.9   23.3   23.2   22.3
47245   20.8   20.5   22.2   22.2   22.0   23.5   23.4   22.6   23.8   23.2   23.5   22.2
47247   20.5   18.8   20.8   22.3   21.3   22.2   22.2   23.0   24.4   23.3   23.0   21.1
47268   21.4   20.2   22.8   23.0   21.8   23.3   23.8   24.8   24.7   23.1   23.0   22.2
47279   20.5   20.3   21.0   21.0   21.7   22.0   21.9   23.5   23.6   24.9   22.2   21.4
47284   16.3   16.9   19.6   19.7   20.1   21.5   21.3   22.2   23.8   21.4   21.1   18.6
  887   19.8   19.6   20.3   21.1   20.0   20.0   22.6   20.8   20.8   23.9   22.5   20.4
47110   19.6   22.1   21.6   22.8   21.4   22.0   23.5   21.9   24.3   26.6   22.3   19.3
47113   20.1   21.7   22.0   22.2   21.6   21.5   23.5   22.1   23.5   24.5   24.1   21.3
47151   21.0   20.9   22.3   18.7   21.7   21.4   21.6   22.8   22.0   21.9   20.0   18.3
47153   22.9   21.9   22.7   21.9   22.8   23.1   22.2   24.2   22.8   24.2   22.5   20.3
47182   22.3   22.0   23.7   24.1   21.5   23.6   24.0   21.7   25.4   24.0   21.2   20.2
