2014071000+000HOUR     2014071009LST
STNID    21H    45H    69H    93H   117H   141H   165H   189H   213H   237H   261H   285H
STNID 071106 071206 071306 071406 071506 071606 071706 071806 071906 072006 072106 072206LST
47008   17.5   18.4   19.3   18.8   19.0   19.2   20.9   19.7   20.2   21.3   20.5   19.7
47035   19.9   19.0   19.0   18.8   21.2   20.7   20.9   21.9   22.2   23.0   23.3   21.5
47041   17.8   18.3   18.8   18.1    2.2   19.1    0.9   21.6   22.1   21.9   21.5   22.5
47058   19.8   20.3   21.8   20.1   21.0   21.6   21.3   22.7   23.8   23.1   22.5   23.8
47070   19.6   20.7   21.3   19.3   20.3   21.0   20.9   22.7   22.1   23.5   24.0   24.5
47090   21.1   23.8   22.9   21.1   22.1   23.4   23.1   23.4   23.1   25.4   26.8   26.3
47095   18.9   19.6   19.5   19.3   19.6   19.2   18.7   21.3   23.4   23.3   23.3   22.6
47098   20.1   20.0   21.3   19.1   19.3   20.9   19.6   22.2   23.5   24.3   23.7   24.1
47099   19.9   20.7   21.2   19.9   20.4   21.1   20.5   23.4   23.9   25.0   24.2   24.5
47100   18.2   17.3   18.4   17.5   16.3   16.6   18.1   21.2   18.4   20.9   21.3   20.5
47101   20.7   20.7   20.5   19.7   20.8   21.1   21.5   22.8   23.2   25.3   25.0   29.1
47104   23.5   21.7   19.0   21.4   21.2   23.1   23.3   22.7   23.6   24.7   26.0   26.1
47105   26.2   23.8   24.5   21.7   23.3   24.4   23.9   23.6   25.2   26.3   28.1   27.9
47106   20.8   22.2   22.7   20.7   22.4   23.5   22.8   23.4   24.4   24.7   26.3   26.2
47108   23.1   21.1   23.2   20.4   21.2   21.9   22.4   22.5   23.9   24.1   24.9   24.4
47112   21.8   20.7   21.7   19.8   21.2   22.7   20.4   21.3   22.6   22.9   23.5   23.3
47114   22.5   20.0   20.5   21.1   18.5   21.2   22.7   23.0   22.6   23.7   23.7   25.0
47115   22.5   22.7   24.0   20.6   22.6   23.8   24.3   22.1   22.6   24.3   25.9   25.9
47119   21.3   20.5   22.3   19.7   21.3   22.5   22.6   22.0   23.7   23.5   23.1   24.1
47121   20.6   18.8   19.5   20.1   19.4   20.2   21.0   22.7   22.2   22.3   24.0   23.8
47127  -39.1   19.9   20.3   21.0   20.0   21.8   22.2   23.4   22.7   22.7   22.1   21.6
47129   20.4   20.1   22.3   19.8   20.6   21.2   22.6   22.5   24.0   24.1   25.1   25.1
47130   23.3   21.8   20.1   19.5   21.1   21.9   22.6   21.6   23.0   23.6   25.5   26.1
47131   23.2   21.1   23.6   20.9   22.4   23.6   24.8   24.2   24.6   24.0   24.8   25.5
47133   23.7   20.5   23.3   21.6   17.3   13.2   25.3   22.2   25.2   25.7   25.0   25.2
47135   20.4   17.7   20.7   19.7   19.3   20.9   21.8   21.9   22.0   22.8   23.0   23.6
47136   22.2   20.1   23.2   20.7   20.5   21.5   22.7   23.1   24.7   24.1   25.6   25.7
47137   21.4   19.7   22.2   20.4   20.5   20.3   22.2   22.7   22.8   23.4   23.1   23.9
47138   24.7   23.1   24.7   21.9   22.5   24.7   25.4   25.0   26.5   24.8   27.2   28.1
47140   20.9   20.7   23.1   19.4   21.3   21.9   24.1   24.4   21.8   24.4   24.8   25.6
47143   25.2   22.0   24.2   21.9   23.4   23.7   25.3   24.4   25.1   25.5   27.3   27.7
47146   22.0   20.0   23.4   21.1   21.0   22.0   22.6   24.3   23.8   25.1   25.9   26.0
47152   23.4   21.6   23.5   21.0   22.8   23.2   24.2   24.6   25.2   24.4   26.7   26.6
47155   24.3   21.7   22.3   21.4   21.6   22.9   23.5   24.0   24.1   23.8   25.2   25.7
47156   22.4   21.0   23.9   20.9   22.7   23.1   23.6   24.5   24.5   26.5   25.3   24.6
47159   23.4   21.5   21.9   20.9   22.1   22.5   23.4   23.4   24.4   25.1   26.0   26.4
47162   21.4   19.8   21.7   21.3   20.7   21.1   22.5   22.9   23.8   23.2   24.5   24.7
47165   20.5   20.7   23.4   20.2   21.2   22.4   23.4   23.0   24.3   25.3   24.6   25.0
47168   23.2   21.8   22.6   22.0   22.2   23.1   24.1   23.6   24.2   24.2   24.7   25.8
47170   22.2   21.7   23.0   21.4   21.6   22.6   24.1   24.2   24.1   24.2   25.2   26.1
47172   19.9   19.5   22.2   20.9   17.7   21.9   24.1   22.2   26.0   27.1   23.4   23.9
47174   19.1   19.0   22.2   20.8   20.1   19.7   21.8   22.6   22.1   23.2   19.5   22.9
47176 -999.0 -999.0 -999.0 -999.0 -999.0 -999.0 -999.0 -999.0 -999.0 -999.0 -999.0 -999.0
47184   22.0   23.2   21.6   20.9   22.0   23.8   25.4   26.1   25.2   26.2   25.6   26.2
47185   20.8   21.7   21.6   20.6   21.8   23.3   23.7   24.8   25.3   25.6   25.6   24.4
47188   21.6   21.1   23.4   20.7   21.1   21.8   23.6   24.8   25.1   25.6   25.0   26.3
47189   22.3   23.1   22.8   21.6   23.1   23.3   25.8   25.6   26.4   26.7   26.8   26.9
47192   20.6   19.8   21.5   21.5   20.0   22.3   23.2   23.1   23.6   23.2   23.3   22.4
47203   21.6   19.3   20.5   19.5   19.7   20.4   22.2   22.0   23.4   24.2   24.1   24.4
47232   20.9   19.6   22.4   21.1   20.7   22.0   23.1   24.0   23.9   24.1   24.0   23.3
47235   21.2   20.5   23.6   20.6   20.9   20.4   23.8   22.1   24.5   25.3   25.6   26.1
47245   21.5   20.2   23.5   21.5   21.1   22.4   23.7   23.8   25.9   26.0   24.5   24.9
47247   20.8   18.6   22.0   20.8   19.6   20.9   22.6   22.3   22.5   25.5   25.2   24.6
47268   21.3   20.6   23.1   21.0   21.6   23.1   24.3   23.8   25.0   25.4   24.3   24.5
47279   22.1   19.2   22.1   20.9   20.5   21.8   22.2   23.2   23.2   24.0   24.3   24.8
47284   17.9   16.5   20.6   20.1   18.1   19.2   21.0   21.1   21.5   23.3   23.4   23.0
  887   21.6   18.0   20.9   19.9   18.6   20.5   25.0   23.3   23.7   23.8   24.3   24.5
47110   20.8   21.0   22.3   19.8   20.4   21.4   21.4   23.3   22.9   22.5   22.4   23.3
47113   20.9   20.5   21.8   20.5   21.0   21.6   20.6   21.5   22.8   23.2   21.7   21.8
47151   21.1   19.1   22.5   20.4   19.4   20.8   21.4   22.1   23.3   23.4   24.0   24.6
47153   23.2   21.4   22.8   21.3   21.6   22.6   22.9   22.8   24.4   24.7   27.0   25.5
47182   21.8   21.8   21.5   21.0   20.9   22.2   25.3   24.8   25.2   25.2   24.8   24.2
