2014071000+000HOUR     2014071009LST
STNID    15H    27H    39H    51H    63H    75H    87H    99H   111H   123H   135H   147H   159H   171H   183H   195H   207H   219H   231H   243H   255H   267H   279H
STNID 071100 071112 071200 071212 071300 071312 071400 071412 071500 071512 071600 071612 071700 071712 071800 071812 071900 071912 072000 072012 072100 072112 072200LST
47090    1.5    1.4    0.9    1.4    2.0    1.3    2.5    2.2    2.7    2.7    1.9    3.1    2.7    4.4    4.0    4.3    3.6    3.5    3.0    3.6    3.2    3.8    3.3
47095    1.1    1.1    1.6    2.5    2.0    1.3    2.1    2.0    2.4    1.5    1.9    1.9    3.1    3.4    3.5    3.8    3.6    4.3    3.4    4.0    2.9    3.8    3.0
47100    1.8    1.5    2.0    1.7    1.8    0.9    2.1    1.4    2.3    1.5    2.5    1.9    2.8    3.1    3.1    2.7    3.5    3.6    2.9    2.6    2.9    3.2    3.1
47101    1.2    0.9    1.5    2.3    1.4    1.1    1.1    1.9    1.0    1.2    1.6    2.1    2.3    2.6    3.9    3.3    3.6    4.0    3.8    3.6    3.2    3.4    3.0
47102    1.7    1.8    1.0    1.7    2.1    2.2    2.0    2.8    1.6    1.5    1.8    2.5    2.4    3.9    3.9    4.0    4.6    3.7    3.3    3.5    2.4    4.1    3.3
47105    1.6    1.5    0.9    1.6    2.5    1.5    2.7    2.5    2.2    2.2    3.0    2.1    2.6    3.7    4.2    2.6    3.0    3.7    3.9    3.1    3.8    3.6    3.8
47108    1.0    1.3    1.1    1.7    1.7    1.2    1.5    1.9    2.0    1.5    2.3    2.0    2.9    2.0    3.8    3.2    4.1    3.8    3.7    3.8    3.3    3.3    3.3
47112    1.7    1.5    1.2    1.7    1.5    1.4    1.9    2.0    2.0    1.7    1.7    2.7    3.0    3.2    2.9    3.4    4.0    4.2    3.4    3.6    3.4    3.7    4.1
47114    1.3    1.1    1.7    1.6    1.2    1.2    1.6    1.0    2.3    1.6    2.4    1.9    2.8    1.4    3.1    1.3    4.2    2.9    3.1    3.6    3.8    3.3    3.3
47115    1.3    2.0    1.5    0.9    2.8    2.4    2.6    2.8    2.5    2.0    2.3    2.4    3.0    2.6    3.2    2.9    3.2    3.0    3.1    2.7    3.3    3.5    3.6
47119    1.4    1.1    1.4    1.4    1.6    1.8    1.6    1.5    2.6    1.7    2.4    2.2    3.0    2.4    3.5    2.7    3.9    3.4    3.2    4.0    3.3    3.6    3.5
47129    1.7    2.2    1.4    2.0    2.4    2.0    2.2    1.9    2.1    1.2    2.6    2.4    2.9    2.3    3.5    2.5    4.0    3.4    3.5    3.9    2.1    3.6    2.7
47130    1.9    2.0    1.7    1.7    1.2    1.4    1.9    1.2    2.0    0.8    1.4    2.9    2.6    2.7    2.5    3.3    2.8    3.2    3.1    2.2    3.1    1.9    3.3
47131    1.2    1.9    1.4    1.7    1.2    1.4    1.7    1.4    1.6    1.8    1.2    1.9    2.2    2.9    3.0    2.7    3.7    3.2    2.6    3.1    2.0    2.7    2.4
47133    1.1    1.8    1.6    1.2    1.3    0.9    2.0    0.9    1.9    1.2    1.7    1.0    1.9    0.9    2.3    2.3    2.6    2.4    2.9    2.3    2.6    2.6    3.2
47136    1.3    1.4    1.9    1.3    1.7    2.1    2.4    2.6    1.8    2.6    2.2    2.8    2.3    2.3    2.2    3.4    3.5    2.7    2.6    3.3    2.5    3.2    1.9
47138    1.3    1.4    2.7    1.6    2.0    1.6    2.7    2.1    2.4    3.1    2.2    3.2    2.7    2.3    2.9    2.4    3.2    3.1    2.7    3.4    3.0    3.3    3.0
47140    0.9    2.0    1.7    1.4    0.7    1.0    1.4    1.5    1.6    1.5    2.0    1.7    2.0    2.9    2.4    3.2    3.4    3.2    3.9    3.0    3.6    2.9    3.5
47143    1.5    1.2    1.9    1.5    1.5    1.1    2.0    1.5    1.9    1.3    1.7    3.4    2.9    2.6    2.8    1.9    3.2    2.9    3.2    3.3    3.4    3.2    4.1
47146    1.6    1.6    2.4    1.6    1.0    1.0    1.8    1.5    1.5    2.4    2.4    1.8    3.0    1.9    3.0    3.0    3.5    3.3    3.4    2.7    2.9    2.4    3.1
47152    0.9    1.7    1.9    2.3    1.4    1.4    1.0    1.9    2.6    2.5    2.7    3.0    3.3    2.6    2.8    2.2    3.2    3.3    2.9    3.2    2.9    2.9    2.9
47155    1.8    1.6    3.9    2.0    2.0    0.8    1.9    2.1    2.5    3.0    3.1    3.0    2.0    2.5    2.0    3.3    2.3    3.5    2.8    3.5    3.0    3.0    3.7
47156    0.9    1.2    2.3    1.1    1.5    0.8    1.2    1.1    1.6    1.3    1.9    1.4    0.9    0.7    2.5    1.2    2.3    0.8    2.1    1.2    2.0    1.9    2.8
47159    1.2    1.5    3.1    2.5    1.3    1.1    1.1    2.2    1.6    2.9    3.0    3.6    1.8    1.5    2.6    3.5    2.8    3.3    2.8    3.2    3.0    3.6    3.2
47162    1.1    1.2    2.2    2.3    1.0    1.2    0.7    1.9    2.1    1.4    3.0    3.2    1.2    3.1    2.8    3.9    3.5    3.3    3.4    2.9    2.9    2.7    3.4
47165    0.7    2.2    2.4    2.1    1.0    0.8    1.8    1.9    2.0    2.4    2.1    2.4    1.8    1.7    2.8    2.5    3.4    2.7    3.3    3.5    2.8    3.6    2.9
47168    1.2    1.3    1.9    1.9    1.0    0.8    1.0    1.5    1.8    2.2    2.3    1.8    1.3    1.4    2.4    3.2    3.0    2.7    3.4    3.0    3.1    3.2    3.4
47169    1.2    1.8    1.7    2.5    0.4    1.5    0.1    2.5    1.4    2.9    3.5    3.2    2.0    2.1    2.1    3.2    4.1    3.3    3.9    3.4    4.0    3.0    4.1
47170    1.0    0.9    2.3    1.1    0.6    0.9    0.9    2.2    1.5    1.9    2.0    2.2    2.1    1.7    2.7    2.9    2.9    2.0    2.5    2.8    3.3    3.2    3.4
47172    1.0    1.7    2.1    1.5    1.0    1.7    2.0    2.1    1.8    2.1    2.3    2.6    3.2    1.9    2.7    2.6    3.5    2.7    2.9    2.8    2.5    2.8    2.8
47174    1.0    1.1    2.5    1.4    1.4    0.9    1.5    1.0    1.7    1.3    2.0    1.2    1.3    1.3    1.9    2.0    2.6    2.0    2.3    2.1    2.1    2.3    2.7
47175    1.0    0.8    1.6    1.2    0.5    0.7    1.7    0.9    1.2    2.1    2.0    2.8    1.3    1.5    2.7    2.0    2.9    2.9    2.6    2.8    3.1    3.3    3.5
47184    1.0    1.0    1.4    1.2    0.3    0.1    0.5    0.9    1.1    2.0    2.4    1.8    1.5    2.5    2.1    2.4    3.1    3.5    3.0    2.7    2.8    3.2    3.1
47185    1.2    0.7    1.0    1.0    0.3    0.4    0.2    0.6    0.9    0.9    1.4    1.4    0.6    2.9    3.2    3.1    3.4    3.2    3.6    3.1    3.3    3.1    3.5
47188    0.5    1.2    1.6    1.0    0.3    0.6    0.8    1.6    1.0    2.2    1.7    1.5    1.2    2.3    2.2    2.2    2.7    3.1    3.1    3.1    3.2    3.4    2.9
47189    0.6    0.9    1.4    1.0    0.5    0.1    0.3    0.8    0.5    0.7    1.1    1.7    1.4    2.6    2.3    2.0    2.5    3.5    2.9    3.1    3.4    3.7    3.0
47192    0.7    1.5    2.1    2.0    0.9    1.1    0.9    1.4    2.1    2.1    2.7    2.4    1.4    2.0    2.4    2.5    2.9    2.9    2.4    3.0    2.7    3.0    3.5
47232    1.7    1.9    1.4    1.8    1.5    1.5    1.9    1.6    1.1    1.6    1.9    2.4    2.8    2.1    2.9    2.9    3.7    2.9    2.8    3.0    2.0    3.4    2.8
47235    1.3    2.0    2.0    1.7    1.6    1.7    2.7    1.8    2.0    1.6    2.2    2.2    2.9    2.6    3.2    2.4    3.3    2.3    3.7    2.9    4.7    3.5    4.3
47284    1.0    1.2    2.5    2.0    2.0    1.4    2.6    1.9    2.4    1.7    3.1    2.5    2.8    2.1    3.0    2.6    3.3    2.5    3.0    2.8    2.9    2.7    2.5
47110    1.2    1.4    0.7    1.4    1.6    2.1    2.0    2.3    2.1    1.5    1.8    2.2    3.3    2.8    3.8    3.4    3.8    3.8    3.5    4.0    3.3    2.4    3.7
47113    1.2    1.6    1.0    1.6    1.7    1.7    1.9    1.5    2.1    1.1    1.9    2.2    3.5    2.6    3.6    3.4    4.5    3.9    3.5    4.1    3.8    3.7    3.7
47128    1.3    1.9    1.1    1.5    1.4    1.4    2.3    1.9    1.8    1.2    1.6    1.3    2.3    2.0    2.4    2.5    2.9    2.6    3.0    2.7    2.2    2.5    3.0
47151    1.2    1.7    2.6    2.1    1.9    1.6    2.1    2.3    2.9    2.6    1.0    3.2    2.0    2.3    2.9    2.5    3.2    3.0    3.0    3.1    2.8    2.9    2.5
47163    1.3    1.2    2.2    1.2    0.9    1.4    1.6    1.9    2.0    2.0    2.6    1.8    1.3    2.1    2.7    2.1    3.5    2.6    3.2    3.4    2.5    3.9    2.8
47167    0.7    1.0    2.3    1.9    1.2    1.2    1.5    1.4    2.2    2.6    3.3    2.8    1.1    2.5    1.9    2.7    3.3    2.9    3.1    3.2    2.5    2.4    3.1
47139    1.2    1.4    1.6    1.3    1.4    1.0    1.7    1.6    1.8    1.5    2.1    1.5    2.3    1.8    2.3    2.0    2.8    2.4    2.4    2.9    2.7    2.6    3.4
47142    1.2    1.6    2.0    1.9    0.9    1.3    1.6    1.5    1.5    1.4    2.8    2.3    2.8    2.2    2.9    2.6    3.3    2.9    2.7    2.8    2.6    2.9    2.6
47153    0.8    1.1    2.3    2.0    1.3    1.0    1.2    2.2    1.4    2.7    2.7    3.2    2.3    2.8    2.3    2.9    2.4    2.5    2.9    1.7    2.5    1.4    2.6
47158    1.2    0.7    1.9    1.0    0.8    1.0    1.4    1.1    1.5    2.2    2.0    2.0    0.9    2.4    2.0    2.5    2.5    2.6    2.6    2.5    2.4    2.5    2.8
47161    0.9    0.8    2.3    2.0    1.5    1.1    1.0    1.3    1.7    1.9    2.1    2.0    0.8    2.5    2.4    3.0    2.8    2.3    2.7    3.2    3.0    2.9    3.3
47182    0.6    1.3    1.7    1.4    0.3    0.5    1.1    0.8    0.9    1.3    2.5    2.1    1.5    2.1    3.2    2.1    3.1    3.2    2.6    2.8    3.2    3.3    3.4
