2014071000+000HOUR     2014071009LST
STNID     6H    30H    54H    78H   102H   126H   150H   174H   198H   222H   246H   270H
STNID 071015 071115 071215 071315 071415 071515 071615 071715 071815 071915 072015 072115LST
47008   26.7   27.6   27.2   25.0   26.9   28.5   27.5   28.8   27.3   26.6   26.6   29.5
47035   33.9   32.4   30.9   31.0   31.2   29.2   28.4   27.9   29.7   32.2   33.8   31.5
47041   32.2   33.9   32.5   30.5   30.2   32.4   31.0   31.2   29.7   30.4   29.7   31.6
47058   31.0   29.9   30.2   28.8   32.4   32.8   31.2   31.5   31.2   31.1   33.3   32.2
47070   29.8   31.8   29.5   29.1   31.3   31.5   32.3   31.0   31.3   25.9   35.7   32.5
47090   28.8   32.3   30.6   28.6   28.4   27.6   29.3   30.8   29.6   28.2   28.1   29.4
47095   31.2   31.3   29.1   28.9   30.5   29.6   32.0   30.1   31.3   30.3   32.5   33.2
47098   33.4   32.7   30.4   29.8   31.8   32.2   32.6   31.0   33.3   27.6   36.4   33.8
47099   33.2   33.3   30.8   31.0   31.8   32.2   33.0   30.7   32.5   27.7   36.3   33.7
47100   24.1   26.3   24.6   25.0   25.8   24.3   27.3   17.3   27.7   25.4   26.2   29.8
47101   33.3   31.7   29.4   29.7   31.1   30.3   32.5   31.0   30.5   29.6   32.3   32.7
47104   27.8   32.3   30.7   29.6   29.2   27.5   28.5   31.8   31.5   29.0   28.7   32.3
47105   28.9   33.9   31.4   30.9   30.5   28.1   31.6   32.5   32.6   29.3   28.9   34.0
47106   29.4   34.1   31.2   29.4   27.7   27.2   29.4   32.2   30.8   28.7   28.7   32.1
47108   32.6   31.5   28.9   29.7   30.9   30.4   31.5   30.8   31.4   27.4   34.9   32.5
47112   29.2   27.4   26.1   28.2   28.5   28.3   29.1   28.8   29.5   26.3   32.2   30.0
47114   33.3   31.4   29.5   30.1   30.9   29.8   33.4   30.9   32.5   30.7   32.6   34.6
47115   26.4   30.1   26.6   27.4   25.8   23.4   26.9   28.0   28.8   29.7   24.9   27.7
47119   32.3   31.0   29.5   30.4   31.0   29.7   30.2   32.1   31.9   28.0   33.9   31.8
47121   33.1   30.5   30.1   30.2   31.1   29.8   32.4   31.0   33.6   30.7   34.6   36.1
47127   33.3   31.6   30.4   30.2   30.8   29.1   32.2   31.5   33.4   30.1   35.2   34.3
47129   29.4   29.6   28.2   27.2   28.7   28.0   28.7   28.6   30.8   26.9   31.9   29.1
47130   27.0   30.6   29.6   28.8   27.0   26.5   27.3   30.3   30.0   25.9   25.4   30.5
47131   32.8   32.3   30.9   29.5   30.0   26.7   30.5   32.1   32.9   29.1   34.2   32.9
47133   32.0   29.7   29.9   27.5   28.6   25.9   28.6   30.5   30.6   27.6   31.6   31.0
47135   31.4   28.2   28.7   27.4   26.4   26.0   27.7   28.1   29.7   26.1   29.5   30.1
47136   32.8   31.3   30.2   29.9   30.2   29.3   29.9   31.7   33.8   29.4   33.4   35.5
47137   32.9   30.1   30.1   29.4   28.3   25.4   29.2   31.4   31.1   28.1   32.5   32.8
47138   31.2   31.8   31.8   32.3   29.9   27.6   31.2   33.3   33.4   28.2   29.3   31.1
47140   -2.0   28.7   27.6   25.7   27.2   25.9   25.9   29.0   28.7   27.7   31.5   32.0
47143   33.7   30.3   30.5   29.6   29.5   29.1   30.7   32.1   34.2   29.4   32.2   33.9
47146   32.1   29.2   29.0   27.6   28.2   27.0   28.2   29.8   30.8   29.5   34.4   34.6
47152   31.6   29.8   29.2   28.6   27.5   26.9   31.6   32.2   33.7   27.9   30.5   31.5
47155   32.5   29.4   27.8   26.4   25.0   26.3   28.6   28.2   32.2   26.6   30.7   31.6
47156   31.4   27.6   28.4   26.8   29.3   26.4   29.0   29.8   30.5   29.5   33.2   34.3
47159   30.3   28.8   26.2   25.3   24.8   25.5   28.2   28.0   30.2   28.6   27.6   29.8
47162   30.0   27.1   24.6   23.1   22.8   26.7   27.0   27.4   28.8   26.0   27.4   29.5
47165   28.2   25.4   26.2   25.2   24.0   25.9 -195.9   26.8   25.0   25.4   29.6   31.0
47168   30.6   27.7   24.6   23.9   22.3   26.9   25.9   27.0   28.6   25.2   27.8   29.5
47170   28.4   27.1   27.4   25.3   22.2   29.0   34.9   27.4   29.0   25.0   29.4   30.9
47172   28.9   29.6   27.6   26.6   25.4   26.5   26.8   27.4   28.1   26.8   32.3   31.3
47174   32.4   30.1   27.6   24.2   24.4   26.9   27.5   27.9   29.7   25.9   30.6   31.4
47176 -999.0 -999.0 -999.0 -999.0 -999.0 -999.0 -999.0 -999.0 -999.0 -999.0 -999.0 -999.0
47184   25.8   26.5   27.8   25.5   23.3   25.8   24.7   26.4   28.6   30.1   30.3   30.8
47185   22.3   23.5   25.2   25.1   23.4   22.7   24.9   24.5   25.6   26.1   26.1   27.4
47188   26.0   27.3   27.8   24.1   24.1   27.1   24.4   27.9   28.1   28.4   26.9   28.7
47189   28.4   26.1   27.4   26.6   23.6   27.2   26.3   25.5   27.8   28.1   30.0   30.1
47192   33.4   29.8   28.0   26.5   25.5   26.8   28.2   28.1   31.4   26.9   29.7   32.5
47203   34.7   32.4   29.8   30.4   30.6   30.7   34.1   32.8   33.9   28.1   35.6   34.1
47232   30.9   32.2   30.2   29.5   30.3   27.0   30.4   31.2   33.2   29.1   32.6   31.6
47235   29.1   29.0   27.7   24.9   25.1   27.0   25.7   27.1   28.3   26.0   30.8   31.3
47245   30.8   28.3   29.1   28.2   29.0   26.6   27.4   29.1   31.2   29.1   33.7   33.6
47247   31.0   28.5   28.6   26.1   27.2   27.1   28.7   30.2   32.0   27.9   32.1   33.2
47268   25.9   25.4   25.7   25.1   22.2   26.8   25.8   24.5   27.6   27.4   28.2   30.6
47279   32.8   29.2   29.9   28.8   30.1   28.0   29.8   31.2   32.4   28.7   32.3   32.8
47284   31.8   29.1   28.9   27.8   27.3   26.9   28.1   29.2   31.3   26.3   30.1   31.9
  887   30.9   30.5   30.3   27.6   29.2   26.3   30.1   32.1   31.6   26.8   31.9   31.3
47110   32.0   30.9   28.8   29.6   30.3   29.8   30.9   29.8   31.3   27.1   33.1   30.3
47113   28.9   28.5   26.8   28.6   28.7   27.8   27.9   27.1   30.0   26.7   33.2   30.5
47151   31.6   31.8   29.0   28.6   26.4   27.9   31.5   30.7   34.2   28.2   29.8   31.6
47153   31.6   29.5   26.8   26.2   25.0   26.9   28.4   28.6   31.8   26.8   29.3   30.6
47182   24.8   26.2   27.0   23.2   21.8   25.2   25.6   25.4   27.2   26.8   28.6   30.3
