2014071000+000HOUR     2014071009LST
STNID    21H    45H    69H    93H   117H   141H   165H   189H   213H   237H   261H   285H
STNID 071106 071206 071306 071406 071506 071606 071706 071806 071906 072006 072106 072206LST
47008   18.4   18.0   18.4   18.2   19.0   19.1   19.9   20.1   19.9   19.9   20.0   19.9
47035   19.7   19.8   19.0   20.2   20.9   20.9   21.0   21.8   22.0   23.5   23.5   22.6
47041   18.3   18.0   17.0   17.6    5.3   19.1   17.8   20.6   20.6   20.7   20.7   20.4
47058   20.2   20.3   20.6   20.2   21.1   22.1   22.4   22.8   22.8   23.1   23.1   22.9
47070   19.3   20.2   20.8   20.3   20.4   21.1   21.5   21.2   21.8   23.5   23.4   23.4
47090   21.2   23.8   23.1   21.4   22.5   23.4   22.3   23.3   22.1   22.4   23.3   23.1
47095   18.4   19.3   19.7   19.1   19.8   20.2   20.4   21.5   21.9   22.0   22.2   21.7
47098   19.5   20.4   20.4   20.3   19.7   21.0   22.0   22.4   22.4   23.1   22.8   22.7
47099   18.9   20.6   20.9   20.7   20.6   20.8   21.9   22.8   22.9   23.6   23.5   23.1
47100   16.0   17.7   17.8   17.3   16.6   17.5   18.1   18.7   18.2   17.8   18.2   18.6
47101   19.6   20.6   20.7   20.5   21.3   21.6   21.9   22.3   22.8   20.1   20.3   22.5
47104   22.0   22.3   20.0   22.1   21.8   23.2   23.0   23.7   23.1   22.2   23.2   23.3
47105   25.2   25.0   24.5   23.3   23.3   24.8   24.3   25.1   24.4   23.7   23.9   24.2
47106   21.6   22.4   22.6   22.0   22.6   23.1   22.7   23.1   21.9   22.9   23.0   24.0
47108   23.2   22.3   22.2   22.0   21.7   23.0   23.1   23.2   23.7   25.0   25.5   25.2
47112   21.3   21.5   21.7   21.2   21.6   22.7   22.3   22.9   22.9   24.0   24.1   24.1
47114   21.0   20.6   20.6   20.3   20.5   22.0   22.2   22.6   22.5   22.8   20.7   22.6
47115   22.5   23.7   23.2   22.4   23.4   23.1   23.1   23.1   22.8   22.9   21.9   22.9
47119   20.6   21.2   22.0   21.3   21.5   22.5   22.9   23.4   23.5   24.0   23.7   23.8
47121   19.6   19.3   19.8   19.1   19.9   19.4   20.9   21.2   22.1   22.2   22.6   22.5
47127  -39.1   20.2   21.1   21.3   20.6   21.3   22.7   22.7   23.0   23.2   22.8   22.9
47129   20.4   20.8   21.5   20.7   20.9   21.7   22.4   22.5   22.9   23.0   23.1   23.2
47130   21.8   22.1   21.4   21.1   21.9   21.9   21.6   22.5   21.3   21.9   21.6   22.6
47131   22.0   22.0   22.6   21.4   23.1   23.1   23.8   23.9   23.9   24.5   24.9   24.8
47133   22.3   21.4   22.2   22.2   20.1   21.9   21.3   22.2   22.8   24.1   24.0   24.4
47135   19.5   18.3   20.2   20.4   19.8   20.8   21.7   21.7   22.0   22.1   21.9   22.3
47136   21.4   20.8   21.9   21.6   21.4   22.1   22.7   22.9   23.4   23.6   23.9   23.8
47137   20.8   20.3   21.2   21.3   21.0   21.8   22.0   21.2   22.1   22.4   22.4   22.2
47138   24.6   24.2   23.9   24.2   23.2   24.7   24.5   25.0   24.7   24.6   25.0   25.3
47140   20.9   21.3   21.8   19.1   21.7   22.3   22.9   23.2   23.0   24.0   24.0   23.9
47143   24.1   23.0   23.5   23.1   23.9   23.9   24.3   24.4   24.4   25.2   25.2   25.5
47146   21.9   21.4   22.4   22.0   21.8   22.9   21.5   23.3   23.7   24.2   24.4   25.0
47152   23.4   22.5   22.5   21.7   22.8   22.7   23.3   23.2   23.8   24.0   23.7   24.2
47155   23.8   22.3   22.4   22.0   22.5   22.7   23.5   23.8   23.6   23.8   24.4   24.7
47156   22.4   22.0   22.7   21.3   22.6   23.1   23.6   24.0   24.0   24.3   24.5   24.4
47159   23.5   22.0   21.8   22.0   22.5   22.9   23.4   23.9   24.2   24.2   24.6   24.5
47162   21.3   20.4   21.7   21.3   21.1   21.8   22.5   22.7   22.8   23.1   23.3   23.2
47165   20.8   21.4   21.8   21.0   21.5   22.4   23.3   23.7   23.7   23.3   23.5   23.7
47168   23.2   21.5   22.6   22.1   22.2   23.2   23.6   23.6   24.0   24.2   23.9   24.4
47170   22.6   21.7   22.3   21.5   21.6   22.6   23.6   23.4   23.8   24.1   24.3   24.2
47172   20.4   21.0   21.3   21.8   19.8   22.1   23.4   23.4   23.5   23.3   22.8   22.4
47174   19.2   19.6   21.1   20.6   20.2   21.0   21.8   22.1   22.1   23.2   14.6   12.8
47176 -999.0 -999.0 -999.0 -999.0 -999.0 -999.0 -999.0 -999.0 -999.0 -999.0 -999.0 -999.0
47184   22.6   23.3   22.7   21.8   22.4   24.4   24.6   24.9   24.5   25.0   24.6   24.6
47185   21.2   22.1   22.2   21.6   22.2   23.4   24.0   24.7   24.3   24.4   24.1   23.6
47188   21.7   21.5   22.9   21.3   21.7   22.7   23.5   23.9   24.5   25.0   24.7   24.7
47189   23.4   23.2   22.8   22.4   22.9   23.8   24.9   25.3   25.6   25.6   25.7   25.8
47192   20.4   20.3   21.3   21.0   21.3   21.8   23.0   22.7   22.5   22.6   22.7   22.7
47203   19.6   20.1   20.6   20.1   20.6   21.2   22.0   22.1   21.9   22.3   22.5   22.9
47232   19.9   20.3   21.7   21.1   21.3   22.0   23.1   23.3   22.9   23.4   22.8   23.2
47235   21.4   21.8   22.6   21.1   21.4   21.3   23.3   22.1   23.9   23.7   23.4   23.9
47245   21.6   21.2   22.2   21.8   21.7   22.5   23.2   23.7   23.8   23.8   23.5   23.8
47247   20.5   19.3   20.9   20.6   20.6   21.7   22.2   22.7   23.1   23.4   23.1   23.1
47268   20.9   20.8   22.1   21.7   22.0   23.0   23.9   24.1   24.3   24.1   23.5   23.7
47279   21.2   20.1   21.4   21.3   21.4   21.9   22.5   22.7   22.7   23.5   23.9   23.8
47284   17.7   17.3   20.2   19.7   19.9   20.3   21.2   21.3   21.7   21.8   21.5   21.6
  887   20.6   19.6   20.9   19.9   19.4   20.2   22.4   21.6   22.0   22.4   23.0   23.3
47110   19.8   21.0   21.9   21.3   20.9   21.7   22.8   23.3   23.4   23.6   23.5   23.3
47113   20.6   21.4   22.0   21.9   21.8   21.7   22.3   22.9   23.0   23.7   23.4   23.4
47151   21.2   20.5   21.5   20.4   21.4   20.8   21.6   21.4   21.7   22.4   22.2   22.9
47153   23.4   22.2   22.4   21.7   22.2   22.3   23.0   23.3   23.2   23.6   23.7   23.9
47182   22.5   22.0   22.2   22.0   21.3   22.5   23.7   23.8   24.2   24.0   23.6   22.9
