2014071000+000HOUR     2014071009LST
STNID     6H    30H    54H    78H   102H   126H   150H   174H   198H   222H   246H   270H
STNID 071015 071115 071215 071315 071415 071515 071615 071715 071815 071915 072015 072115LST
47008   27.0   26.0   26.7   25.8   26.0   27.0   27.1   27.5   26.5   26.1   25.7   25.8
47035   32.7   31.5   30.4   30.2   30.1   28.8   28.1   28.2   28.3   29.8   30.0   30.5
47041   32.0   33.3   32.8   31.7   30.4   32.1   30.2   30.1   29.7   29.1   29.0   29.4
47058   31.6   30.4   30.6   30.1   31.3   32.8   31.9   30.9   30.0   30.8   31.3   31.3
47070   30.8   31.7   29.2   29.1   30.9   31.7   30.8   29.4   30.2   31.0   32.4   31.3
47090   28.9   31.5   31.0   29.3   28.8   28.4   28.8   29.0   28.8   28.5   28.1   28.4
47095   31.3   31.5   29.2   29.0   29.7   30.9   30.9   29.6   30.2   31.0   31.5   31.0
47098   33.3   32.6   30.5   30.3   31.7   32.4   31.7   30.8   31.5   32.6   33.6   32.9
47099   33.3   33.1   30.6   30.9   31.7   32.2   31.7   30.5   31.4   32.4   33.7   32.8
47100   24.9   26.2   25.4   25.0   25.4   26.1   25.8   26.4   25.5   25.7   25.6   26.0
47101   32.4   31.7   30.1   29.8   31.0   31.0   30.8   29.5   30.3   31.3   31.9   31.5
47104   28.2   31.3   30.4   30.0   29.6   29.2   28.7   29.5   29.7   29.0   29.0   29.5
47105   28.9   32.5   31.1   30.9   30.8   29.9   30.1   30.1   30.6   30.1   30.1   30.5
47106   28.7   31.6   30.5   30.1   28.4   28.7   28.7   28.9   29.4   29.3   29.0   29.2
47108   32.4   31.5   29.4   29.5   30.7   31.1   31.2   29.4   30.3   31.5   32.9   32.3
47112   29.6   27.8   26.8   27.5   28.3   28.9   28.5   27.3   28.1   29.1   30.1   29.3
47114   32.7   31.5   30.4   29.9   30.8   31.5   31.2   30.0   31.1   32.3   32.8   32.9
47115   26.6   28.1   27.3   26.2   26.9   26.7   27.1   26.8   27.6   28.0   27.2   27.5
47119   31.5   30.8   29.5   29.9   30.8   31.5   30.8   29.5   30.3   31.3   32.4   31.8
47121   32.8   30.9   30.9   30.1   31.2   31.3   30.5   30.0   31.3   31.7   32.5   33.0
47127   32.7   31.7   30.4   29.0   30.5   30.7   30.1   29.7   31.0   31.5   32.6   33.0
47129   28.5   29.2   27.9   27.5   29.2   29.2   29.3   28.0   28.9   29.9   30.9   30.9
47130   27.1   30.3   29.3   28.1   27.3   28.0   27.6   27.8   28.0   27.4   27.6   28.3
47131   32.0   32.4   30.7   29.0   30.6   30.3   29.9   29.9   30.7   31.2   32.7   33.1
47133   31.5   30.3   29.5   27.9   29.7   29.1   28.8   29.0   30.0   30.5   31.7   31.7
47135   31.0   29.1   28.7   27.2   27.8   28.7   27.7   28.2   29.3   29.7   30.3   30.5
47136   33.3   31.7   30.3   29.6   30.6   31.6   29.7   30.1   31.7   31.7   32.7   33.4
47137   32.4   30.7   30.2   28.6   29.1   29.0   28.8   29.4   30.8   31.1   32.0   32.3
47138   30.7   32.9   32.1   29.4   29.6   29.4   29.8   30.3   31.2   30.2   30.1   30.8
47140   13.1   28.7   27.7   26.8   27.8   27.5   27.8   28.0   29.0   29.8   30.7   31.0
47143   33.7   32.0   30.3   29.5   30.3   31.3   30.1   31.2   32.4   32.9   33.8   33.8
47146   31.9   30.4   29.1   28.6   29.8   30.0   29.8   30.1   31.0   32.1   33.2   33.6
47152   31.5   31.5   30.0   28.3   28.9   29.6   29.8   30.2   31.0   31.5   32.2   32.1
47155   32.5   29.4   29.2   26.6   27.5   28.2   28.0   28.7   29.9   30.5   31.6   31.9
47156   31.6   29.5   28.7   27.9   29.6   29.4   29.1   29.1   30.2   31.5   32.3   32.8
47159   30.4   28.7   27.3   25.9   26.4   27.5   27.4   27.9   29.0   29.6   30.3   30.5
47162   30.1   27.0   25.5   24.5   24.7   26.1   26.5   26.6   28.2   29.1   29.5   29.8
47165   28.5   27.3   27.0   26.2   26.2   27.6 -195.9   27.3   26.8   29.1   30.2   30.6
47168   30.5   28.8   25.6   24.4   24.9   26.8   25.9   27.3   27.9   28.9   29.6   29.9
47170   29.1   29.2   28.4   27.0   26.2   28.7   27.8   28.4   29.5   31.5   32.1   33.3
47172   28.6   29.0   28.0   27.4   27.5   28.5   28.2   28.5   29.7   30.4   31.1   31.2
47174   32.1   30.8   28.4   26.4   27.0   28.0   27.5   27.9   29.2   30.0   31.4   32.2
47176 -999.0 -999.0 -999.0 -999.0 -999.0 -999.0 -999.0 -999.0 -999.0 -999.0 -999.0 -999.0
47184   27.0   27.9   27.7   25.6   25.9   26.6   27.8   28.5   29.4   30.1   30.2   30.3
47185   23.6   24.8   26.3   25.4   24.7   25.3   26.9   27.8   28.3   28.5   29.3   29.0
47188   27.0   27.7   26.5   25.2   25.3   25.9   27.3   28.9   28.9   29.4   29.7   29.8
47189   29.8   27.1   27.1   25.7   25.7   26.7   27.3   28.3   28.5   29.4   29.9   30.2
47192   33.2   30.8   28.6   26.6   27.0   28.8   28.2   28.6   29.8   30.8   31.9   32.6
47203   33.3   32.4   30.3   29.3   30.5   31.5   31.1   29.9   30.9   31.6   32.9   32.8
47232   30.6   32.1   30.0   29.1   30.0   30.4   30.4   29.7   30.7   31.2   32.4   32.4
47235   28.8   29.0   27.2   26.6   27.1   28.6   27.7   27.2   28.2   29.2   30.2   30.2
47245   30.9   29.8   29.1   28.8   29.3   29.5   29.2   29.8   31.1   31.9   32.9   33.2
47247   31.1   29.9   29.0   27.2   28.3   28.6   28.5   29.1   30.5   31.0   32.1   32.6
47268   26.6   27.6   26.9   26.1   25.5   26.8   26.6   27.4   28.6   29.4   30.4   30.8
47279   32.4   30.7   30.3   28.3   29.9   30.4   29.6   30.2   31.4   31.9   32.8   32.9
47284   31.6   30.3   29.1   27.5   28.5   29.3   28.8   28.6   29.8   30.3   31.3   31.9
  887   30.6   30.9   29.4   28.0   29.1   29.3   29.2   29.5   29.4   30.0   31.5   31.6
47110   32.2   30.8   29.2   29.4   30.4   30.3   30.2   29.1   30.4   31.4   32.3   31.5
47113   29.1   28.1   27.2   27.7   28.3   28.0   28.3   27.1   28.1   29.6   30.4   29.9
47151   31.5   32.9   30.3   28.2   28.6   30.2   29.4   29.5   31.0   31.2   31.8   31.5
47153   31.6   30.1   27.8   26.4   26.6   27.7   27.1   27.9   29.3   30.3   31.3   31.0
47182   26.0   27.2   27.3   24.6   24.8   26.0   27.6   27.8   28.2   28.7   28.6   28.5
