2014071000+000HOUR     2014071009LST
STNID    15H    27H    39H    51H    63H    75H    87H    99H   111H   123H   135H   147H   159H   171H   183H   195H   207H   219H   231H   243H   255H   267H   279H
STNID 071100 071112 071200 071212 071300 071312 071400 071412 071500 071512 071600 071612 071700 071712 071800 071812 071900 071912 072000 072012 072100 072112 072200LST
47003    0.0    2.5    1.5    1.5    4.0    1.5    2.0    1.5    2.5    0.0    0.0    0.0    2.0    0.0    0.0    0.0    1.5    2.0    1.0    3.0    0.0    0.0    0.0
47005    0.0    1.5    2.5    1.5    2.0    2.0    0.0    2.5    1.5    0.0    0.0    6.0    6.5    1.5    0.5    0.0    0.0    0.0    0.0    0.0    0.0    0.0    0.0
47008    0.5    0.0    0.0    0.0    0.0    0.5    1.0    0.0    0.0    0.0    1.0    0.0    0.0    0.0    0.0    0.0    0.0    0.0    0.5    0.0    0.0    0.0    0.5
47014    0.0    2.5    8.5    2.0    7.5    6.0    0.5    0.0    2.5    0.0    0.0    1.0   11.0    1.0    3.0    1.0    0.0    0.0    0.0    0.0    0.0    0.0    0.0
47016    0.0    0.0    0.5    0.0    1.5    0.0    0.0    0.0    0.0    0.0    0.0    0.0    4.0    0.0    6.5    4.0    0.0    0.0    0.0    0.0    0.0    0.0    1.0
47020    0.0    0.0    2.0    0.0    5.0    3.5    0.0    0.0    0.0    0.0    0.0    0.0    0.0    0.0    6.0   25.0    1.0    0.0    1.0    0.0    0.0    0.0    0.0
47022    0.0    0.0    0.0    0.0    1.5    0.0    0.0    0.0    0.0    0.0    0.0    0.0    3.5    0.0    6.0   19.0    0.0    0.0    2.5    0.0    0.0    0.0    2.5
47025    1.0    0.0    0.0    0.0    0.0    0.0    0.0    0.0    0.0    0.0    0.0    0.0    0.0    0.0    3.5   59.0    0.0    0.0    0.0    0.5    0.0    0.0    0.0
47028    0.0    0.0    0.5    1.0    6.5    0.0    1.5    0.0    0.0    0.0    0.0    0.0    0.0    0.0   12.0   26.0    4.5    0.0    3.5    0.0    0.0    0.0    1.0
47031    0.0    0.0    0.0    0.0    1.0    0.0    0.0    0.0    0.0    0.0    0.0    0.0    0.0    0.0   23.5   46.0    0.0    0.0    0.0    0.0    0.0    0.0    0.0
47035    0.0    0.0    1.0    0.0    2.5    0.0    0.0    0.0    0.0    0.0    0.0    0.0    0.0    3.0   29.0   13.0    2.0    0.0    2.5    1.5    1.0    0.0    0.0
47037    0.0    0.0    4.0    1.0    4.0    0.0    0.0    0.0    0.0    0.0    0.0    0.0    0.0    1.0   42.0   35.0    7.5    0.0    4.5    5.5    0.0    0.0    0.0
47039    0.0    0.0    1.0    1.5    5.0    0.0    0.0    0.0    0.0    0.0    0.0    0.0    0.0    0.0   46.5   62.5    0.0    0.0    2.0    5.5    0.0    0.0    0.0
47041    0.0    0.0    0.0    0.0    0.0    0.0    0.0    0.0    0.0    0.0    0.0    0.0    0.0    0.0   31.0   50.0    4.5    2.5    0.0    0.0    0.0    0.0    0.5
47046    0.0    0.0    0.5    0.0    1.5    0.0    0.0    0.0    1.5    0.0    0.0    0.0    0.0    0.0   27.0   49.0    0.0    0.0    1.0    1.0    2.0    0.0    0.0
47050    0.0    0.0    0.0    0.5    1.5    0.0    0.0    0.0    0.0    0.0    0.0    0.0    0.0    1.0   66.0   45.0   10.5    0.0    0.0    6.0    2.0    0.0    0.0
47052    0.0    0.0    0.0    0.0    2.0    0.0    0.0    0.0    0.0    0.0    0.0    0.0    0.0    0.0   52.5  105.5    6.5    5.0    0.0    5.0    2.5    0.0    0.0
47055    0.0    0.0    0.0    0.0    1.5    0.0    0.0    0.0    0.0    0.0    0.0    0.0    0.0    0.0    7.5   69.0   11.0   10.0    0.0    0.0    5.0    1.0    0.0
47058    0.0    0.0    0.0    0.0    1.5    0.0    0.0    0.0    0.0    0.0    0.0    0.0    0.0    5.0   60.0   65.5   23.5    4.0    0.0    6.0    6.5    0.0    1.0
47060    0.0    0.0    0.0    0.0    0.0    0.0    0.0    0.0    0.0    0.0    0.0    0.0    0.0   14.5   61.0   57.5   19.5    4.0    0.0    2.5    0.5    0.5    1.5
47061    0.0    0.0    0.0    0.0    0.0    0.0    0.0    0.0    0.0    0.0    0.0    0.0    0.0    0.5    0.5   21.5   40.5   19.0    0.5    0.0    3.0    0.0    0.0
47065    0.0    0.0    0.0    0.0    0.0    0.0    0.0    0.0    0.0    0.0    0.0    0.0    0.0    9.0   22.0   68.5   27.0   16.0    0.0    4.5    3.5    0.5    2.0
47067    0.0    0.0    0.0    0.0    1.0    0.0    0.0    0.0    0.0    0.0    0.0    0.0    0.0    5.0    9.0   61.0   28.0   19.5    0.0    4.0    5.5    2.5    3.5
47068    0.0    0.0    0.0    0.0    0.0    0.0    0.0    0.0    0.0    0.0    0.0    0.0    0.0   27.0   54.5   45.0   13.0    1.5    0.0    2.0    0.0    0.0    0.0
47069    0.0    0.0    0.0    0.0    0.0    0.0    0.0    0.0    0.0    0.0    0.0    0.0    0.0   19.0    1.5   31.5   13.0    1.5    0.0    0.0    2.0    1.5    2.0
47070    0.0    0.0    0.0    0.0    0.0    0.0    0.0    0.0    0.0    0.0    0.0    0.0    0.0    9.0    1.0   32.5   33.5   11.0    0.0    0.0    1.0    4.5    3.5
47075    0.0    0.0    2.0    0.0    0.0    0.0    0.0    0.0    0.0    0.0    0.0    0.0    0.0    3.5    0.5   27.0   28.0   27.0    0.0    0.5    1.0    4.0    6.0
47090    0.0    0.0    0.0    0.0    0.0    0.0    0.0    0.0    0.0    0.0    0.0    0.0    0.0    0.5    0.0    0.0    3.5   23.5    1.5    0.0    0.0    0.0    0.0
47095    0.0    0.0    2.0    0.0    0.0    0.0    0.0    0.0    0.0    0.0    0.0    0.0    0.0    3.5    0.5   27.0   28.0   27.0    0.0    0.5    1.0    4.0    6.0
47098    0.0    0.0    0.0    0.0    0.0    0.0    0.0    0.0    0.0    0.0    0.0    0.0    0.0    6.0    0.5   24.0   33.5   17.0    0.0    0.0    1.5    8.0    6.0
47099    0.0    0.0    0.0    0.0    0.0    0.0    0.0    0.0    0.0    0.0    0.0    0.0    0.0    9.0    1.0   32.5   33.5   11.0    0.0    0.0    1.0    4.5    3.5
47100    0.0    0.0    0.0    0.0    0.0    0.0    0.0    0.0    0.0    1.0    0.5    0.0    0.0    4.5    0.0    0.0    3.5    2.0    1.0    0.0    0.0    1.5    1.0
47101    0.0    0.0    0.0    0.0    0.0    0.0    0.0    0.0    0.0    0.0    0.0    0.0    0.0    4.5    0.0    3.0    2.5   13.5    0.0    0.0    3.0    3.0    5.5
47104    0.0    0.0    0.0    0.0    0.0    0.0    0.0    0.0    0.0    0.0    0.0    0.0    0.0    2.0    0.0    1.5   22.0   31.0    1.5    0.0    0.0    1.5    2.0
47105    0.0    0.0    0.0    0.0    0.0    0.0    0.0    0.0    0.0    0.0    0.0    0.0    0.0    2.0    0.0    1.5   22.0   31.0    1.5    0.0    0.0    1.5    2.0
47106    0.0    0.0    0.0    0.0    0.0    0.0    0.0    0.0    0.0    4.0    3.0    0.0    0.0    1.5    0.0    0.0    0.0    7.0    3.0    0.5    0.0    0.0    0.0
47108    0.0    0.0    0.0    0.0    0.0    0.0    0.0    0.0    0.0    0.0    0.0    0.0    0.0   13.0    0.0    7.5   36.0   18.5    0.0    0.0    0.0    3.0    4.5
47112    0.0    0.0    0.0    0.0    0.0    0.0    0.0    0.0    0.0    0.0    0.0    0.0    0.0   16.0    0.5    9.0   23.5    7.5    0.0    0.0    0.0    0.5    2.0
47114    0.0    0.0    0.0    0.0    0.0    0.0    0.0    0.0    0.0    0.0    0.5    0.0    0.0    8.5    0.0    4.0   11.0   20.0    0.0    0.0    2.5    0.0    2.0
47115    0.0    0.0    0.0    0.0    0.0    0.0    0.0    0.0    0.0    0.0    4.0    0.0    0.0    0.0    0.0    0.0    0.0    2.5    0.0    0.0    0.0    0.0    0.0
47119    0.0    0.0    0.0    0.0    0.0    0.0    0.0    0.0    0.0    0.0    0.0    0.0    0.0    3.0    0.0    4.5   35.5   14.0    0.0    0.0    0.0    0.0    3.0
47121    0.0    0.0    0.0    0.0    0.0    0.0    0.0    0.0    0.0    2.5    0.0    0.0    0.0    2.5    0.0    1.5   15.0   15.0    0.0    0.0    5.0    5.5    3.0
47127    0.0    0.0    0.0    0.0    0.0    1.0    0.0    0.0    0.0    0.0    0.0    0.0    0.0    3.0    0.0    4.0   41.0   23.0    0.0    0.0    3.0    0.0    2.0
47129    0.0    0.0    0.0    0.0    0.0    0.5    0.0    0.0    0.0    0.0    0.0    0.0    0.0    0.0    0.5    1.5   15.0    3.0    1.5    0.0    0.0    2.0    5.0
47130    0.0    0.0    0.0    0.0    0.0    0.0    0.0    0.0    0.0    9.0    3.5    0.0    0.0    1.5    1.0    0.0    8.5    3.5    1.5    0.0    0.0    0.0    0.0
47131    0.0    0.0    0.0    0.0    0.0    0.0    1.0    0.0    0.0    2.0    0.0    0.0    0.0    0.5    0.0    2.5   28.5   17.0    0.5    0.0    0.5    0.0    1.5
47133    0.0    0.0    0.0    0.0    0.0    0.0    0.0    1.0    0.0    0.0    0.0    0.0    1.5    0.0    0.5    2.5    9.5    8.5    0.5    0.0    0.0    0.0    0.5
47135    0.0    0.0    0.0    0.0    0.0    0.0    0.0    0.0    0.0    6.0    0.0    0.0    0.0    1.5    0.5    1.0   13.0   15.0    1.5    0.0    0.0    0.0    2.0
47136    0.0    0.0    0.0    0.0    0.0    0.0    0.0    0.0    0.0    9.0    1.0    0.0    0.0    0.0    0.0    0.5    6.0   11.0    0.5    0.0    0.0    0.0    1.0
47137    0.0    0.0    0.0    0.0    0.0    0.0    0.0    0.0    0.0    6.0    0.0    0.0    0.0    1.5    0.5    1.0   13.0   15.0    1.5    0.0    0.0    0.0    2.0
47138    0.0    0.0    0.0    0.0    0.0    0.0    0.0    3.0    1.5   10.0    1.0    0.0    0.5    1.0    1.0    0.0    3.5   10.0    2.0    0.0    0.0    0.0    0.0
47140    0.0    0.0    0.0    0.0    0.0    0.0    0.5    0.0    0.0    0.0    0.0    0.0    2.5    0.5    0.0    0.0    6.5    6.5    0.0    0.0    0.0    0.0    0.0
47143    0.0    0.0    0.0    0.0    0.0    0.0    0.0    0.5    1.0    8.0    0.0    0.0    1.0    0.5    0.0    1.0    5.5    7.5    1.5    0.0    0.0    0.0    0.0
47146    0.0    0.0    0.0    0.0    1.0    0.0    0.5    1.0    1.0    8.0    1.0    0.0    1.5    0.0    0.0    2.0   13.5    9.0    0.0    0.0    0.0    0.0    0.0
47152    0.0    0.0    0.0    0.0    0.0    0.0    1.5    3.0    2.5   26.5    1.5    0.0    0.0    0.0    0.0    0.5    0.0    8.0   13.0    0.0    0.0    0.0    0.0
47155    0.0    0.0    0.0    0.0    1.0    0.0    2.0    1.5    3.0   20.0    0.0    0.0    0.0    0.0    0.5    1.5    1.0    1.5    7.5    0.0    0.0    0.0    0.0
47156    0.0    0.0    0.0    3.5    7.0    0.0    0.0    0.0    6.5   21.0    1.0    0.0    0.0    0.0    0.0    1.5    8.0   10.0    1.0    0.0    4.5    0.0    0.0
47159    0.0    0.0    0.0    0.0    1.0    0.0    2.0    1.5    3.0   20.0    0.0    0.0    0.0    0.0    0.5    1.5    1.0    1.5    7.5    0.0    0.0    0.0    0.0
47162    0.0    0.0    0.0    0.0    0.0    0.0    4.0    1.5    8.0   27.5    0.0    0.0    1.5    1.0    1.0    2.0    1.5    1.5    3.0    0.5    0.0    0.0    0.0
47165    0.0    0.0    0.0    0.0    0.0    0.0    0.0    0.0   24.0   11.5    0.0    0.0    3.0    0.0    0.0    1.0    7.5    8.0    0.0    0.0   15.5    1.5    2.5
47168    0.0    0.0    0.0    0.0    1.0    0.0    1.0    0.5   10.5   28.0    0.0    0.0    2.0    1.0    1.0    2.0    2.0    3.5    1.0    1.0    0.0    0.0    0.0
47169    0.0    0.0    0.0    1.0    2.0    0.0    0.0    0.0    9.0    1.0    0.0    5.0   61.0    0.0    0.0    0.5    0.0    2.0    0.0    0.0    0.0    0.0    0.0
47170    0.0    0.0    0.0    0.0    0.0    0.5    1.5    0.0   38.5    8.5    0.0    1.5   55.5    0.5    0.0    0.0    2.0    3.0    0.0    0.0    0.0    0.0    0.0
47172    0.0    0.0    0.0    4.5    1.0    0.0    0.0    0.0    5.0   11.0    1.0    0.0    0.0    0.0    0.0    2.5    4.5    8.0    0.5    0.0    0.0    1.5    1.0
47174    0.0    0.0    0.0    1.0    4.5    0.0    0.0    0.0   20.0   18.5    0.0    0.0   12.5    1.0    0.5    1.0    7.0    7.5    0.0    0.5    0.0    0.0    0.0
47184    0.0    0.0    0.0    0.0    1.5    3.5   15.0   10.5   27.0    3.0   16.0   11.0    0.0    0.0    0.0    0.5    0.5    0.0    3.0    0.0    0.0   12.5    0.0
47185    0.0    0.0    0.0    3.0    2.5    4.5   12.0   11.0   27.0    0.0    2.5   13.0    0.0    0.0    0.0    0.0    0.0    0.5    0.0    0.0    0.0   13.0    0.0
47188    0.0    0.0    0.0    0.0    1.5    4.0   16.5   10.5    9.0    0.5   17.5    7.5    0.0    0.0    0.0    0.0    0.0    0.0    1.0    0.5    0.0    8.0    0.0
47189    0.0    0.0    0.0    0.0    1.5    3.5   15.0   10.5   27.0    3.0   16.0   11.0    0.0    0.0    0.0    0.5    0.5    0.0    3.0    0.0    0.0   12.5    0.0
47192    0.0    0.0    0.0    0.0    8.0    0.0    1.0    0.0    2.0   27.0    1.0    0.0    0.0    0.0    0.5    1.0    6.5    4.0    2.5    0.0    0.0    0.0    0.0
47201    0.0    0.0    0.0    0.0    0.0    0.0    0.0    0.0    0.0    0.0    0.0    0.0    0.0    9.0    1.0   32.5   33.5   11.0    0.0    0.0    1.0    4.5    3.5
47202    0.0    0.0    0.0    0.0    0.0    0.0    0.0    0.0    0.0    0.0    0.5    0.0    0.0    8.5    0.0    4.0   11.0   20.0    0.0    0.0    2.5    0.0    2.0
47203    0.0    0.0    0.0    0.0    0.0    1.0    0.0    0.0    0.0    0.0    0.0    0.0    0.0    3.0    0.0    4.0   41.0   23.0    0.0    0.0    3.0    0.0    2.0
47211    0.0    0.0    0.0    0.0    0.0    0.0    0.0    0.0    0.0    0.0    0.0    0.0    0.0    2.5    0.5    0.0    4.5   24.5    0.0    0.0    3.0    3.0    4.0
47212    0.0    0.0    0.0    0.0    0.0    0.0    0.0    0.0    0.0    0.0    0.5    0.0    0.0    8.5    0.0    4.0   11.0   20.0    0.0    0.0    2.5    0.0    2.0
47216    0.0    0.0    0.0    0.0    0.0    0.0    0.0    0.0    0.0    6.0    4.0    0.0    0.0    2.0    0.0    0.0    5.5    2.5    0.0    0.0    0.0    0.0    1.5
47221    0.0    0.0    0.0    0.0    0.0    0.0    0.0    0.0    0.0    2.5    0.0    0.0    0.0    2.5    0.0    1.5   15.0   15.0    0.0    0.0    5.0    5.5    3.0
47226    0.0    0.0    0.0    0.0    0.0    0.0    0.0    0.0    0.0    5.0    0.5    0.0    1.0    1.0    0.0    1.5   16.5   12.5    1.0    0.0    0.0    0.0    0.0
47232    0.0    0.0    0.0    0.0    0.0    0.0    1.0    0.0    0.0    0.0    0.0    0.0    0.0    1.0    0.0    5.0   18.5   10.5    0.5    0.0    0.5    0.5    1.5
47235    0.0    0.0    0.0    0.0    0.0    0.0    0.0    0.0    0.0    0.0    1.0    0.0    3.5    0.5    0.0    0.0    5.5    4.5    1.5    0.0    0.0    1.0    3.0
47236    0.0    0.0    0.0    0.0    0.0    0.0    0.0    1.0    0.0    0.0    0.0    0.0    1.5    0.0    0.5    2.5    9.5    8.5    0.5    0.0    0.0    0.0    0.5
47238    0.0    0.0    0.0    0.0    1.0    0.0    0.0    2.5    2.0   12.0    1.0    0.0    1.0    0.5    0.0    0.0   14.5    7.0    1.0    0.0    0.0    0.0    0.0
47243    0.0    0.0    0.0    1.0    1.5    0.0    1.0    0.0    0.0    7.0    0.0    0.0    0.0    0.0    0.0    4.5   11.5    6.5    0.0    0.0    0.0    0.5    3.5
47244    0.0    0.0    0.0    0.5    3.5    0.0    0.5    0.5    0.5   13.5    1.5    0.0    0.0    0.0    0.0    1.5   14.5   10.0    1.0    0.0    0.0    0.0    1.5
47245    0.0    0.0    0.0    0.5    3.5    0.0    0.5    0.5    0.5   13.5    1.5    0.0    0.0    0.0    0.0    1.5   14.5   10.0    1.0    0.0    0.0    0.0    1.5
47247    0.0    0.0    0.0    3.5    7.0    0.0    0.0    0.0    6.5   21.0    1.0    0.0    0.0    0.0    0.0    1.5    8.0   10.0    1.0    0.0    4.5    0.0    0.0
47248    0.0    0.0    0.0    0.0    6.5    0.0    0.0    0.5    2.5   22.0    1.5    0.0    0.0    0.0    0.0    1.0    6.5    8.0    1.0    0.0    0.0    0.0    0.0
47251    0.0    0.0    0.0    4.5    1.0    0.0    0.0    0.0    5.0   11.0    1.0    0.0    0.0    0.0    0.0    2.5    4.5    8.0    0.5    0.0    0.0    1.5    1.0
47252    0.0    0.0    0.0    4.5    1.0    0.0    0.0    0.0    5.0   11.0    1.0    0.0    0.0    0.0    0.0    2.5    4.5    8.0    0.5    0.0    0.0    1.5    1.0
47253    0.0    0.0    0.0    0.0    1.0    0.0    2.0    1.5    3.0   20.0    0.0    0.0    0.0    0.0    0.5    1.5    1.0    1.5    7.5    0.0    0.0    0.0    0.0
47254    0.0    0.0    0.0    3.5    7.0    0.0    0.0    0.0    6.5   21.0    1.0    0.0    0.0    0.0    0.0    1.5    8.0   10.0    1.0    0.0    4.5    0.0    0.0
47255    0.0    0.0    0.0    0.0    1.0    0.0    2.0    1.5    3.0   20.0    0.0    0.0    0.0    0.0    0.5    1.5    1.0    1.5    7.5    0.0    0.0    0.0    0.0
47256    0.0    0.0    0.0    3.5    7.0    0.0    0.0    0.0    6.5   21.0    1.0    0.0    0.0    0.0    0.0    1.5    8.0   10.0    1.0    0.0    4.5    0.0    0.0
47257    0.0    0.0    0.0    0.0    1.0    0.0    2.0    1.5    3.0   20.0    0.0    0.0    0.0    0.0    0.5    1.5    1.0    1.5    7.5    0.0    0.0    0.0    0.0
47259    0.0    0.0    0.0    0.0    0.0    0.5    1.5    0.0   38.5    8.5    0.0    1.5   55.5    0.5    0.0    0.0    2.0    3.0    0.0    0.0    0.0    0.0    0.0
47260    0.0    0.0    0.0    1.0    4.5    0.0    0.0    0.0   20.0   18.5    0.0    0.0   12.5    1.0    0.5    1.0    7.0    7.5    0.0    0.5    0.0    0.0    0.0
47261    0.0    0.0    0.0    0.0    0.0    0.5    1.5    0.0   38.5    8.5    0.0    1.5   55.5    0.5    0.0    0.0    2.0    3.0    0.0    0.0    0.0    0.0    0.0
47262    0.0    0.0    0.0    0.0    0.0    0.0    2.5    1.0   25.0   15.0    0.0    1.0   51.0    1.0    0.5    1.0    1.5    1.5    0.0    0.0    0.0    0.0    0.0
47263    0.0    0.0    0.0    0.0    8.0    0.0    1.0    0.0    2.0   27.0    1.0    0.0    0.0    0.0    0.5    1.0    6.5    4.0    2.5    0.0    0.0    0.0    0.0
47264    0.0    0.0    0.0    0.0    6.5    0.0    0.0    0.5    2.5   22.0    1.5    0.0    0.0    0.0    0.0    1.0    6.5    8.0    1.0    0.0    0.0    0.0    0.0
47266    0.0    0.0    0.0    0.0    1.0    0.0    1.0    0.5   10.5   28.0    0.0    0.0    2.0    1.0    1.0    2.0    2.0    3.5    1.0    1.0    0.0    0.0    0.0
47268    0.0    0.0    0.0    1.0    0.0    1.0    1.0    0.0   29.5    4.0    0.0    1.5   63.0    0.0    0.0    0.5    0.5    3.0    0.0    0.0    0.0    0.0    0.0
47271    0.0    0.0    0.0    0.0    0.0    0.0    0.0    0.0    0.0    6.0    4.0    0.0    0.0    2.0    0.0    0.0    5.5    2.5    0.0    0.0    0.0    0.0    1.5
47272    0.0    0.0    0.0    0.0    0.0    0.0    0.0    0.0    0.0    6.0    0.0    0.0    0.0    0.0    0.0    1.0   21.5   17.5    0.5    0.0    0.0    1.0    0.5
47273    0.0    0.0    0.0    0.0    0.0    0.0    0.0    0.0    0.0    6.0    0.0    0.0    0.0    0.0    0.0    1.0   21.5   17.5    0.5    0.0    0.0    1.0    0.5
47276    0.0    0.0    0.0    0.0    0.0    0.0    0.0    0.0    0.0    9.5    0.0    0.0    0.0    1.5    0.0    1.5   11.5   11.5    1.5    0.0    0.0    0.0    0.0
47277    0.0    0.0    0.0    0.0    0.0    0.0    0.0    0.0    1.0   11.0    2.0    0.0    0.0    1.5    1.5    0.5    6.5    6.5    1.5    0.0    0.0    0.0    0.0
47278    0.0    0.0    0.0    0.0    0.0    0.0    0.0    0.0    0.0    9.5    0.0    0.0    0.0    1.5    0.0    1.5   11.5   11.5    1.5    0.0    0.0    0.0    0.0
47279    0.0    0.0    0.0    0.0    0.5    0.0    0.0    3.5    2.5   11.0    0.0    0.0    1.0    1.0    0.0    0.0    9.5    8.0    2.0    0.0    0.0    0.0    0.0
47281    0.0    0.0    0.0    0.0    0.0    0.0    0.0    0.5    1.0    8.0    0.0    0.0    1.0    0.5    0.0    1.0    5.5    7.5    1.5    0.0    0.0    0.0    0.0
47283    0.0    0.0    0.0    0.0    0.0    0.0    0.0    3.0    1.5   10.0    1.0    0.0    0.5    1.0    1.0    0.0    3.5   10.0    2.0    0.0    0.0    0.0    0.0
47284    0.0    0.0    0.0    0.0    6.5    0.0    0.0    0.5    2.5   22.0    1.5    0.0    0.0    0.0    0.0    1.0    6.5    8.0    1.0    0.0    0.0    0.0    0.0
47285    0.0    0.0    0.0    0.0    2.5    0.0    0.5    1.0    3.5   31.0    1.0    0.0    0.0    0.0    0.0    1.0    7.5    5.5    1.5    0.0    0.0    0.0    0.0
47288    0.0    0.0    0.0    0.0    1.0    0.0    1.0    1.5    4.0   23.0    0.5    0.0    0.0    0.0    0.0    1.0    3.0    7.5    1.5    0.0    0.0    0.0    0.0
47289    0.0    0.0    0.0    1.0    8.0    0.0    0.5    0.0    5.0   18.5    0.5    0.0    0.0    0.0    0.5    1.5    6.5    5.5    2.0    0.0    0.0    0.0    0.0
47294    0.0    0.0    0.0    0.0    1.0    0.0    7.0    2.5    0.0   25.5    0.0    0.0   17.5    0.5    0.0    2.0    2.0    1.0    2.5    0.0    0.0    0.0    0.0
47295    0.0    0.0    0.0    0.0    1.0    0.0    1.0    0.5   10.5   28.0    0.0    0.0    2.0    1.0    1.0    2.0    2.0    3.5    1.0    1.0    0.0    0.0    0.0
47299    0.0    0.0    0.0    0.0   18.5   29.0    6.5   50.0    1.0    3.0    1.0    0.0    0.0    0.0    0.0    0.0    0.0    0.5    0.0    0.0    0.0    0.0    0.0
  319    0.0    0.0    0.0    0.0    0.0    0.0    0.0    0.0    0.0    0.0    4.0    0.0    0.0    0.0    0.0    0.0    0.0    2.5    0.0    0.0    0.0    0.0    0.0
  328    0.0    0.0    0.0    0.0    1.5    3.5   15.0   10.5   27.0    3.0   16.0   11.0    0.0    0.0    0.0    0.5    0.5    0.0    3.0    0.0    0.0   12.5    0.0
  400    0.0    0.0    0.0    0.0    0.0    0.0    0.0    0.0    0.0    0.0    0.0    0.0    0.0   13.0    0.0    7.5   36.0   18.5    0.0    0.0    0.0    3.0    4.5
  433    0.0    0.0    0.0    0.0    0.0    0.0    0.0    0.0    0.0    0.0    0.0    0.0    0.0   16.0    0.5    9.0   23.5    7.5    0.0    0.0    0.0    0.5    2.0
  441    0.0    0.0    0.0    0.0    0.0    0.0    0.0    0.0    0.0    0.0    0.0    0.0    0.0   16.0    0.5    9.0   23.5    7.5    0.0    0.0    0.0    0.5    2.0
  504    0.0    0.0    0.0    0.0    0.0    0.0    0.0    0.0    0.0    0.0    0.0    0.0    0.0    6.0    0.5   24.0   33.5   17.0    0.0    0.0    1.5    8.0    6.0
  516    0.0    0.0    0.0    0.0    0.0    0.0    0.0    0.0    0.0    0.0    0.0    0.0    0.0    3.0    0.0    4.5   35.5   14.0    0.0    0.0    0.0    0.0    3.0
  517    0.0    0.0    0.0    0.0    0.0    0.0    0.0    0.0    0.0    0.0    0.0    0.0    0.0    1.0    0.0    1.0   49.5   31.5    0.5    0.0    5.0    0.5    2.0
  519    0.0    0.0    1.0    0.0    0.0    0.0    0.0    0.0    0.0    0.0    0.0    0.0    0.0    1.5    0.0    1.5   12.0   32.5    0.0    0.0    7.5    4.0    5.5
  523    0.0    0.0    0.0    0.0    0.0    0.0    0.0    0.0    0.0    0.0    0.0    0.0    0.0    2.0    0.0    1.5   22.0   31.0    1.5    0.0    0.0    1.5    2.0
  525    0.0    0.0    0.0    0.0    0.0    0.0    0.0    0.0    0.0    0.0    0.0    0.0    0.0    5.0    0.0    2.0    5.5    5.0    0.0    0.0   10.5    6.5    2.5
  526    0.0    0.0    0.0    0.0    0.0    0.0    0.0    0.0    0.0    0.0    0.0    0.0    0.0    5.0    0.0    2.0    5.5    5.0    0.0    0.0   10.5    6.5    2.5
  527    0.0    0.0    0.0    0.0    0.0    0.0    0.0    0.0    0.0    6.0    4.0    0.0    0.0    2.0    0.0    0.0    5.5    2.5    0.0    0.0    0.0    0.0    1.5
  528    0.0    0.0    0.0    0.0    0.0    0.0    0.0    0.0    0.0    0.0    0.0    0.0    1.0   29.0    5.5   57.5    4.5    0.0    0.0    0.0    0.0    0.0    0.0
  529    0.0    0.0    0.0    0.0    0.0    0.0    0.0    0.0    0.0    9.0    3.5    0.0    0.0    1.5    1.0    0.0    8.5    3.5    1.5    0.0    0.0    0.0    0.0
  530    0.0    0.0    0.0    0.0    0.0    0.0    0.0    0.0    0.0    0.0    4.0    0.0    0.0    0.0    0.0    0.0    0.0    2.5    0.0    0.0    0.0    0.0    0.0
  531    0.0    0.0    0.0    0.0    0.0    0.0    0.0    0.0    0.0    0.0    0.0    0.0    0.0    4.5    0.0    3.0    2.5   13.5    0.0    0.0    3.0    3.0    5.5
  532    0.0    0.0    0.0    0.0    0.0    0.0    0.0    0.0    0.0    0.0    0.0    0.0    0.0    6.0    0.5   24.0   33.5   17.0    0.0    0.0    1.5    8.0    6.0
  534    0.0    0.0    0.0    0.0    0.0    1.0    0.0    0.0    0.0    0.0    0.0    0.0    0.0    3.0    0.0    4.0   41.0   23.0    0.0    0.0    3.0    0.0    2.0
  536    0.0    0.0    0.0    0.0    0.0    0.0    0.0    0.0    0.0    0.0    0.0    0.0    0.0    5.0    0.0    2.0    5.5    5.0    0.0    0.0   10.5    6.5    2.5
  540    0.0    0.0    0.0    0.0    0.0    0.0    0.0    0.0    0.0    0.0    0.0    0.0    0.0   13.0    0.0    7.5   36.0   18.5    0.0    0.0    0.0    3.0    4.5
  541    0.0    0.0    0.0    0.0    0.0    0.0    0.0    0.0    0.0    0.0    0.0    0.0    0.0   13.0    0.0    7.5   36.0   18.5    0.0    0.0    0.0    3.0    4.5
  542    0.0    0.0    0.0    0.0    0.0    0.0    0.0    0.0    0.0    0.0    0.0    0.0    0.0   13.0    0.0    7.5   36.0   18.5    0.0    0.0    0.0    3.0    4.5
  546    0.0    0.0    0.0    0.0    0.0    0.0    0.0    0.0    0.0    0.0    0.0    0.0    0.0   13.0    0.0    7.5   36.0   18.5    0.0    0.0    0.0    3.0    4.5
  548    0.0    0.0    0.0    0.0    0.0    1.0    0.0    0.0    0.0    0.0    0.0    0.0    0.0    3.0    0.0    4.0   41.0   23.0    0.0    0.0    3.0    0.0    2.0
  549    0.0    0.0    0.0    0.0    0.0    0.0    0.0    0.0    0.0    0.0    0.0    0.0    0.0    3.0    0.0    4.5   35.5   14.0    0.0    0.0    0.0    0.0    3.0
  551    0.0    0.0    0.0    0.0    0.0    0.0    0.0    0.0    0.0    0.0    0.0    0.0    0.0    3.0    0.0    4.5   35.5   14.0    0.0    0.0    0.0    0.0    3.0
  552    0.0    0.0    1.0    0.0    0.0    0.0    0.0    0.0    0.0    0.0    0.0    0.0    0.0    1.5    0.0    1.5   12.0   32.5    0.0    0.0    7.5    4.0    5.5
  555    0.0    0.0    1.0    0.0    0.0    0.0    0.0    0.0    0.0    0.0    0.0    0.0    0.0    1.5    0.0    1.5   12.0   32.5    0.0    0.0    7.5    4.0    5.5
  556    0.0    0.0    0.0    0.0    0.0    0.0    0.0    0.0    0.0    0.0    0.0    0.0    0.0    1.0    0.0    1.0   49.5   31.5    0.5    0.0    5.0    0.5    2.0
  557    0.0    0.0    0.0    0.0    0.0    0.0    0.0    0.0    0.0    0.0    0.0    0.0    0.0    2.5    0.5    0.0    4.5   24.5    0.0    0.0    3.0    3.0    4.0
  559    0.0    0.0    0.0    0.0    0.0    0.0    0.0    0.0    0.0    0.0    0.0    0.0    0.0    2.5    0.5    0.0    4.5   24.5    0.0    0.0    3.0    3.0    4.0
  561    0.0    0.0    0.0    0.0    0.0    0.0    0.0    0.0    0.0    0.0    0.0    0.0    0.0    5.0    0.0    2.0    5.5    5.0    0.0    0.0   10.5    6.5    2.5
  562    0.0    0.0    0.0    0.0    0.0    0.0    0.0    0.0    0.0    2.5    0.0    0.0    0.0    2.5    0.0    1.5   15.0   15.0    0.0    0.0    5.0    5.5    3.0
  563    0.0    0.0    0.0    0.0    0.0    0.0    0.0    0.0    0.0    1.0    0.5    0.0    0.0    4.5    0.0    0.0    3.5    2.0    1.0    0.0    0.0    1.5    1.0
  565    0.0    0.0    0.0    0.0    0.0    0.0    0.0    0.0    0.0    0.0    0.0    0.0    0.0   16.0    0.5    9.0   23.5    7.5    0.0    0.0    0.0    0.5    2.0
  566    0.0    0.0    0.0    0.0    0.0    0.0    0.0    0.0    0.0    0.0    0.0    0.0    0.0    2.0    0.0    1.5   22.0   31.0    1.5    0.0    0.0    1.5    2.0
  571    0.0    0.0    0.0    0.0    0.0    0.0    0.0    0.0    0.0    0.0    0.0    0.0    0.0    4.0    0.0    1.0   17.5    4.0    0.0    0.0    0.0    0.0    0.0
  572    0.0    0.0    0.0    0.0    0.0    0.0    0.0    0.0    0.0    0.0    0.0    0.0    0.0   13.0    0.0    7.5   36.0   18.5    0.0    0.0    0.0    3.0    4.5
  579    0.0    0.0    0.0    0.0    0.0    0.0    0.0    0.0    0.0    1.0    0.5    0.0    0.0    4.5    0.0    0.0    3.5    2.0    1.0    0.0    0.0    1.5    1.0
  580    0.0    0.0    0.0    0.0    0.0    0.0    0.0    0.0    0.0    1.0    0.5    0.0    0.0    4.5    0.0    0.0    3.5    2.0    1.0    0.0    0.0    1.5    1.0
  581    0.0    0.0    0.0    0.0    0.0    0.0    0.0    0.0    0.0    6.0    4.0    0.0    0.0    2.0    0.0    0.0    5.5    2.5    0.0    0.0    0.0    0.0    1.5
  583    0.0    0.0    0.0    0.0    0.0    0.0    0.0    0.0    0.0    0.0    0.0    0.0    0.0    5.0    0.0    2.0    5.5    5.0    0.0    0.0   10.5    6.5    2.5
  586    0.0    0.0    0.0    0.0    0.0    0.0    0.0    0.0    0.0    0.0    0.0    0.0    0.0    4.5    0.0    3.0    2.5   13.5    0.0    0.0    3.0    3.0    5.5
  588    0.0    0.0    0.0    0.0    0.0    0.0    0.0    0.0    0.0    0.0    0.0    0.0    0.0    4.5    0.0    3.0    2.5   13.5    0.0    0.0    3.0    3.0    5.5
  590    0.0    0.0    0.0    0.0    0.0    0.0    0.0    0.0    0.0    0.0    0.0    0.0    0.0   13.0    0.0    7.5   36.0   18.5    0.0    0.0    0.0    3.0    4.5
  598    0.0    0.0    0.0    0.0    0.0    0.0    0.0    0.0    0.0    0.0    0.0    0.0    0.0    6.0    0.5   24.0   33.5   17.0    0.0    0.0    1.5    8.0    6.0
  601    0.0    0.0    0.0    0.0    0.0    0.0    0.0    0.0    0.0    2.5    0.0    0.0    0.0    2.5    0.0    1.5   15.0   15.0    0.0    0.0    5.0    5.5    3.0
  602    0.0    0.0    0.0    0.0    0.0    0.0    1.0    0.0    0.0    2.0    0.0    0.0    0.0    0.5    0.0    2.5   28.5   17.0    0.5    0.0    0.5    0.0    1.5
  603    0.0    0.0    0.0    0.0    0.0    0.0    1.0    0.0    0.0    2.0    0.0    0.0    0.0    0.5    0.0    2.5   28.5   17.0    0.5    0.0    0.5    0.0    1.5
  604    0.0    0.0    0.0    0.0    0.0    0.0    0.0    0.0    0.0    5.0    0.5    0.0    1.0    1.0    0.0    1.5   16.5   12.5    1.0    0.0    0.0    0.0    0.0
  605    0.0    0.0    0.0    0.0    1.0    0.0    0.0    2.5    2.0   12.0    1.0    0.0    1.0    0.5    0.0    0.0   14.5    7.0    1.0    0.0    0.0    0.0    0.0
  606    0.0    0.0    0.0    0.0    0.0    0.0    0.0    0.0    0.0    0.0    0.0    0.0    0.0    4.0    0.0    1.0   17.5    4.0    0.0    0.0    0.0    0.0    0.0
  610    0.0    0.0    0.0    0.0    0.0    0.5    0.0    0.0    0.0    0.0    0.0    0.0    0.0    0.0    0.5    1.5   15.0    3.0    1.5    0.0    0.0    2.0    5.0
  611    0.0    0.0    0.0    0.0    0.0    0.0    1.0    0.0    0.0    0.0    0.0    0.0    0.0    1.0    0.0    5.0   18.5   10.5    0.5    0.0    0.5    0.5    1.5
  612    0.0    0.0    0.0    0.0    0.0    0.0    0.0    1.0    0.0    0.0    0.0    0.0    1.5    0.0    0.5    2.5    9.5    8.5    0.5    0.0    0.0    0.0    0.5
  614    0.0    0.0    0.0    0.0    0.0    0.0    0.5    0.0    0.0    0.0    0.0    0.0    2.5    0.5    0.0    0.0    6.5    6.5    0.0    0.0    0.0    0.0    0.0
  615    0.0    0.0    0.0    0.0    0.0    0.0    0.0    1.0    0.0    0.0    0.0    0.0    1.5    0.0    0.5    2.5    9.5    8.5    0.5    0.0    0.0    0.0    0.5
  616    0.0    0.0    0.0    0.0    0.0    0.5    0.0    0.0    0.0    0.0    0.0    0.0    0.0    0.0    0.5    1.5   15.0    3.0    1.5    0.0    0.0    2.0    5.0
  617    0.0    0.0    0.0    0.0    0.0    0.0    1.0    0.0    0.0    0.0    0.0    0.0    0.0    1.0    0.0    5.0   18.5   10.5    0.5    0.0    0.5    0.5    1.5
  618    0.0    0.0    0.0    0.0    0.0    0.0    0.0    0.0    0.0    0.0    1.0    0.0    3.5    0.5    0.0    0.0    5.5    4.5    1.5    0.0    0.0    1.0    3.0
  619    0.0    0.0    0.0    0.0    0.0    1.0    0.0    0.0    0.0    0.0    0.0    0.0    0.0    3.0    0.0    4.0   41.0   23.0    0.0    0.0    3.0    0.0    2.0
  623    0.0    0.0    0.0    0.0    0.0    0.0    1.0    0.0    0.0    2.0    0.0    0.0    0.0    0.5    0.0    2.5   28.5   17.0    0.5    0.0    0.5    0.0    1.5
  624    0.0    0.0    0.0    0.0    0.0    0.0    1.0    0.0    0.0    2.0    0.0    0.0    0.0    0.5    0.0    2.5   28.5   17.0    0.5    0.0    0.5    0.0    1.5
  627    0.0    0.0    0.0    0.0    0.0    0.5    0.0    0.0    0.0    0.0    0.0    0.0    0.0    0.0    0.5    1.5   15.0    3.0    1.5    0.0    0.0    2.0    5.0
  628    0.0    0.0    0.0    0.0    0.0    0.5    0.0    0.0    0.0    0.0    0.0    0.0    0.0    0.0    0.5    1.5   15.0    3.0    1.5    0.0    0.0    2.0    5.0
  630    0.0    0.0    0.0    0.0    0.0    1.0    0.0    0.0    0.0    0.0    0.0    0.0    0.0    3.0    0.0    4.0   41.0   23.0    0.0    0.0    3.0    0.0    2.0
  634    0.0    0.0    0.0    0.0    0.0    0.0    1.0    0.0    0.0    0.0    0.0    0.0    0.0    1.0    0.0    5.0   18.5   10.5    0.5    0.0    0.5    0.5    1.5
  635    0.0    0.0    0.0    0.0    1.0    0.0    0.5    1.0    1.0    8.0    1.0    0.0    1.5    0.0    0.0    2.0   13.5    9.0    0.0    0.0    0.0    0.0    0.0
  636    0.0    0.0    0.0    0.0    0.0    0.0    0.0    1.0    0.0    0.0    0.0    0.0    1.5    0.0    0.5    2.5    9.5    8.5    0.5    0.0    0.0    0.0    0.5
  642    0.0    0.0    0.0    0.0    0.0    0.0    0.0    1.0    0.0    0.0    0.0    0.0    1.5    0.0    0.5    2.5    9.5    8.5    0.5    0.0    0.0    0.0    0.5
  652    0.0    0.0    0.0    0.0    0.0    0.0    0.0    0.0    0.0    0.0    0.0    0.0    0.0    6.0    0.5   24.0   33.5   17.0    0.0    0.0    1.5    8.0    6.0
   96    0.0    0.0    0.0    0.0    0.0    0.0    0.0    0.0    0.0    0.0    0.0    0.0    0.0    0.0    0.0    0.0    0.0    0.0    1.5    0.0    0.0    0.0    0.0
  661    0.0    0.0    0.0    0.0    0.0    0.0    0.0    0.0    0.0    0.0    0.0    0.0    0.0    0.5    0.5   21.5   40.5   19.0    0.5    0.0    3.0    0.0    0.0
  670    0.0    0.0    0.0    0.0    0.0    0.0    0.0    0.0    0.0    0.0    0.0    0.0    0.0    0.5    0.0    0.0    3.5   23.5    1.5    0.0    0.0    0.0    0.0
  671    0.0    0.0    0.0    0.0    0.0    0.0    0.0    0.0    0.0    0.0    0.0    0.0    0.0    0.5    0.0    0.0    3.5   23.5    1.5    0.0    0.0    0.0    0.0
  699    0.0    0.0    0.0    0.0    0.0    0.0    0.0    0.0   24.0   11.5    0.0    0.0    3.0    0.0    0.0    1.0    7.5    8.0    0.0    0.0   15.5    1.5    2.5
  701    0.0    0.0    0.0    0.0    1.0    0.0    0.0    2.5    2.0   12.0    1.0    0.0    1.0    0.5    0.0    0.0   14.5    7.0    1.0    0.0    0.0    0.0    0.0
  702    0.0    0.0    0.0    0.0    1.0    0.0    0.5    1.0    1.0    8.0    1.0    0.0    1.5    0.0    0.0    2.0   13.5    9.0    0.0    0.0    0.0    0.0    0.0
  703    0.0    0.0    0.0    0.0    6.5    0.0    0.0    0.5    2.5   22.0    1.5    0.0    0.0    0.0    0.0    1.0    6.5    8.0    1.0    0.0    0.0    0.0    0.0
  704    0.0    0.0    0.0    1.0    1.5    0.0    1.0    0.0    0.0    7.0    0.0    0.0    0.0    0.0    0.0    4.5   11.5    6.5    0.0    0.0    0.0    0.5    3.5
  706    0.0    0.0    0.0    3.5    7.0    0.0    0.0    0.0    6.5   21.0    1.0    0.0    0.0    0.0    0.0    1.5    8.0   10.0    1.0    0.0    4.5    0.0    0.0
  709    0.0    0.0    0.0    1.0    8.0    0.0    0.5    0.0    5.0   18.5    0.5    0.0    0.0    0.0    0.5    1.5    6.5    5.5    2.0    0.0    0.0    0.0    0.0
  710    0.0    0.0    0.0    0.0    0.0    0.0    0.0    0.0   24.0   11.5    0.0    0.0    3.0    0.0    0.0    1.0    7.5    8.0    0.0    0.0   15.5    1.5    2.5
  711    0.0    0.0    0.0    1.0    4.5    0.0    0.0    0.0   20.0   18.5    0.0    0.0   12.5    1.0    0.5    1.0    7.0    7.5    0.0    0.5    0.0    0.0    0.0
  712    0.0    0.0    0.0    0.0    1.0    0.0    1.0    0.5   10.5   28.0    0.0    0.0    2.0    1.0    1.0    2.0    2.0    3.5    1.0    1.0    0.0    0.0    0.0
  713    0.0    0.0    0.0    0.0    1.0    0.0    1.0    0.5   10.5   28.0    0.0    0.0    2.0    1.0    1.0    2.0    2.0    3.5    1.0    1.0    0.0    0.0    0.0
  727    0.0    0.0    0.0    0.0    1.5    3.5   15.0   10.5   27.0    3.0   16.0   11.0    0.0    0.0    0.0    0.5    0.5    0.0    3.0    0.0    0.0   12.5    0.0
  730    0.0    0.0    0.0    4.5    1.0    0.0    0.0    0.0    5.0   11.0    1.0    0.0    0.0    0.0    0.0    2.5    4.5    8.0    0.5    0.0    0.0    1.5    1.0
  731    0.0    0.0    0.0    0.0    0.0    0.0    0.0    0.0   24.0   11.5    0.0    0.0    3.0    0.0    0.0    1.0    7.5    8.0    0.0    0.0   15.5    1.5    2.5
  732    0.0    0.0    0.0    1.0    4.5    0.0    0.0    0.0   20.0   18.5    0.0    0.0   12.5    1.0    0.5    1.0    7.0    7.5    0.0    0.5    0.0    0.0    0.0
  733    0.0    0.0    0.0    0.0    1.0    0.0    0.5    1.0    1.0    8.0    1.0    0.0    1.5    0.0    0.0    2.0   13.5    9.0    0.0    0.0    0.0    0.0    0.0
  734    0.0    0.0    0.0    0.0    1.0    0.0    0.5    1.0    1.0    8.0    1.0    0.0    1.5    0.0    0.0    2.0   13.5    9.0    0.0    0.0    0.0    0.0    0.0
  736    0.0    0.0    0.0    0.0    0.0    0.0    0.5    0.0    0.0    0.0    0.0    0.0    2.5    0.5    0.0    0.0    6.5    6.5    0.0    0.0    0.0    0.0    0.0
  737    0.0    0.0    0.0    0.5    3.5    0.0    0.5    0.5    0.5   13.5    1.5    0.0    0.0    0.0    0.0    1.5   14.5   10.0    1.0    0.0    0.0    0.0    1.5
  738    0.0    0.0    0.0    1.0    1.5    0.0    1.0    0.0    0.0    7.0    0.0    0.0    0.0    0.0    0.0    4.5   11.5    6.5    0.0    0.0    0.0    0.5    3.5
  741    0.0    0.0    0.0    1.0    4.5    0.0    0.0    0.0   20.0   18.5    0.0    0.0   12.5    1.0    0.5    1.0    7.0    7.5    0.0    0.5    0.0    0.0    0.0
  745    0.0    0.0    0.0    0.0    0.0    0.0    0.0    0.0   24.0   11.5    0.0    0.0    3.0    0.0    0.0    1.0    7.5    8.0    0.0    0.0   15.5    1.5    2.5
  748    0.0    0.0    0.0    1.0    4.5    0.0    0.0    0.0   20.0   18.5    0.0    0.0   12.5    1.0    0.5    1.0    7.0    7.5    0.0    0.5    0.0    0.0    0.0
  751    0.0    0.0    0.0    0.0    1.5    3.5   15.0   10.5   27.0    3.0   16.0   11.0    0.0    0.0    0.0    0.5    0.5    0.0    3.0    0.0    0.0   12.5    0.0
  752    0.0    0.0    0.0    0.0    1.5    3.5   15.0   10.5   27.0    3.0   16.0   11.0    0.0    0.0    0.0    0.5    0.5    0.0    3.0    0.0    0.0   12.5    0.0
  754    0.0    0.0    0.0    0.0    0.0    0.0    0.0    0.0   24.0   11.5    0.0    0.0    3.0    0.0    0.0    1.0    7.5    8.0    0.0    0.0   15.5    1.5    2.5
  757    0.0    0.0    0.0    0.0    1.0    0.0    0.0    2.5    2.0   12.0    1.0    0.0    1.0    0.5    0.0    0.0   14.5    7.0    1.0    0.0    0.0    0.0    0.0
  762    0.0    0.0    0.0    0.5    3.5    0.0    0.5    0.5    0.5   13.5    1.5    0.0    0.0    0.0    0.0    1.5   14.5   10.0    1.0    0.0    0.0    0.0    1.5
  767    0.0    0.0    0.0    0.0    0.0    0.0    2.5    1.0   25.0   15.0    0.0    1.0   51.0    1.0    0.5    1.0    1.5    1.5    0.0    0.0    0.0    0.0    0.0
  768    0.0    0.0    0.0    3.5    7.0    0.0    0.0    0.0    6.5   21.0    1.0    0.0    0.0    0.0    0.0    1.5    8.0   10.0    1.0    0.0    4.5    0.0    0.0
  769    0.0    0.0    0.0    4.5    1.0    0.0    0.0    0.0    5.0   11.0    1.0    0.0    0.0    0.0    0.0    2.5    4.5    8.0    0.5    0.0    0.0    1.5    1.0
  771    0.0    0.0    0.0    1.5    1.0    0.0    0.0    0.0   12.5    3.5    0.0    0.0    2.5    0.5    0.0    0.5    0.5    5.5    0.0    0.0    0.0    0.0    0.0
  775    0.0    0.0    0.0    4.5    1.0    0.0    0.0    0.0    5.0   11.0    1.0    0.0    0.0    0.0    0.0    2.5    4.5    8.0    0.5    0.0    0.0    1.5    1.0
  779    0.0    0.0    0.0    3.0    2.5    4.5   12.0   11.0   27.0    0.0    2.5   13.0    0.0    0.0    0.0    0.0    0.0    0.5    0.0    0.0    0.0   13.0    0.0
  780    0.0    0.0    0.0    0.0    1.5    3.5   15.0   10.5   27.0    3.0   16.0   11.0    0.0    0.0    0.0    0.5    0.5    0.0    3.0    0.0    0.0   12.5    0.0
  789    0.0    0.0    0.0    0.0    0.0    0.0    0.0    0.0   24.0   11.5    0.0    0.0    3.0    0.0    0.0    1.0    7.5    8.0    0.0    0.0   15.5    1.5    2.5
  801    0.0    0.0    0.0    0.0    0.0    0.0    0.0    0.0    0.0   13.5    2.0    0.0    0.0    0.5    1.0    0.5    8.5    4.0    0.5    0.0    0.0    0.0    0.0
  803    0.0    0.0    0.0    0.0    0.0    0.0    0.0    0.0    0.0    9.5    0.0    0.0    0.0    1.5    0.0    1.5   11.5   11.5    1.5    0.0    0.0    0.0    0.0
  804    0.0    0.0    0.0    0.0    0.0    0.0    0.0    0.0    1.0   11.0    2.0    0.0    0.0    1.5    1.5    0.5    6.5    6.5    1.5    0.0    0.0    0.0    0.0
  810    0.0    0.0    0.0    0.0    0.5    0.0    0.0    3.5    2.5   11.0    0.0    0.0    1.0    1.0    0.0    0.0    9.5    8.0    2.0    0.0    0.0    0.0    0.0
  811    0.0    0.0    0.0    0.0    0.0    0.0    0.0    3.0    1.5   10.0    1.0    0.0    0.5    1.0    1.0    0.0    3.5   10.0    2.0    0.0    0.0    0.0    0.0
  812    0.0    0.0    0.0    0.0    2.5    0.0    0.5    1.0    3.5   31.0    1.0    0.0    0.0    0.0    0.0    1.0    7.5    5.5    1.5    0.0    0.0    0.0    0.0
  813    0.0    0.0    0.0    0.0    1.0    0.0    1.0    1.5    4.0   23.0    0.5    0.0    0.0    0.0    0.0    1.0    3.0    7.5    1.5    0.0    0.0    0.0    0.0
  815    0.0    0.0    0.0    0.0    0.0    0.0    0.0    0.0    0.0    6.0    0.0    0.0    0.0    0.0    0.0    1.0   21.5   17.5    0.5    0.0    0.0    1.0    0.5
  822    0.0    0.0    0.0    0.0    0.5    0.0    0.0    3.5    2.5   11.0    0.0    0.0    1.0    1.0    0.0    0.0    9.5    8.0    2.0    0.0    0.0    0.0    0.0
  823    0.0    0.0    0.0    0.0    0.0    0.0    0.0    0.0    0.0    9.5    0.0    0.0    0.0    1.5    0.0    1.5   11.5   11.5    1.5    0.0    0.0    0.0    0.0
  825    0.0    0.0    0.0    0.0    0.5    0.0    0.0    3.5    2.5   11.0    0.0    0.0    1.0    1.0    0.0    0.0    9.5    8.0    2.0    0.0    0.0    0.0    0.0
  827    0.0    0.0    0.0    0.0    0.0    0.0    0.0    0.5    1.0    8.0    0.0    0.0    1.0    0.5    0.0    1.0    5.5    7.5    1.5    0.0    0.0    0.0    0.0
  828    0.0    0.0    0.0    0.0    2.5    0.0    0.5    1.0    3.5   31.0    1.0    0.0    0.0    0.0    0.0    1.0    7.5    5.5    1.5    0.0    0.0    0.0    0.0
  832    0.0    0.0    0.0    0.0    0.0    0.0    0.0    0.0    0.0    6.0    0.0    0.0    0.0    1.5    0.5    1.0   13.0   15.0    1.5    0.0    0.0    0.0    2.0
  834    0.0    0.0    0.0    0.0    0.0    0.0    0.0    0.0    0.0    5.0    0.5    0.0    1.0    1.0    0.0    1.5   16.5   12.5    1.0    0.0    0.0    0.0    0.0
  836    0.0    0.0    0.0    0.0    0.0    0.0    0.0    0.0    0.0    9.5    0.0    0.0    0.0    1.5    0.0    1.5   11.5   11.5    1.5    0.0    0.0    0.0    0.0
  844    0.0    0.0    0.0    0.0    0.0    0.0    0.0    0.0    1.0   11.0    2.0    0.0    0.0    1.5    1.5    0.5    6.5    6.5    1.5    0.0    0.0    0.0    0.0
  850    0.0    0.0    0.0    0.0    0.0    0.0    1.5    3.0    2.5   26.5    1.5    0.0    0.0    0.0    0.0    0.5    0.0    8.0   13.0    0.0    0.0    0.0    0.0
  876    0.0    0.0    0.0    0.0    0.0    0.0    0.0    0.0    0.0    4.0    3.0    0.0    0.0    1.5    0.0    0.0    0.0    7.0    3.0    0.5    0.0    0.0    0.0
  877    0.0    0.0    0.0    0.0    0.0    0.0    0.0    0.0    0.0    0.0    0.5    0.0    0.0    8.5    0.0    4.0   11.0   20.0    0.0    0.0    2.5    0.0    2.0
  887    0.0    0.0    0.0    0.0    0.0    0.0    0.0    1.0    0.0    0.0    0.0    0.0    1.5    0.0    0.5    2.5    9.5    8.5    0.5    0.0    0.0    0.0    0.5
  900    0.0    0.0    0.0    0.0    0.0    0.0    1.5    3.0    2.5   26.5    1.5    0.0    0.0    0.0    0.0    0.5    0.0    8.0   13.0    0.0    0.0    0.0    0.0
  901    0.0    0.0    0.0    0.0    0.0    0.0    1.5    3.0    2.5   26.5    1.5    0.0    0.0    0.0    0.0    0.5    0.0    8.0   13.0    0.0    0.0    0.0    0.0
  907    0.0    0.0    0.0    0.0    0.0    0.0    4.0    1.5    8.0   27.5    0.0    0.0    1.5    1.0    1.0    2.0    1.5    1.5    3.0    0.5    0.0    0.0    0.0
  908    0.0    0.0    0.0    0.0    1.0    0.0    2.0    1.5    3.0   20.0    0.0    0.0    0.0    0.0    0.5    1.5    1.0    1.5    7.5    0.0    0.0    0.0    0.0
  909    0.0    0.0    0.0    0.0    1.0    0.0    7.0    2.5    0.0   25.5    0.0    0.0   17.5    0.5    0.0    2.0    2.0    1.0    2.5    0.0    0.0    0.0    0.0
  912    0.0    0.0    0.0    0.0    6.5    0.0    0.0    0.5    2.5   22.0    1.5    0.0    0.0    0.0    0.0    1.0    6.5    8.0    1.0    0.0    0.0    0.0    0.0
  915    0.0    0.0    0.0    0.0    8.0    0.0    1.0    0.0    2.0   27.0    1.0    0.0    0.0    0.0    0.5    1.0    6.5    4.0    2.5    0.0    0.0    0.0    0.0
  917    0.0    0.0    0.0    0.0    0.0    0.0    4.0    1.5    8.0   27.5    0.0    0.0    1.5    1.0    1.0    2.0    1.5    1.5    3.0    0.5    0.0    0.0    0.0
  918    0.0    0.0    0.0    0.0    0.0    0.0    4.0    1.5    8.0   27.5    0.0    0.0    1.5    1.0    1.0    2.0    1.5    1.5    3.0    0.5    0.0    0.0    0.0
  919    0.0    0.0    0.0    0.0    2.5    0.0    0.5    1.0    3.5   31.0    1.0    0.0    0.0    0.0    0.0    1.0    7.5    5.5    1.5    0.0    0.0    0.0    0.0
  920    0.0    0.0    0.0    0.0    8.0    0.0    1.0    0.0    2.0   27.0    1.0    0.0    0.0    0.0    0.5    1.0    6.5    4.0    2.5    0.0    0.0    0.0    0.0
  923    1.0    0.0    0.0    0.0    0.0    0.0    4.0    0.5    0.0   17.5    0.0    0.0    0.0    0.0    0.0    1.0    0.0    1.5   12.0    0.5    0.0    0.0    0.0
  932    0.0    0.0    0.0    1.0    8.0    0.0    0.5    0.0    5.0   18.5    0.5    0.0    0.0    0.0    0.5    1.5    6.5    5.5    2.0    0.0    0.0    0.0    0.0
  936    0.0    0.0    0.0    0.0    8.0    0.0    1.0    0.0    2.0   27.0    1.0    0.0    0.0    0.0    0.5    1.0    6.5    4.0    2.5    0.0    0.0    0.0    0.0
  940    0.0    0.0    0.0    0.0    1.0    0.0    2.0    1.5    3.0   20.0    0.0    0.0    0.0    0.0    0.5    1.5    1.0    1.5    7.5    0.0    0.0    0.0    0.0
  946    0.0    0.0    0.0    0.0    6.5    0.0    0.0    0.5    2.5   22.0    1.5    0.0    0.0    0.0    0.0    1.0    6.5    8.0    1.0    0.0    0.0    0.0    0.0
  790    0.0    0.0    0.0    0.0    0.0    0.0    4.5    2.0    6.0   20.5    0.0    1.5   41.5    1.5    1.0    2.0    4.5    2.0    0.0    0.5    0.0    0.0    0.0
10111    0.0    0.0    0.0    0.0    0.0    0.0    0.0    0.0    0.0    0.0    0.0    0.0    0.0   13.0    0.0    7.5   36.0   18.5    0.0    0.0    0.0    3.0    4.5
10112    0.0    0.0    0.0    0.0    0.0    0.0    0.0    0.0    0.0    0.0    0.0    0.0    0.0   13.0    0.0    7.5   36.0   18.5    0.0    0.0    0.0    3.0    4.5
10121    0.0    0.0    0.0    0.0    0.0    0.0    0.0    0.0    0.0    0.0    0.0    0.0    0.0    1.0    0.0    1.0   49.5   31.5    0.5    0.0    5.0    0.5    2.0
10122    0.0    0.0    0.0    0.0    0.0    0.0    0.0    0.0    0.0    0.0    0.0    0.0    0.0    1.0    0.0    1.0   49.5   31.5    0.5    0.0    5.0    0.5    2.0
10131    0.0    0.0    0.0    0.0    0.0    0.0    0.0    0.0    0.0    0.0    0.0    0.0    0.0    2.0    0.0    1.5   22.0   31.0    1.5    0.0    0.0    1.5    2.0
10132    0.0    0.0    0.0    0.0    0.0    0.0    0.0    0.0    0.0    0.0    0.0    0.0    0.0    2.0    0.0    1.5   22.0   31.0    1.5    0.0    0.0    1.5    2.0
10141    0.0    0.0    0.0    0.0    0.0    0.0    0.0    0.0    0.0    0.0    0.0    0.0    0.0    5.0    0.0    2.0    5.5    5.0    0.0    0.0   10.5    6.5    2.5
10142    0.0    0.0    0.0    0.0    0.0    0.0    0.0    0.0    0.0    0.0    0.0    0.0    0.0    5.0    0.0    2.0    5.5    5.0    0.0    0.0   10.5    6.5    2.5
10151    0.0    0.0    0.0    0.0    0.0    0.0    0.0    1.0    0.0    0.0    0.0    0.0    1.5    0.0    0.5    2.5    9.5    8.5    0.5    0.0    0.0    0.0    0.5
10152    0.0    0.0    0.0    0.0    0.0    0.0    0.0    1.0    0.0    0.0    0.0    0.0    1.5    0.0    0.5    2.5    9.5    8.5    0.5    0.0    0.0    0.0    0.5
10161    0.0    0.0    0.0    0.0    0.0    0.0    0.0    0.0    0.0    5.0    0.5    0.0    1.0    1.0    0.0    1.5   16.5   12.5    1.0    0.0    0.0    0.0    0.0
10162    0.0    0.0    0.0    0.0    0.0    0.0    0.0    0.0    0.0    5.0    0.5    0.0    1.0    1.0    0.0    1.5   16.5   12.5    1.0    0.0    0.0    0.0    0.0
10171    0.0    0.0    0.0    0.0    0.0    0.0    0.0    0.0    0.0    6.0    0.0    0.0    0.0    0.0    0.0    1.0   21.5   17.5    0.5    0.0    0.0    1.0    0.5
10172    0.0    0.0    0.0    0.0    0.0    0.0    0.0    0.0    0.0    6.0    0.0    0.0    0.0    0.0    0.0    1.0   21.5   17.5    0.5    0.0    0.0    1.0    0.5
10181    0.0    0.0    0.0    0.0    0.0    0.0    0.0    0.0   24.0   11.5    0.0    0.0    3.0    0.0    0.0    1.0    7.5    8.0    0.0    0.0   15.5    1.5    2.5
10182    0.0    0.0    0.0    0.0    0.0    0.0    0.0    0.0   24.0   11.5    0.0    0.0    3.0    0.0    0.0    1.0    7.5    8.0    0.0    0.0   15.5    1.5    2.5
10192    0.0    0.0    0.0    1.0    8.0    0.0    0.5    0.0    5.0   18.5    0.5    0.0    0.0    0.0    0.5    1.5    6.5    5.5    2.0    0.0    0.0    0.0    0.0
10201    0.0    0.0    0.0    0.5    3.5    0.0    0.5    0.5    0.5   13.5    1.5    0.0    0.0    0.0    0.0    1.5   14.5   10.0    1.0    0.0    0.0    0.0    1.5
10202    0.0    0.0    0.0    0.5    3.5    0.0    0.5    0.5    0.5   13.5    1.5    0.0    0.0    0.0    0.0    1.5   14.5   10.0    1.0    0.0    0.0    0.0    1.5
10211    0.0    0.0    0.0    0.0    1.0    0.0    0.0    2.5    2.0   12.0    1.0    0.0    1.0    0.5    0.0    0.0   14.5    7.0    1.0    0.0    0.0    0.0    0.0
10212    0.0    0.0    0.0    0.0    6.5    0.0    0.0    0.5    2.5   22.0    1.5    0.0    0.0    0.0    0.0    1.0    6.5    8.0    1.0    0.0    0.0    0.0    0.0
10221    0.0    0.0    0.0    0.0    0.0    0.0    0.0    0.0    1.0   11.0    2.0    0.0    0.0    1.5    1.5    0.5    6.5    6.5    1.5    0.0    0.0    0.0    0.0
10222    0.0    0.0    0.0    0.0    0.0    0.0    0.0    0.0    1.0   11.0    2.0    0.0    0.0    1.5    1.5    0.5    6.5    6.5    1.5    0.0    0.0    0.0    0.0
10231    0.0    0.0    0.0    1.0    8.0    0.0    0.5    0.0    5.0   18.5    0.5    0.0    0.0    0.0    0.5    1.5    6.5    5.5    2.0    0.0    0.0    0.0    0.0
10232    0.0    0.0    0.0    1.0    8.0    0.0    0.5    0.0    5.0   18.5    0.5    0.0    0.0    0.0    0.5    1.5    6.5    5.5    2.0    0.0    0.0    0.0    0.0
10241    0.0    0.0    0.0    0.0    0.0    0.0    0.0    0.0    0.0    6.0    0.0    0.0    0.0    0.0    0.0    1.0   21.5   17.5    0.5    0.0    0.0    1.0    0.5
10242    0.0    0.0    0.0    0.0    0.0    0.0    0.0    0.0    0.0    2.5    0.0    0.0    0.0    2.5    0.0    1.5   15.0   15.0    0.0    0.0    5.0    5.5    3.0
10251    0.0    0.0    0.0    0.0    0.5    0.0    0.0    3.5    2.5   11.0    0.0    0.0    1.0    1.0    0.0    0.0    9.5    8.0    2.0    0.0    0.0    0.0    0.0
10252    0.0    0.0    0.0    0.0    2.5    0.0    0.5    1.0    3.5   31.0    1.0    0.0    0.0    0.0    0.0    1.0    7.5    5.5    1.5    0.0    0.0    0.0    0.0
10261    0.0    0.0    0.0    0.0    1.5    3.5   15.0   10.5   27.0    3.0   16.0   11.0    0.0    0.0    0.0    0.5    0.5    0.0    3.0    0.0    0.0   12.5    0.0
10262    0.0    0.0    0.0    0.0    1.5    3.5   15.0   10.5   27.0    3.0   16.0   11.0    0.0    0.0    0.0    0.5    0.5    0.0    3.0    0.0    0.0   12.5    0.0
10272    0.0    0.0    0.0    0.0    1.5    3.5   15.0   10.5   27.0    3.0   16.0   11.0    0.0    0.0    0.0    0.5    0.5    0.0    3.0    0.0    0.0   12.5    0.0
10281    0.0    0.0    0.0    3.5    7.0    0.0    0.0    0.0    6.5   21.0    1.0    0.0    0.0    0.0    0.0    1.5    8.0   10.0    1.0    0.0    4.5    0.0    0.0
10282    0.0    0.0    0.0    3.5    7.0    0.0    0.0    0.0    6.5   21.0    1.0    0.0    0.0    0.0    0.0    1.5    8.0   10.0    1.0    0.0    4.5    0.0    0.0
20111    0.0    0.0    0.0    0.0    0.0    0.0    0.0    0.0    0.0    0.0    0.0    0.0    0.0    4.5    0.0    3.0    2.5   13.5    0.0    0.0    3.0    3.0    5.5
20121    0.0    0.0    0.0    0.0    0.0    0.0    0.0    0.0    0.0    0.0    0.0    0.0    0.0   13.0    0.0    7.5   36.0   18.5    0.0    0.0    0.0    3.0    4.5
20131    0.0    0.0    0.0    0.0    0.0    0.0    0.0    0.0    0.0    0.0    0.0    0.0    0.0   13.0    0.0    7.5   36.0   18.5    0.0    0.0    0.0    3.0    4.5
20141    0.0    0.0    0.0    0.0    0.0    0.0    0.0    0.0    0.0    6.0    4.0    0.0    0.0    2.0    0.0    0.0    5.5    2.5    0.0    0.0    0.0    0.0    1.5
20151    0.0    0.0    0.0    0.0    0.0    0.0    0.0    1.0    0.0    0.0    0.0    0.0    1.5    0.0    0.5    2.5    9.5    8.5    0.5    0.0    0.0    0.0    0.5
20161    0.0    0.0    0.0    0.0    1.0    0.0    0.5    1.0    1.0    8.0    1.0    0.0    1.5    0.0    0.0    2.0   13.5    9.0    0.0    0.0    0.0    0.0    0.0
20171    0.0    0.0    0.0    0.0    6.5    0.0    0.0    0.5    2.5   22.0    1.5    0.0    0.0    0.0    0.0    1.0    6.5    8.0    1.0    0.0    0.0    0.0    0.0
20181    0.0    0.0    0.0    0.5    3.5    0.0    0.5    0.5    0.5   13.5    1.5    0.0    0.0    0.0    0.0    1.5   14.5   10.0    1.0    0.0    0.0    0.0    1.5
20191    0.0    0.0    0.0    1.0    1.5    0.0    1.0    0.0    0.0    7.0    0.0    0.0    0.0    0.0    0.0    4.5   11.5    6.5    0.0    0.0    0.0    0.5    3.5
20201    0.0    0.0    0.0    3.5    7.0    0.0    0.0    0.0    6.5   21.0    1.0    0.0    0.0    0.0    0.0    1.5    8.0   10.0    1.0    0.0    4.5    0.0    0.0
20211    0.0    0.0    0.0    1.0    4.5    0.0    0.0    0.0   20.0   18.5    0.0    0.0   12.5    1.0    0.5    1.0    7.0    7.5    0.0    0.5    0.0    0.0    0.0
20221    0.0    0.0    0.0    0.0    0.0    0.0    4.5    2.0    6.0   20.5    0.0    1.5   41.5    1.5    1.0    2.0    4.5    2.0    0.0    0.5    0.0    0.0    0.0
20231    0.0    0.0    0.0    0.0    0.0    0.5    1.5    0.0   38.5    8.5    0.0    1.5   55.5    0.5    0.0    0.0    2.0    3.0    0.0    0.0    0.0    0.0    0.0
20241    0.0    0.0    0.0    0.0    0.0    0.5    1.5    0.0   38.5    8.5    0.0    1.5   55.5    0.5    0.0    0.0    2.0    3.0    0.0    0.0    0.0    0.0    0.0
20251    0.0    0.0    0.0    0.0    1.0    0.0    1.0    1.5    4.0   23.0    0.5    0.0    0.0    0.0    0.0    1.0    3.0    7.5    1.5    0.0    0.0    0.0    0.0
20261    0.0    0.0    0.0    0.0    0.0    0.0    0.0    0.0    0.0    9.0    1.0    0.0    0.0    0.0    0.0    0.5    6.0   11.0    0.5    0.0    0.0    0.0    1.0
20271    0.0    0.0    0.0    0.0    0.5    0.0    0.0    3.5    2.5   11.0    0.0    0.0    1.0    1.0    0.0    0.0    9.5    8.0    2.0    0.0    0.0    0.0    0.0
20281    0.0    0.0    0.0    0.0    0.5    0.0    0.0    3.5    2.5   11.0    0.0    0.0    1.0    1.0    0.0    0.0    9.5    8.0    2.0    0.0    0.0    0.0    0.0
20291    0.0    0.0    0.0    0.0    0.0    0.0    0.0    0.5    1.0    8.0    0.0    0.0    1.0    0.5    0.0    1.0    5.5    7.5    1.5    0.0    0.0    0.0    0.0
20301    0.0    0.0    0.0    0.0    8.0    0.0    1.0    0.0    2.0   27.0    1.0    0.0    0.0    0.0    0.5    1.0    6.5    4.0    2.5    0.0    0.0    0.0    0.0
30111    0.0    0.0    0.0    0.0    0.0    0.0    0.0    0.0    0.0    0.0    0.0    0.0    0.0   13.0    0.0    7.5   36.0   18.5    0.0    0.0    0.0    3.0    4.5
30121    0.0    0.0    0.0    0.0    0.0    0.0    0.0    0.0    0.0    0.0    0.0    0.0    0.0    4.5    0.0    3.0    2.5   13.5    0.0    0.0    3.0    3.0    5.5
30131    0.0    0.0    0.0    0.0    0.0    0.0    0.0    0.0    0.0    0.0    0.0    0.0    0.0    2.5    0.5    0.0    4.5   24.5    0.0    0.0    3.0    3.0    4.0
30141    0.0    0.0    0.0    0.0    6.5    0.0    0.0    0.5    2.5   22.0    1.5    0.0    0.0    0.0    0.0    1.0    6.5    8.0    1.0    0.0    0.0    0.0    0.0
30151    0.0    0.0    0.0    3.5    7.0    0.0    0.0    0.0    6.5   21.0    1.0    0.0    0.0    0.0    0.0    1.5    8.0   10.0    1.0    0.0    4.5    0.0    0.0
30161    0.0    0.0    0.0    0.0    2.5    0.0    0.5    1.0    3.5   31.0    1.0    0.0    0.0    0.0    0.0    1.0    7.5    5.5    1.5    0.0    0.0    0.0    0.0
30171    0.0    0.0    0.0    0.0    1.0    0.0    1.0    1.5    4.0   23.0    0.5    0.0    0.0    0.0    0.0    1.0    3.0    7.5    1.5    0.0    0.0    0.0    0.0
30181    0.0    0.0    0.0    0.0    1.0    0.0    1.0    1.5    4.0   23.0    0.5    0.0    0.0    0.0    0.0    1.0    3.0    7.5    1.5    0.0    0.0    0.0    0.0
30191    0.0    0.0    0.0    0.0    1.0    0.0    1.0    1.5    4.0   23.0    0.5    0.0    0.0    0.0    0.0    1.0    3.0    7.5    1.5    0.0    0.0    0.0    0.0
30201    0.0    0.0    0.0    0.0    6.5    0.0    0.0    0.5    2.5   22.0    1.5    0.0    0.0    0.0    0.0    1.0    6.5    8.0    1.0    0.0    0.0    0.0    0.0
30211    0.0    0.0    0.0    0.0    2.5    0.0    0.5    1.0    3.5   31.0    1.0    0.0    0.0    0.0    0.0    1.0    7.5    5.5    1.5    0.0    0.0    0.0    0.0
30221    0.0    0.0    0.0    1.0    8.0    0.0    0.5    0.0    5.0   18.5    0.5    0.0    0.0    0.0    0.5    1.5    6.5    5.5    2.0    0.0    0.0    0.0    0.0
30231    0.0    0.0    0.0    0.0    8.0    0.0    1.0    0.0    2.0   27.0    1.0    0.0    0.0    0.0    0.5    1.0    6.5    4.0    2.5    0.0    0.0    0.0    0.0
30241    0.0    0.0    0.0    1.0    8.0    0.0    0.5    0.0    5.0   18.5    0.5    0.0    0.0    0.0    0.5    1.5    6.5    5.5    2.0    0.0    0.0    0.0    0.0
30251    0.0    0.0    0.0    0.0    1.0    0.0    1.0    0.5   10.5   28.0    0.0    0.0    2.0    1.0    1.0    2.0    2.0    3.5    1.0    1.0    0.0    0.0    0.0
40111    0.0    0.0    0.0    0.0    0.0    0.0    0.0    0.0    0.0    0.0    0.0    0.0    0.0    6.0    0.5   24.0   33.5   17.0    0.0    0.0    1.5    8.0    6.0
40121    0.0    0.0    0.0    0.0    0.0    0.0    0.0    0.0    0.0    0.0    0.0    0.0    0.0    6.0    0.5   24.0   33.5   17.0    0.0    0.0    1.5    8.0    6.0
40131    0.0    0.0    0.0    0.0    0.0    0.0    0.0    0.0    0.0    0.0    0.0    0.0    0.0    6.0    0.5   24.0   33.5   17.0    0.0    0.0    1.5    8.0    6.0
40141    0.0    0.0    0.0    0.0    0.0    0.0    0.0    0.0    0.0    0.0    0.5    0.0    0.0    8.5    0.0    4.0   11.0   20.0    0.0    0.0    2.5    0.0    2.0
40151    0.0    0.0    0.0    0.0    0.0    0.0    0.0    0.0    0.0    0.0    0.0    0.0    0.0   13.0    0.0    7.5   36.0   18.5    0.0    0.0    0.0    3.0    4.5
40161    0.0    0.0    0.0    0.0    0.0    0.0    0.0    0.0    0.0    0.0    0.0    0.0    0.0   16.0    0.5    9.0   23.5    7.5    0.0    0.0    0.0    0.5    2.0
40171    0.0    0.0    1.0    0.0    0.0    0.0    0.0    0.0    0.0    0.0    0.0    0.0    0.0    1.5    0.0    1.5   12.0   32.5    0.0    0.0    7.5    4.0    5.5
40181    0.0    0.0    0.0    0.0    0.0    0.0    0.0    0.0    0.0    0.0    0.0    0.0    0.0    4.5    0.0    3.0    2.5   13.5    0.0    0.0    3.0    3.0    5.5
40191    0.0    0.0    0.0    0.0    0.0    0.0    0.0    0.0    0.0    0.0    0.0    0.0    0.0    4.5    0.0    3.0    2.5   13.5    0.0    0.0    3.0    3.0    5.5
40201    0.0    0.0    0.0    0.0    0.0    0.0    0.0    0.0    0.0    0.0    0.0    0.0    0.0    5.0    0.0    2.0    5.5    5.0    0.0    0.0   10.5    6.5    2.5
40211    0.0    0.0    0.0    0.0    0.0    0.0    0.0    0.0    0.0    1.0    0.5    0.0    0.0    4.5    0.0    0.0    3.5    2.0    1.0    0.0    0.0    1.5    1.0
40221    0.0    0.0    0.0    0.0    0.0    0.0    0.0    0.0    0.0    1.0    0.5    0.0    0.0    4.5    0.0    0.0    3.5    2.0    1.0    0.0    0.0    1.5    1.0
40231    0.0    0.0    0.0    0.0    0.0    0.0    0.0    0.0    0.0    1.0    0.5    0.0    0.0    4.5    0.0    0.0    3.5    2.0    1.0    0.0    0.0    1.5    1.0
40241    0.0    0.0    0.0    0.0    0.0    0.0    1.0    0.0    0.0    0.0    0.0    0.0    0.0    1.0    0.0    5.0   18.5   10.5    0.5    0.0    0.5    0.5    1.5
40251    0.0    0.0    0.0    0.0    1.0    0.0    0.0    2.5    2.0   12.0    1.0    0.0    1.0    0.5    0.0    0.0   14.5    7.0    1.0    0.0    0.0    0.0    0.0
40262    0.0    0.0    0.0    1.0    8.0    0.0    0.5    0.0    5.0   18.5    0.5    0.0    0.0    0.0    0.5    1.5    6.5    5.5    2.0    0.0    0.0    0.0    0.0
40271    0.0    0.0    0.0    1.0    8.0    0.0    0.5    0.0    5.0   18.5    0.5    0.0    0.0    0.0    0.5    1.5    6.5    5.5    2.0    0.0    0.0    0.0    0.0
40281    0.0    0.0    0.0    0.0    0.0    0.5    1.5    0.0   38.5    8.5    0.0    1.5   55.5    0.5    0.0    0.0    2.0    3.0    0.0    0.0    0.0    0.0    0.0
40291    0.0    0.0    0.0    0.0    0.0    0.0    0.0    0.0    0.0    0.0    4.0    0.0    0.0    0.0    0.0    0.0    0.0    2.5    0.0    0.0    0.0    0.0    0.0
40301    0.0    0.0    0.0    0.0    0.0    0.0    0.0    0.0    0.0   13.5    2.0    0.0    0.0    0.5    1.0    0.5    8.5    4.0    0.5    0.0    0.0    0.0    0.0
40311    0.0    0.0    0.0    0.0    0.0    0.0    1.5    3.0    2.5   26.5    1.5    0.0    0.0    0.0    0.0    0.5    0.0    8.0   13.0    0.0    0.0    0.0    0.0
40321    0.0    0.0    0.0    0.0    1.0    0.0    2.0    1.5    3.0   20.0    0.0    0.0    0.0    0.0    0.5    1.5    1.0    1.5    7.5    0.0    0.0    0.0    0.0
40331    0.0    0.0    0.0    1.0    8.0    0.0    0.5    0.0    5.0   18.5    0.5    0.0    0.0    0.0    0.5    1.5    6.5    5.5    2.0    0.0    0.0    0.0    0.0
40341    0.0    0.0    0.0    0.0    1.0    0.0    2.0    1.5    3.0   20.0    0.0    0.0    0.0    0.0    0.5    1.5    1.0    1.5    7.5    0.0    0.0    0.0    0.0
40351    1.0    0.0    0.0    0.0    0.0    0.0    4.0    0.5    0.0   17.5    0.0    0.0    0.0    0.0    0.0    1.0    0.0    1.5   12.0    0.5    0.0    0.0    0.0
40361    0.0    0.0    0.0    0.0    1.0    0.0    2.0    1.5    3.0   20.0    0.0    0.0    0.0    0.0    0.5    1.5    1.0    1.5    7.5    0.0    0.0    0.0    0.0
