2014071000+000HOUR     2014071009LST
STNID    15H    27H    39H    51H    63H    75H    87H    99H   111H   123H   135H   147H   159H   171H   183H   195H   207H   219H   231H   243H   255H   267H   279H
STNID 071100 071112 071200 071212 071300 071312 071400 071412 071500 071512 071600 071612 071700 071712 071800 071812 071900 071912 072000 072012 072100 072112 072200LST
47090    5.0    4.0    0.0    3.0    3.0    6.5    4.5    3.0    7.0    5.5    1.5    0.0    0.0    0.0    0.0    0.5    5.0   10.0    9.5    1.5    0.0    0.5    0.0
47095    4.5    3.0    1.5    7.0    5.5    8.0    7.0    3.5    5.0    7.5    9.5    3.5    0.0   10.0    0.0    8.5    0.0    9.0    3.0    7.5    0.0    0.0    3.5
47100    6.5    5.5    1.0    5.0    6.5    8.0    5.5    7.5    5.5    9.0    6.5    8.0    0.0    3.5    1.0    5.0    3.0    5.0    4.5    5.0    0.5    3.0    3.0
47101    5.5    4.0    2.5    8.0    6.5    6.0    7.0    5.5    9.0    8.5   10.0    4.5    6.0    9.0    7.5   10.0    8.0    7.5   10.0    8.0    4.0    0.0    4.0
47102    9.0    3.5    3.5    5.5    5.0    7.0    3.5    1.5    5.0    2.5    4.0    1.0    2.0    4.5    3.5   10.0   10.0    6.5    0.0    3.5    0.0    0.5    0.5
47105    5.0    3.5    0.0    3.5    0.0    4.5    4.5    3.0    9.5    7.5   10.0    0.0    6.5    0.0    0.0    0.0    0.0    1.0    0.5    0.0    0.5    0.0    1.5
47108    5.5    6.5    1.5    8.5    7.0    7.5    6.5    6.0    4.0    8.0    4.5    7.0    5.5   10.0    1.5   10.0    2.5   10.0   10.0    4.5    7.5    5.0    3.0
47112    5.5    6.5    3.0    7.0    7.5    7.5    6.0    4.5    5.5    5.0    4.5    2.5    5.5    9.5    9.5    9.5    5.5   10.0    1.0    0.0    0.0    3.0    0.0
47114    6.0    6.0    2.5    8.0    7.5    7.5    7.5    8.5    7.5   10.0    7.0    7.5    5.0   10.0    6.5   10.0    9.0    8.0    9.5    2.0    0.0    3.5    4.0
47115    5.0    3.0    0.0    1.5    2.0    3.0    8.5    8.5    4.0    5.0    5.0    8.5    3.5    4.0    2.5    2.5    5.0    9.0    3.0    3.0    9.5    8.0    2.5
47119    5.5    7.0    4.5    8.5    7.0    7.5    7.0    6.0    5.5    5.5    5.5    3.5    4.5    7.5    4.0   10.0   10.0   10.0    2.5   10.0    0.0    3.5    0.5
47129    5.0    7.5    0.5    3.0    6.5   10.0    7.5    5.0    6.5    9.5    0.0    7.5    5.0    7.0   10.0    5.5    8.0   10.0    9.5    4.0    0.0    0.0    0.0
47130    6.5    8.0    1.5    3.0    8.5    9.5   10.0   10.0   10.0   10.0    5.0    9.0    6.5    3.0    3.0    5.0    5.0   10.0   10.0   10.0    4.5    4.5    3.5
47131    4.5   10.0    2.5    5.0    7.0    9.5    7.5    6.0    8.5   10.0    6.0    8.0    9.0    3.0    9.0   10.0    2.0    9.5    8.0    2.5    3.0    1.5    3.0
47133    6.0    9.5    5.0    5.0    8.0   10.0   10.0    8.5    8.5    9.5   10.0    7.5    9.5    8.0    5.5   10.0    3.5   10.0    7.5    4.0    3.5    4.0    7.5
47136    6.0    7.0    2.5    2.0    7.0    7.0    9.0    6.5    8.5   10.0   10.0    6.0    5.0    3.0    7.5    4.0    2.0    3.5    7.5   10.0    0.5    7.5    0.0
47138    8.0    7.0    3.5    3.0    8.0    9.5   10.0   10.0    2.5    6.5    6.0   10.0    3.0    3.0    4.5    2.0    4.5    9.5   10.0    6.5    4.0    4.5    4.5
47140    9.5    9.5    2.0    6.0   10.0   10.0   10.0    8.5   10.0    8.0   10.0    6.5    7.0    0.0    7.5    2.0   10.0    7.5    4.5    3.5    4.5    2.0    3.0
47143    6.5    8.0    4.0    4.5    8.5    8.5   10.0   10.0    6.5   10.0    6.5    7.5    5.0    1.5    6.0    8.0    2.5    3.5    2.0    2.0    1.0    5.0    0.0
47146    5.5   10.0    1.0    5.0    7.0    9.5    8.0    9.0    8.0    9.0    6.0    6.5    5.5    6.0    2.5    7.0    5.0    9.0    4.0    4.5    0.0    3.5    0.0
47152    7.5    7.5    6.5    7.5    9.0   10.0   10.0    9.0    7.5    8.5    9.5    9.5    6.0    3.5    3.0    3.5    7.0    2.0    7.5    7.5    7.0    9.0    7.0
47155    2.0    8.0    5.0    3.0   10.0    9.0   10.0   10.0   10.0   10.0    9.0    8.0    8.5    6.5    4.5    1.5    1.5    9.5   10.0    4.5    6.0    1.5    5.0
47156    5.0    8.5    7.5    8.5   10.0    8.5    9.0   10.0    9.5    7.5    7.0    7.0    8.5   10.0    4.5    8.0    6.5    9.5    8.0    9.0    2.5    9.0    4.5
47159    7.5    8.0    6.0    3.5   10.0   10.0   10.0   10.0   10.0   10.0    8.5   10.0   10.0    9.5    9.5    1.5    3.0    3.5   10.0    2.0   10.0    2.0    4.0
47162    5.0    9.5    7.5    9.0   10.0    9.0   10.0    9.0   10.0   10.0    9.0    6.5   10.0    6.0    2.5    1.5    0.5    5.0    8.5    7.5    1.5    1.0    0.0
47165    7.0   10.0    7.0    7.5    9.0   10.0   10.0   10.0   10.0    7.5   10.0    5.0    9.5   10.0    3.0    5.0   10.0    5.0   10.0    2.0    1.5    1.0    1.5
47168    4.0    8.5    6.0    7.0   10.0    8.5   10.0   10.0    8.0   10.0    7.5    7.5   10.0   10.0    7.0    2.5    4.0   10.0    6.5    3.5    2.5    0.0    0.5
47169    5.5   10.0    9.5    7.5   10.0   10.0   10.0    9.5   10.0   10.0    7.0    4.0   10.0    6.0   10.0   10.0   10.0   10.0    8.5   10.0    2.5    0.0    0.5
47170    6.0    8.5    7.5    7.0   10.0    9.5   10.0   10.0    9.5    6.0    6.0    6.0   10.0   10.0    5.0    0.5   10.0   10.0    7.5    8.5    7.5    3.0    0.0
47172    4.5    9.5    3.5    7.5    9.0   10.0    9.5   10.0    9.5    6.0    9.0    2.5   10.0    9.5    4.5    3.0   10.0    8.0   10.0   10.0    3.5    2.5    2.0
47174    5.0   10.0    7.5    8.5    8.0    9.5    9.0   10.0    9.5    9.5    7.0   10.0    4.5   10.0    7.0    5.0    7.0    7.0    9.0   10.0    4.5    6.5    5.0
47175    7.5   10.0    8.5    7.0   10.0   10.0   10.0   10.0   10.0    9.0    6.0    8.5   10.0    9.5    8.5   10.0   10.0   10.0    9.5    7.0    4.0    2.0    1.0
47184    6.5   10.0    6.0    7.5    9.0   10.0   10.0   10.0   10.0    6.5    4.0    8.0   10.0   10.0   10.0   10.0    6.0   10.0   10.0    8.5    9.5    5.0    0.0
47185    6.5    7.5    8.5    7.0    8.5    9.5   10.0   10.0   10.0    7.0    8.0    8.0   10.0   10.0   10.0   10.0    8.5   10.0   10.0    9.5   10.0    9.5    6.5
47188    7.5    8.0    9.5    8.0    9.5    9.5    8.5   10.0   10.0   10.0    3.0    8.5   10.0   10.0   10.0   10.0   10.0   10.0   10.0    8.0   10.0    9.5    2.0
47189    4.0    8.0    7.5    7.0    8.0    9.5   10.0   10.0   10.0    7.5    5.5    9.0    6.5   10.0   10.0   10.0    9.5   10.0   10.0    8.0   10.0    8.5    6.0
47192    5.5    9.5    8.5    5.0   10.0    8.5   10.0   10.0   10.0    9.5    6.5    4.5    7.0    7.0    4.0    5.0    2.0   10.0    5.0    2.5    3.5    2.5    2.0
47232    2.5    8.5    0.0    4.0    6.5   10.0    6.0    6.0    6.5    8.5    2.5   10.0    2.5    7.5    3.0    5.0    4.5   10.0    7.0    3.0    0.0    1.0    0.5
47235    6.0    8.5    2.5    1.0    7.0    6.0   10.0    5.5    6.5    7.5    7.5    6.0    5.5    3.0    3.0    7.0   10.0    9.0    2.0   10.0    0.0    7.5    0.5
47284    2.0    8.0    3.0    4.0    5.0    8.0   10.0    8.0   10.0    7.0    9.0   10.0    5.0    7.5    6.0    2.5    2.0    6.5    6.0    5.5    3.0    6.0    1.5
47110    7.0    7.0    0.0    7.5    7.0    6.0    7.5    4.5    4.0    5.0    3.0    3.0    1.5   10.0    4.5   10.0    4.5   10.0    7.5    3.0    0.0   10.0    0.0
47113    8.0    6.5    2.0    6.5    7.0    7.0    7.5    6.5    9.5    7.0    6.0    3.0    0.5   10.0    5.5    7.5    8.5    8.0    2.5    3.5    0.0    0.0    0.5
47128    7.0    8.5    3.0    4.5    7.5    9.5    6.5    8.5    7.5    7.0    5.5    9.5    4.0    8.5    5.5   10.0    4.0   10.0    7.5    9.0    3.0    2.5    3.5
47151    7.5    8.0    4.0    3.5    6.0   10.0    8.5   10.0    5.5    5.5   10.0    9.5   10.0    5.0    4.0    3.0   10.0    4.0   10.0   10.0    6.0    4.5    8.0
47163    4.5   10.0    5.0    7.0    8.5    9.5   10.0   10.0    9.0    7.5    7.5    9.5    8.0   10.0    3.0    4.5    8.5    5.0   10.0    8.0    2.5    0.0    3.0
47167    0.5    5.5    4.0    5.0    9.5    8.0    9.5    9.0   10.0   10.0    7.5    5.0    9.0    9.5    7.0    5.5    3.0   10.0   10.0   10.0    4.5    4.0    3.0
47139    6.5    7.5    4.0    3.5    8.5    7.5    9.0   10.0   10.0    8.0    6.0    6.0    4.5    5.5    4.5    3.0   10.0    9.0   10.0   10.0   10.0    9.0    4.0
47142    3.0    8.5    2.5    5.0    8.5    8.5   10.0   10.0    9.5   10.0    9.5    7.0    0.0    7.5    2.5    7.5    1.5    9.0    7.5    3.0    4.0    4.0    0.0
47153    5.5    6.5    7.5    3.5   10.0    8.5   10.0   10.0   10.0    7.0    3.0    3.5    8.5    2.0    3.0    2.0    2.5    2.5    9.0    2.5    5.0    2.0    2.5
47158    6.0    9.0    4.5    8.0    8.5    7.5    8.5    9.0    8.0    5.5    8.0    5.0    9.5   10.0    6.5    9.0    6.0    8.5    8.0    5.5    5.5    6.0    4.0
47161    5.0   10.0    8.0    8.5   10.0    9.5    8.5   10.0    9.0    8.5    8.5    8.5    7.0    4.0    2.5    2.5    2.0    9.5    9.0    8.5    2.5    8.0    0.5
47182    5.0    7.5    7.0    7.5    9.5   10.0   10.0   10.0   10.0    6.5    5.0    4.5    9.0   10.0   10.0    9.5    8.0    9.5   10.0    9.0    9.5    9.0    0.0
