2014071000+000HOUR     2014071009LST
STNID    21H    45H    69H    93H   117H   141H   165H   189H   213H   237H   261H   285H
STNID 071106 071206 071306 071406 071506 071606 071706 071806 071906 072006 072106 072206LST
47008   19.8   18.3   18.4   17.3   18.0   18.7   20.0   19.2   18.9   19.3   21.9   20.6
47035   19.0   20.4   18.5   19.8   20.2   20.7   19.9   22.1   23.3   25.4   23.6   22.6
47041   18.4   19.1   16.9   17.9   -4.9   19.5    6.3   20.1   20.4   21.8  -23.9    2.5
47058   20.3   20.8   20.4   19.5   20.4   21.4   21.5   22.5   23.6   22.8   21.9   22.6
47070   20.3   20.0   20.5   19.2   20.5   21.0   21.4   22.4   22.8   25.0   25.0   23.4
47090   22.0   22.7   22.4   21.1   22.5   23.1   21.8   23.9   21.1   22.8   24.5   25.1
47095   19.1   18.0   18.8   18.1   20.4   20.2   20.1   20.2   21.0   21.4   22.2   22.3
47098   20.7   20.1   19.5   19.4   19.7   20.5   20.9   22.1   22.2   24.1   24.6   23.8
47099   20.0   19.5   20.3   19.3   20.7   20.0   20.3   22.4   22.6   24.6   24.8   24.0
47100   17.6   17.2   16.5   17.3   16.0   16.7   17.7   17.5   18.2   18.9   19.6   19.9
47101   20.7   20.2   19.2   20.7   21.1   21.4   21.6   22.3   22.2 -231.2 -183.1   34.7
47104   23.6   21.7   19.3   22.1   21.8   23.0   23.7   24.2   20.2   23.3   24.4   25.1
47105   27.0   24.1   23.4   23.7   23.0   25.5   24.8   26.1   22.7   24.2   26.5   27.8
47106   23.8   21.3   21.7   21.7   23.0   23.3   23.3   23.1   20.5   23.0   25.0   25.5
47108   24.5   22.6   20.7   21.5   21.5   23.5   22.9   25.1   23.7   26.1   25.1   25.2
47112   21.9   21.6   20.5   20.5   21.0   22.9   22.0   23.3   21.0   23.3   22.9   23.2
47114   21.7   19.8   19.6   20.6   19.5   21.8   22.0   22.4   23.7   24.0  -35.1   -9.0
47115   23.1   22.9   22.8   21.0   24.1   23.9   23.9   24.4   21.0   22.1   24.0   26.3
47119   20.6   20.6   20.2   20.6   21.7   22.3   22.4   23.3   22.7   24.9   24.4   23.2
47121   20.3   19.1   18.7   19.0   20.0   18.7   20.3   21.3   22.1   23.1   23.8   23.6
47127  -39.1   19.3   19.5   21.4   20.1   20.6   21.3   21.5   23.0   23.3   22.5   21.9
47129   20.2   20.0   20.0   20.1   20.8   21.5   21.1   21.8   22.7   23.8   23.8   23.6
47130   22.9   20.8   19.4   21.4   21.9   22.1   22.5   22.5   20.0   21.9   23.7   24.5
47131   22.2   21.0   20.8   21.9   22.9   22.9   23.8   24.1   23.8   26.0   25.9   25.4
47133   21.9   20.4   20.4   21.7   18.3   20.3   19.4   23.0   23.8   23.6   24.4   24.2
47135   20.3   17.5   18.9   20.6   19.1   20.1   21.6   21.2   22.3   22.5   22.9   22.9
47136   22.4   19.9   20.7   21.8   21.1   21.5   22.9   23.0   24.3   24.4   22.2   23.5
47137   21.4   20.0   20.2   21.3   20.5   21.6   21.6   22.7  -24.7   22.4   24.4   24.3
47138   25.7   23.8   21.3   23.4   23.2   25.5   23.6   25.5   24.5   25.0   28.4   26.6
47140   21.1   21.2   20.1   19.6   21.4   22.1   22.1   23.7   24.2   24.1   24.9   24.9
47143   24.6   22.6   21.1   22.4   24.4   24.0   23.9   24.8   25.9   25.8   27.5   26.6
47146   21.5   20.2   20.2   21.4   21.3   22.5   19.6   22.5   23.4   24.6   25.1   25.4
47152   24.1   21.9   18.6   20.5   22.9   23.0   22.4   22.5   24.0   24.0   26.7   25.6
47155   23.8   22.1   20.4   21.6   22.0   22.3   23.5   23.2   23.6   24.4   25.8   25.9
47156   22.3   20.6   19.6   20.2   22.5   22.8   23.2   23.3   23.0   24.6   25.8   25.5
47159   23.9   21.7   19.1   21.6   21.7   22.4   22.4   23.7   24.8   24.2   25.7   25.1
47162   22.6   19.3   19.5   21.2   21.1   21.5   22.5   22.5   22.5   23.6   23.3   24.1
47165   20.8   20.3   20.2   21.0   21.3   21.8   22.4   23.6   24.1   23.3   22.9   22.6
47168   23.2   21.2   20.9   21.7   22.0   23.3   23.5   23.5   24.7   24.4   24.8   24.6
47170   22.3   20.4   21.0   21.0   21.5   22.3   23.0   22.6   24.1   25.4   25.6   24.9
47172   20.5   18.4   20.8   21.2   18.3   21.4   22.7   20.7   22.0   20.9   24.0   22.4
47174   19.8   17.7   19.2   20.3   20.2   21.8   22.1   21.0  -55.5   17.9   25.8   22.8
47176 -999.0 -999.0 -999.0 -999.0 -999.0 -999.0 -999.0 -999.0 -999.0 -999.0 -999.0 -999.0
47184   22.1   22.9   22.2   20.8   22.4   24.5   24.8   25.4   24.2   24.9   24.6   24.8
47185   20.8   21.5   22.1   20.7   22.4   23.4   23.6   23.7   22.7   25.0   24.3   24.4
47188   21.5   20.6   22.8   21.1   21.7   23.0   23.2   23.3   23.8   24.1   23.9   24.1
47189   22.1   23.2   22.5   21.1   22.9   23.4   24.3   24.6   24.8   26.2   25.7   25.9
47192   21.0   19.2   20.0   20.6   20.8   21.5   22.9   21.7   22.1   22.7   23.0   21.9
47203   20.0   19.4   18.9   19.9   20.0   20.5   21.3   22.6   21.1   22.1   22.3   22.1
47232   19.9   18.9   19.7   20.9   20.7   21.0   21.7   21.3   22.8   23.0   23.5   22.9
47235   20.8   20.5   20.8   20.6   20.9   20.9   22.1   22.5   24.0   23.8   24.4   25.1
47245   21.2   19.3   21.1   20.6   21.0   21.4   22.9   22.5   22.2   23.4   24.9   23.9
47247   20.3   18.8   19.8   19.7   19.8   21.0   21.6   21.5   22.6   24.0   24.6   23.3
47268   20.4   19.1   21.8   21.9   22.0   22.1   23.7   24.1   24.6   23.7   23.5   23.2
47279   21.8   19.7   20.8   21.4   20.8   21.8   21.9   23.1   22.7   23.9   24.6   24.9
47284   19.4   16.7   19.0   19.7   19.5   20.3   21.2   20.6   21.2   21.0   21.0   20.6
  887   20.3   18.6   19.6   19.9   18.7   19.2   20.9   18.9   19.6   23.4   24.8   24.3
47110   20.1   21.0   20.6   20.0   20.6   21.4   20.9   21.8   23.0   24.6   23.7   22.3
47113   20.6   20.8   21.5   20.3   20.8   21.6   20.6   22.3   21.8   23.7   22.8   22.0
47151   22.0   20.0   18.4   19.1   21.0   20.7   20.7   20.9   21.3   21.2   24.5   23.1
47153   23.7   21.6   20.2   21.4   21.3   21.7   22.3   23.3   22.7   24.0   25.0   24.2
47182   21.9   21.0   22.2   22.1   21.1   22.2   23.9   24.9   23.1   23.7   23.0   22.4
