2014071000+000HOUR     2014071009LST
STNID     6H    30H    54H    78H   102H   126H   150H   174H   198H   222H   246H   270H
STNID 071015 071115 071215 071315 071415 071515 071615 071715 071815 071915 072015 072115LST
47008   26.7   26.4   25.3   24.6   26.0   27.2   27.9   29.1   25.6   24.4   25.5   26.8
47035   32.6   29.0   28.9   28.4   27.9   28.0   27.8   28.3   28.9   31.4   32.8   34.9
47041   30.8   33.2   30.3   31.3   30.2   32.7   29.9   30.7   30.1   27.4   27.5   29.5
47058   31.8   30.9   28.9   28.0   30.9   33.3   29.4   28.1   30.0   30.8   32.4   34.0
47070   30.7   31.4   28.0   29.9   30.4   30.3   27.9   24.7   24.5   28.7   32.7   34.1
47090   28.6   32.0   30.9   29.4   29.1   29.3   28.6   26.6   29.3   27.8   27.6   27.6
47095   31.3   31.3   28.5   28.9   29.5   30.2   29.0   25.1   26.7   29.2   31.7   32.3
47098   33.4   32.1   29.7   30.3   31.3   31.6   28.5   25.2   26.7   30.4   34.2   35.3
47099   33.6   32.5   29.7   31.2   31.3   31.0   27.3   25.9   26.7   30.4   34.1   35.1
47100   25.1   26.3   25.8   24.4   24.9   25.7   24.7   26.7   24.1   23.7   23.9   25.4
47101   33.2   31.8   30.3   30.3   30.3   30.1   29.1   24.1   27.1   30.2   32.3   32.2
47104   28.5   31.7   31.2   29.9   29.9   29.8   27.9   26.6   29.5   25.4   27.3   28.3
47105   29.5   32.8   31.9   30.9   30.9   30.5   28.1   26.9   30.2   26.8   27.6   27.8
47106   30.0   31.1   31.6   30.7   29.0   29.2   27.9   25.8   28.7   26.3   27.5   27.9
47108   33.2   31.8   28.5   28.9   30.4   29.2   30.3   25.8   27.1   27.6   32.5   33.6
47112   30.0   27.9   25.8   28.1   27.4   26.6   26.7   23.7   25.4   26.5   30.5   30.9
47114   33.7   31.3   31.1   29.5   30.5   31.0   30.9   26.8   28.6   30.1   31.5   32.0
47115   27.9   27.9   26.9   26.6   26.6   27.8   26.7   23.9   26.5   24.6   25.8   25.7
47119   31.4   31.0   28.9   29.5   30.4   30.2   30.4   26.4   27.3   28.5   31.1   32.9
47121   33.2   31.0   31.4   29.9   30.9   31.0   29.7   28.9   28.9   28.0   30.2   32.1
47127   33.1   31.4   31.3   29.1   30.2   30.8   30.3   26.4   27.1   28.2   31.0   32.8
47129   28.0   28.9   25.9   27.6   29.7   28.7   29.5   24.7   25.7   25.0   29.5   31.1
47130   27.6   29.2   29.1   27.5   28.5   28.4   28.6   26.8   26.2   24.6   25.8   25.0
47131   32.3   31.8   31.3   29.8   30.8   30.7   28.6   26.9   27.0   26.1   31.2   33.3
47133   32.2   28.9   30.1   28.9   30.7   29.5   29.1   26.6   26.9   26.2   30.1   32.1
47135   31.1   27.1   29.5   27.7   28.9   29.7   26.3   26.7   26.6   27.2   28.4   29.0
47136   34.5   30.4   30.9   29.2   31.1   33.1   29.6   27.4   29.1   27.6   31.0   31.4
47137   32.8   28.5   30.9   30.0   29.6   30.1   29.8   26.6   27.9   26.5   30.2   30.9
47138   31.2   31.4   31.9   29.9   31.1   30.5   29.5   29.3   28.3   26.8   28.6   27.3
47140   27.8   28.7   27.4   26.5   28.7   27.0   26.0   26.0   27.7   26.0   28.8   30.6
47143   34.1   30.9   29.8   30.2   31.6   32.9   28.5   32.1   29.9   29.6   32.6   31.5
47146   30.7   30.3   30.1   29.9   31.2   31.0   27.6   29.0   29.2   27.8   31.1   33.4
47152   31.1   29.2   29.4   29.4   31.4   31.2   28.1   29.5   28.4   27.7   30.4   30.6
47155   32.5   25.5   27.3   27.7   30.7   28.6   25.9   27.9   28.2   27.1   29.2   30.2
47156   31.2   29.2   29.1   28.3   30.8   30.8   27.7   28.9   29.9   28.2   30.8   32.7
47159   30.2   26.3   25.9   26.6   28.7   26.9   25.9   27.0   28.1   28.7   28.3   29.2
47162   29.4   23.2   25.0   25.2   26.9   24.7   25.4   25.6   28.2   27.5   28.0   29.2
47165   28.2   27.0   26.8   26.8   27.4   28.2 -195.9   27.4   28.0   26.7   29.6   29.1
47168   30.0   26.5   25.2   26.1   26.6   25.3   25.1   26.6   27.5   26.4   28.1   28.4
47170   28.5   27.3   27.6   28.7   29.3   26.9   27.1   28.6   28.8   27.8   32.1   28.7
47172   28.3   30.4   27.5   27.7   28.4   29.6   26.9   27.6   28.9   27.9   29.9   32.2
47174   31.5   29.5   27.6   27.7   29.5   28.7   26.0   28.0   28.2   26.0   28.4   30.0
47176 -999.0 -999.0 -999.0 -999.0 -999.0 -999.0 -999.0 -999.0 -999.0 -999.0 -999.0 -999.0
47184   27.6   28.0   28.1   24.8   27.4   25.4   27.0   28.9   28.4   29.4   31.0   30.0
47185   23.4   23.5   24.3   24.6   25.1   24.9   27.2   28.6   28.6   29.3   29.3   30.4
47188   26.7   26.5   23.9   25.4   25.1   24.5   26.6   28.3   27.8   28.0   31.0   29.6
47189   29.8   25.7   25.4   26.4   27.1   25.4   27.1   28.7   27.6   29.1   31.6   31.0
47192   32.8   29.1   27.6   28.4   29.7   29.6   26.3   27.6   29.3   28.5   29.8   30.3
47203   34.8   32.4   30.8   29.7   30.7   29.3   30.1   26.2   26.7   28.3   32.7   33.3
47232   30.1   31.5   30.2   29.1   30.3   30.7   30.8   26.8   26.6   28.1   31.4   32.8
47235   28.4   28.4   26.7   26.1   26.1   26.9   29.1   24.8   26.6   25.0   28.5   30.7
47245   30.5   30.0   29.3   28.6   31.4   30.9   26.9   28.3   30.0   27.4   30.7   32.5
47247   30.6   28.8   29.0   28.6   30.1   30.1   26.7   28.4   28.4   27.7   30.3   31.3
47268   26.4   26.0   26.2   25.7   27.2   26.1   26.4   27.2   28.5   28.4   30.0   30.1
47279   32.6   29.0   30.9   30.0   31.2   31.7   29.3   28.4   28.8   28.5   31.8   30.6
47284   31.3   29.0   29.0   28.6   29.5   28.5   26.9   27.8   27.7   26.6   29.0   29.7
  887   30.3   29.9   30.7   29.8   30.1   30.0   29.5   26.1   25.3   26.0   30.2   31.7
47110   32.5   30.7   28.5   29.0   29.8   29.3   28.8   25.1   27.1   28.9   31.4   32.3
47113   29.0   28.1   26.2   27.5   27.4   26.8   27.9   24.2   24.9   27.0   29.9   30.7
47151   31.7   30.3   29.3   29.7   30.7   30.9   26.4   27.5   28.3   27.2   31.6   30.0
47153   31.9   27.4   26.1   27.3   28.7   26.6   25.1   26.7   28.7   28.3   29.5   30.3
47182   25.9   27.4   27.8   23.2   25.5   26.6   27.3   28.6   28.1   28.5   28.9   27.4
