2014071000+000HOUR     2014071009LST
STNID    21H    45H    69H    93H   117H   141H   165H   189H   213H   237H   261H   285H
STNID 071106 071206 071306 071406 071506 071606 071706 071806 071906 072006 072106 072206LST
47008   18.6   17.8   17.1   18.8   19.3   19.5   20.8   19.8   20.3   21.0   19.3   22.7
47035   19.7   20.1   18.9   19.7   20.2   20.7   21.7   21.4   22.8   22.3   21.6   23.5
47041   18.6   17.5   17.2   17.6   18.0   20.0   20.2   20.9   18.8   18.6   18.4   18.8
47058   20.0   21.1   20.9   20.7   20.7   22.3   23.7   24.9   23.0   22.6   22.1   22.7
47070   19.8   21.9   21.7   21.9   21.1   21.0   23.3   20.9   21.4   22.7   22.1   23.0
47090   21.0   24.4   23.5   22.1   22.8   23.2   22.0   20.9   21.1   22.0   20.0   22.1
47095   18.5   20.3   20.2   19.5   20.1   20.0   20.3   20.9   21.3   20.7   21.0   21.2
47098   20.2   21.5   21.6   21.4   20.2   20.8   24.3   23.0   21.4   22.8   21.9   21.8
47099   19.9   22.2   21.8   22.2   21.3   20.2   23.2   21.8   22.0   23.4   22.3   22.3
47100   16.9   17.4   17.8   18.3   17.0   17.3   17.4   17.5   15.9   17.7   16.3   19.2
47101   20.3   20.9   21.6   21.0   21.4   20.9   21.9   21.6   21.6 -447.6   10.0   28.2
47104   22.7   22.3   20.1   23.6   22.7   23.1   21.3   20.5   21.5   22.2   20.2   22.4
47105   26.1   25.4   24.9   25.0   24.0   24.0   22.4   21.3   23.0   23.1   20.4   24.3
47106   21.6   22.6   23.1   23.2   22.5   23.1   22.1   20.8   21.0   21.9   20.3   25.2
47108   23.5   22.1   22.9   23.6   22.3   23.2   24.3   23.2   23.7   27.4   23.8   22.1
47112   21.9   22.2   22.7   23.1   22.7   23.2   25.1   24.5   23.9   24.9   23.9   21.5
47114   21.9   20.9   20.7   20.3   21.0   22.0   22.4   22.0   22.3  -18.0    6.7   24.4
47115   22.8   23.6   23.1   23.1   22.4   22.6   21.8   21.2   22.2   22.6   21.7   22.7
47119   21.1   21.9   22.9   23.3   22.2   22.7   24.5   23.7   23.5   23.9   23.0   23.2
47121   20.2   19.3   19.8   18.6   20.3   20.6   20.9   20.6   21.5   20.9   20.9   24.6
47127  -39.1   21.5   21.7   22.3   20.8   21.1   24.4   23.7   21.5   21.5   23.5   23.9
47129   20.6   21.3   22.0   22.0   21.6   21.6   22.7   21.9   22.9   22.4   22.4   21.8
47130   22.3   21.8   22.5   21.9   22.0   20.9   21.5   20.6   20.5   20.9   19.7   23.2
47131   22.5   22.9   23.8   22.0   23.6   22.9   24.1   22.9   23.6   23.5   24.4   24.6
47133   23.2   22.2   23.7   22.1   21.6   22.5   22.0   20.2   23.8   23.4   24.0   24.4
47135   19.9   19.0   21.1   21.0   20.2   20.9   22.0   21.7   21.5   21.4   21.0   22.5
47136   22.0   21.0   22.5   22.7   21.9   22.8   23.3   22.8   22.2   22.2   22.0   24.9
47137   21.3   20.4   22.4   21.5   21.4   22.4   22.7   20.6   19.6   20.4   21.4   21.9
47138   25.5   23.0   24.9   24.5   23.1   22.2   23.7   22.0   23.1   21.7   23.4   26.9
47140   20.8   21.0   22.8   15.5   22.6   22.8   23.8   23.2   23.9   23.2   22.8   22.9
47143   24.1   21.9   24.4   22.4   23.6   23.2   24.5   23.6   24.4   23.1   24.1   26.8
47146   21.9   20.7   23.3   22.1   22.1   23.6   22.6   23.9   24.0   23.6   24.4   26.5
47152   23.4   21.5   23.5   20.7   22.5   22.7   23.7   22.5   22.4   21.9   23.4   25.8
47155   23.5   21.7   23.8   21.6   23.1   23.4   24.2   23.4   23.5   22.8   25.6   27.1
47156   22.6   21.2   23.0   20.2   23.2   23.4   24.3   23.6   24.2   24.7   24.9   23.8
47159   23.5   22.1   23.6   21.6   21.2   23.2   23.7   22.9   23.4   24.2   25.5   24.1
47162   22.2   19.9   22.9   21.6   22.1   22.5   23.3   22.5   20.8   23.3   24.6   24.4
47165   21.2   21.6   22.0   20.5   21.8   22.5   23.6   23.1   24.6   23.6   23.0   23.5
47168   22.9   20.9   23.1   21.8   22.6   23.2   24.2   22.7   23.7   23.8   25.5   24.8
47170   23.2   22.4   23.7   21.9   22.5   23.3   24.3   23.6   23.7   24.1   23.7   22.6
47172   20.4   21.1   22.4   22.5   22.4   21.8   25.2   22.8   22.5   23.6   22.5   20.4
47174   19.3   20.0   21.3   20.4   21.5   21.0   23.0   21.1 -132.2  -92.1   11.5   12.4
47176 -999.0 -999.0 -999.0 -999.0 -999.0 -999.0 -999.0 -999.0 -999.0 -999.0 -999.0 -999.0
47184   24.2   25.4   23.8   25.7   23.1   24.9   24.4   24.4   24.2   24.4   24.6   24.3
47185   23.0   24.8   23.6   24.5   22.1   24.0   24.7   24.4   23.4   23.5   24.0   23.2
47188   22.4   24.0   24.5   25.3   23.0   24.6   23.9   24.2   24.5   25.6   25.8   23.2
47189   23.9   24.6   24.1   25.4   23.3   24.4   24.9   25.1   25.7   25.9   26.5   24.9
47192   20.3   20.3   22.6   21.5   21.9   22.6   23.4   22.7   21.8   22.0   22.3   24.9
47203   20.9   21.0   21.1   21.0   20.7   20.7   23.2   22.2   21.1   20.3   21.5   22.9
47232   20.9   21.4   22.3   21.9   21.5   21.4   24.0   23.0   22.5   22.1   23.4   23.9
47235   21.6   22.6   23.1   22.2   21.9   22.2   23.8   22.6   23.0   23.6   22.8   21.2
47245   21.9   20.7   22.9   21.1   21.7   22.2   24.0   22.1   22.5   23.7   22.7   22.2
47247   20.5   18.9   21.1   20.5   20.9   21.8   22.9   22.4   22.6   23.4   23.7   23.7
47268   20.9   20.5   22.5   22.4   22.1   22.4   24.3   23.5   22.5   24.1   23.1   22.9
47279   21.4   19.4   22.1   21.7   21.9   21.9   23.2   22.2   21.8   22.7   23.0   24.8
47284   18.2   16.8   20.7   20.1   20.8   19.7   22.3   22.0   21.0   21.3   22.1   24.1
  887   21.1   20.7   21.3   20.3   19.9   19.9   24.4   20.4   21.2   19.6   22.6   25.1
47110   20.3   22.6   22.9   23.7   21.8   21.5   25.7   24.7   22.9   23.9   21.7   22.4
47113   21.5   22.4   23.0   24.2   22.8   22.0   24.4   23.2   23.3   23.8   23.4   22.9
47151   21.8   18.8   23.4   19.9   22.2   21.1   22.7   21.1   21.7   21.8   25.3   22.6
47153   22.5   21.5   23.6   21.7   22.1   22.8   24.2   22.9   22.1   23.6   25.3   26.5
47182   23.5   24.9   23.1   25.9   22.0   23.4   23.9   22.4   20.0   22.8   24.4   22.9
