2014071000+000HOUR     2014071009LST
STNID     6H    30H    54H    78H   102H   126H   150H   174H   198H   222H   246H   270H
STNID 071015 071115 071215 071315 071415 071515 071615 071715 071815 071915 072015 072115LST
47008   25.7   25.0   27.6   24.2   25.2   25.4   27.6   27.8   25.2   25.8   25.9   28.4
47035   32.5   32.1   30.0   30.4   28.5   27.1   29.4   31.3   28.6   28.9   33.9   33.1
47041   31.8   31.8   32.7   32.5   30.1   32.0   29.0   28.0   29.8   30.2   29.5   31.3
47058   30.9   29.7   30.7   29.7   30.1   32.4   32.9   32.3   29.5   29.4   31.3   31.5
47070   31.4   31.0   28.8   26.9   30.8   28.1   30.7   24.8   26.8   28.1   32.1   31.8
47090   29.0   30.4   31.8   29.8   30.4   29.2   26.9   26.0   26.8   28.0   27.7   28.3
47095   31.8   30.4   29.0   27.0   30.2   30.7   31.5   26.4   28.1   31.1   30.7   32.0
47098   33.0   32.0   30.0   27.6   32.1   30.8   33.0   26.8   28.7   31.1   32.8   32.8
47099   33.5   32.7   30.0   28.2   31.8   29.1   32.7   26.6   28.4   30.2   33.7   33.3
47100   25.4   25.2   25.4   24.5   25.5   27.1   26.0   23.1   23.9   24.0   23.6   24.7
47101   33.0   30.8   29.5   28.8   31.4   30.0   31.7   27.0   27.9   31.1   31.7   32.2
47104   27.7   30.6   30.4   30.2   30.1   30.1   28.5   27.9   28.0   26.7   27.0   27.9
47105   28.3   31.2   30.9   30.8   31.4   30.9   29.6   28.4   29.0   28.0   27.5   28.0
47106   27.5   30.6   30.8   30.8   28.8   29.0   27.7   27.0   27.9   28.0   26.9   27.6
47108   32.4   31.1   28.4   27.7   30.9   29.6   32.9   25.5   28.9   30.6   31.8   31.7
47112   28.8   27.1   26.4   26.1   27.9   28.0   30.3   24.8   26.8   27.5   29.2   30.6
47114   33.0   31.0   30.0   30.6   31.5   30.9   32.4   28.5   30.0   31.1   32.5   32.6
47115   26.4   28.7   27.7   26.7   27.9   28.8   24.8   24.9   26.0   25.2   25.5   25.4
47119   31.6   30.0   28.6   29.0   31.0   31.6   32.1   26.8   28.3   29.7   31.2   32.3
47121   33.1   29.9   30.6   30.7   31.8   31.2   30.2   27.7   30.4   29.8   30.8   31.7
47127   32.9   31.1   30.1   30.8   31.2   30.4   29.3   28.9   30.8   29.5   31.6   32.4
47129   28.4   28.3   26.6   26.7   30.1   28.1   30.9   26.4   28.6   29.7   29.7   29.6
47130   26.9   29.8   29.9   29.4   28.6   29.2   24.3   25.8   28.4   25.5   26.3   26.7
47131   31.9   32.2   30.6   29.9   31.6   27.5   27.0   29.1   29.1   30.1   31.1   31.9
47133   31.3   30.1   29.4   29.2   31.3   26.3   27.1   28.5   29.5   30.1   31.1   30.3
47135   31.3   29.1   29.2   29.6   29.5   28.8   26.5   28.4   28.6   28.6   29.4   28.9
47136   33.3   30.8   30.7   30.8   32.2   30.8   27.6   29.5   30.8   29.1   31.2   32.5
47137   32.7   30.7   30.3   30.4   30.5   29.4   27.6   29.6   29.7   30.1   30.6   31.9
47138   31.5   32.7   32.6   31.5   31.5   31.8   28.1   30.0   30.1   28.0   27.5   28.2
47140   28.9   27.9   27.7   26.7   27.5   28.0   26.7   27.5   28.3   29.6   30.1   30.9
47143   34.0   31.6   31.4   32.4   32.6   32.1   28.3   30.4   31.7   31.8   32.1   32.9
47146   32.0   29.2   29.6   29.2   30.7   29.8   28.3   30.3   29.9   31.1   33.1   31.4
47152   32.4   31.6   30.6   31.3   32.1   31.2   28.7   30.2   28.7   29.9   30.9   30.8
47155   32.7   29.9   30.4   28.9   31.4   29.6   27.0   28.0   27.4   29.8   31.6   31.4
47156   31.9   29.1   28.9   29.0   30.2   29.0   28.0   29.4   27.2   31.6   32.3   31.5
47159   30.6   28.1   27.7   27.6   29.7   29.5   26.0   26.7   27.2   29.0   29.7   30.0
47162   29.8   26.7   25.2   25.2   28.5   26.8   25.3   25.1   27.0   29.4   29.7   29.8
47165   28.8   26.7   26.9   26.8   27.3   27.0 -195.9   27.0   27.3   27.7   27.6   27.7
47168   30.8   28.5   25.3   25.6   28.5   27.1   25.5   26.7   26.0   29.0   29.9   29.4
47170   28.7   27.8   28.2   28.6   30.4   27.2   26.9   27.9   26.0   28.6   29.7   28.7
47172   28.6   29.0   28.7   27.0   28.0   29.2   26.8   27.5   28.4   30.5   31.8   30.8
47174   32.1   30.4   30.1   28.0   30.3   30.0   26.6   27.8   26.7   29.3   31.9   31.5
47176 -999.0 -999.0 -999.0 -999.0 -999.0 -999.0 -999.0 -999.0 -999.0 -999.0 -999.0 -999.0
47184   27.3   27.1   29.1   24.9   27.5   26.3   29.3   29.5   28.3   29.1   28.2   28.1
47185   23.5   24.0   26.0   26.0   26.6   25.3   26.2   27.3   27.7   28.4   29.5   29.2
47188   26.7   25.8   26.9   24.1   27.2   25.1   26.7   29.5   27.5   29.6   29.1   26.8
47189   30.1   26.2   27.7   25.5   27.2   25.9   27.3   27.8   27.7   28.9   28.3   28.2
47192   33.5   30.7   29.5   28.0   30.7   30.8   26.9   27.9   27.3   30.0   31.6   30.9
47203   34.0   31.5   30.1   30.1   31.1   29.8   32.2   28.1   29.0   29.8   32.5   32.1
47232   30.8   31.5   29.0   29.8   31.0   27.7   30.1   28.2   28.9   30.6   30.9   31.0
47235   29.3   27.3   27.1   25.8   25.2   27.3   26.5   25.9   27.9   28.7   29.7   29.0
47245   31.1   28.9   29.8   30.2   29.7   29.9   28.3   29.8   30.4   31.6   32.9   32.6
47247   31.4   29.6   30.0   28.4   30.1   30.3   27.0   28.8   28.8   31.3   31.8   32.5
47268   26.5   26.5   27.3   27.0   27.8   27.0   26.3   26.9   27.8   29.5   30.0   30.3
47279   32.5   30.5   31.4   30.1   31.7   30.9   28.3   30.4   31.1   31.1   31.6   32.2
47284   31.9   29.9   30.7   29.3   30.2   30.3   27.9   29.5   29.3   30.5   30.7   32.0
  887   31.1   30.5   28.4   29.8   31.3   28.2   28.5   29.6   27.5   29.7   30.4   30.1
47110   32.2   30.5   28.3   27.7   30.4   29.3   31.4   25.5   29.2   30.4   32.0   31.1
47113   28.4   27.2   27.0   26.5   27.8   28.4   29.7   25.2   26.6   27.5   29.2   29.3
47151   32.3   33.0   31.8   30.1   32.0   30.8   27.5   29.3   29.4   29.6   29.8   30.5
47153   32.1   29.7   28.2   28.4   30.0   28.9   26.1   27.2   26.3   30.0   30.3   29.9
47182   26.1   26.8   28.4   23.8   27.3   24.3   29.8   29.0   27.6   26.7   26.5   26.2
