2014071000+000HOUR     2014071009LST
STNID    21H    45H    69H    93H   117H   141H   165H   189H   213H   237H   261H   285H
STNID 071106 071206 071306 071406 071506 071606 071706 071806 071906 072006 072106 072206LST
47008   19.1   18.0   18.7   18.0   19.1   19.5   19.3   20.7   21.0   19.6   19.3   19.6
47035   19.4   20.6   18.9   20.1   21.0   19.3   20.8   21.1   21.4   24.1   24.2   23.4
47041   18.2   18.2   17.1   18.1   19.1   18.5   18.7   20.5   20.3   20.8   21.7   20.4
47058   20.2   20.3   20.4   21.8   21.3   22.7   22.4   22.5   22.8   23.0   23.2   22.5
47070   19.3   20.3   20.4   20.5   20.2   21.1   20.7   21.4   21.8   24.2   23.4   23.9
47090   20.5   23.8   23.4   20.5   20.1   22.6   22.3   24.7   23.7   22.8   22.0   22.6
47095   18.4   19.6   19.0   19.8   19.1   20.9   21.5   22.2   21.8   22.2   21.9   21.3
47098   19.5   20.4   20.0   20.5   19.6   21.0   22.0   23.7   22.1   23.4   22.3   22.5
47099   18.8   20.7   20.4   20.9   20.3   21.4   21.8   23.0   22.2   23.7   23.0   23.0
47100   16.7   16.8   17.5   17.7   16.2   17.9   18.6   18.1   18.1   17.7   17.5   17.8
47101   19.6   20.1   20.3   20.6   20.5   21.9   21.6   22.1   23.0  -74.5   22.3 -133.9
47104   23.2   22.3   20.2   21.6   19.3   22.4   22.0   23.9   24.5   21.9   21.7   22.2
47105   25.5   25.5   25.1   22.2   20.1   23.6   24.5   25.0   26.8   23.7   22.3   22.9
47106   20.0   21.9   23.0   19.8   20.2   22.4   22.7   23.9   22.8   22.9   22.0   22.8
47108   23.0   22.2   22.1   21.1   21.3   22.3   23.5   22.4   23.0   25.7   28.1   29.2
47112   21.1   21.5   21.3   21.2   21.6   22.2   22.5   24.4   22.9   24.0   25.6   28.0
47114   21.4   20.5   20.5   19.4   19.9   21.2   21.9   21.9   21.6   25.2   22.1  -17.7
47115   23.0   24.7   23.6   20.6   20.9   21.8   22.5   23.5   25.6   22.9   19.6   20.7
47119   21.1   21.2   22.0   22.0   20.5   22.1   22.0   24.4   22.8   25.0   24.0   23.8
47121   20.1   18.9   19.3   18.7   19.7   19.4   21.4   21.2   22.5   22.8   22.0   21.9
47127  -39.1   20.0   20.2   20.2   20.9   21.4   22.7   22.2   21.1   23.7   22.8   22.0
47129   20.9   20.3   20.2   19.6   20.8   21.6   21.9   21.9   22.2   22.7   22.4   22.5
47130   21.8   22.0   20.3   20.0   19.8   21.0   21.4   22.7   19.8   21.8   20.6   21.4
47131   22.7   21.7   21.6   20.8   21.0   22.5   22.6   23.5   23.2   24.3   24.6   24.0
47133   22.8   21.4   20.8   20.0   19.5   16.6   21.8   21.5   19.1   25.0   23.6   24.0
47135   19.9   18.3   18.8   20.0   19.6   20.5   21.5   21.3   21.4   22.5   20.8   21.6
47136   21.2   20.2   21.1   20.1   20.5   21.5   22.1   22.4   23.3   23.5   24.0   24.5
47137   21.0   19.8   20.7   19.7   20.3   21.5   22.0   20.7   21.6   23.0   17.8   18.8
47138   24.3   23.3   23.5   22.0   20.4   24.7   23.5   26.0   26.1   24.6   23.8   24.4
47140   20.0   21.1   21.7   17.2   21.3   22.1   22.9   22.5   22.1   24.4   22.8   23.2
47143   24.6   22.5   23.4   20.4   22.4   23.1   24.3   24.3   24.4   25.3   24.3   25.4
47146   22.0   20.5   20.7   20.7   20.8   22.9   23.5   22.9   23.1   23.7   23.9   25.0
47152   23.1   21.8   21.9   20.4   21.8   22.4   23.3   22.9   24.4   24.3   23.2   24.2
47155   24.6   22.1   20.5   21.9   21.8   22.4   22.6   23.4   23.3   24.4   25.0   25.0
47156   22.7   22.3   21.6   22.2   22.0   22.8   23.5   24.0   22.7   24.3   23.3   21.8
47159   24.1   20.8   20.9   21.3   21.8   22.5   23.0   23.8   24.6   25.4   22.7   23.7
47162   20.9   20.0   19.9   21.8   21.8   21.4   21.8   22.6   23.2   23.1   22.6   22.3
47165   20.9   21.9   21.8   23.9   21.0   22.5   23.0   23.1   22.1   22.1   23.6   23.7
47168   23.8   20.6   21.9   22.9   22.2   22.4   22.9   23.1   24.1   23.4   23.8   24.4
47170   23.0   22.3   22.4   23.8   21.4   22.7   23.1   23.1   24.0   23.1   22.6   24.1
47172   19.5   21.1   20.3   22.9   19.9   22.1   22.7   24.5   24.0   20.9   19.5   19.2
47174   18.8   20.0   19.8   22.1   20.8   20.5   21.3   21.9   22.0 -375.5 -314.2 -329.2
47176 -999.0 -999.0 -999.0 -999.0 -999.0 -999.0 -999.0 -999.0 -999.0 -999.0 -999.0 -999.0
47184   23.0   23.6   23.1   26.7   23.1   24.4   24.2   24.3   23.6   23.0   23.2   22.9
47185   20.7   21.0   22.0   24.5   22.3   23.8   24.1   25.1   24.4   23.1   23.5   23.0
47188   21.6   20.6   22.9   25.1   21.9   22.1   23.5   23.9   23.3   23.7   24.3   23.7
47189   23.8   23.0   22.8   25.4   22.9   23.4   24.9   24.6   24.6   24.7   26.1   26.1
47192   20.5   20.3   19.4   21.6   20.7   21.8   22.1   22.2   21.8   21.5   23.0   23.2
47203   20.4   19.9   20.2   20.2   20.0   21.2   21.0   22.6   22.1   23.0   21.2   20.9
47232   20.1   19.8   19.9   20.1   20.2   21.7   22.6   23.1   22.2   24.1   22.0   22.1
47235   21.6   21.7   21.1   19.3   20.8   21.3   23.4   20.9   24.0   24.0   22.8   23.6
47245   21.5   20.9   20.1   22.1   20.8   23.0   23.6   23.8   22.4   22.6   21.6   22.1
47247   21.1   19.1   19.6   21.5   20.0   21.6   22.4   22.8   23.1   21.3   21.3   20.3
47268   20.9   20.9   21.9   24.8   21.6   22.6   23.5   23.9   23.1   22.8   23.1   23.1
47279   21.3   19.6   20.6   20.4   20.6   21.3   22.2   22.7   22.1   23.7   23.0   23.8
47284   16.8   17.2   18.4   19.3   20.0   19.8   21.8   21.1   21.3   20.7   21.5   22.8
  887   21.4   18.9   19.0   18.2   19.3   19.6   21.4   21.6   19.6   22.0   21.3   20.6
47110   19.7   20.9   21.7   22.3   20.9   21.3   21.2   24.8   22.3   24.1   24.1   24.2
47113   20.5   21.4   22.1   23.0   21.8   21.7   23.3   23.6   22.5   24.1   24.6   25.1
47151   21.1   20.5   20.5   19.6   20.3   21.0   20.6   20.9   21.7   23.7   21.5   22.6
47153   24.4   22.1   21.1   21.6   22.4   22.0   22.4   23.3   23.2   24.1   24.1   24.8
47182   22.7   21.5   22.4   26.4   21.6   21.8   23.7   22.4   26.4   24.4   22.4   22.0
