2014071000+000HOUR     2014071009LST
STNID    21H    45H    69H    93H   117H   141H   165H   189H   213H   237H   261H   285H
STNID 071106 071206 071306 071406 071506 071606 071706 071806 071906 072006 072106 072206LST
47008   18.4   19.2   19.0   18.0   19.3   18.5   20.6   20.4   19.9   19.9   17.7   19.1
47035   20.3   19.8   18.5   20.2   21.6   21.5   22.3   22.0   22.9   24.1   22.0   22.0
47041   19.6   19.1   17.0   17.8    3.3   20.0   19.5   20.7   20.8   21.2   19.5   19.9
47058   20.1   22.7   20.2   19.8   21.1   22.2   23.5   24.3   22.7   21.7   22.3   23.1
47070   18.9   22.8   21.8   19.4   20.4   21.8   24.2   22.0   22.9   24.6   24.2   21.8
47090   21.3   24.8   23.9   21.1   22.9   23.9   23.4   22.2   21.6   21.6   21.5   22.9
47095   18.7   20.9   20.8   18.4   20.6   19.6   21.1   20.2   20.4   20.4   22.9   22.6
47098   19.6   22.2   21.4   19.5   19.8   21.3   23.4   22.9   22.1   22.9   23.4   22.8
47099   18.9   23.1   22.5   19.7   20.4   21.1   22.3   23.3   22.4   23.4   23.9   23.0
47100   15.1   17.4   18.0   17.2   16.6   17.5   17.3   16.3   15.7   15.4   19.6   18.4
47101   19.9   21.7   21.8   20.4   21.2   21.8   22.9   22.1   22.0 -238.1   21.1   19.8
47104   20.9   22.4   20.3   22.5   22.6   23.9   22.9   21.7   21.0   21.1   20.7   22.8
47105   21.9   25.3   25.0   23.7   23.5   25.3   22.4   22.3   21.9   22.4   23.0   24.2
47106   21.8   22.9   23.4   22.1   23.2   23.2   22.4   21.5   20.7   21.7   21.6   22.4
47108   22.0   23.3   22.7   21.6   21.6   23.0   26.1   27.5   24.2   26.6   26.0   25.4
47112   20.2   23.0   22.4   21.6   21.6   23.2   24.5   25.4   27.1   25.7   23.9   24.2
47114   21.0   21.3   21.2   20.7   20.9   22.8   23.2   22.5   21.3  -59.3  -17.7   11.4
47115   22.7   23.8   24.0   23.1   23.7   23.8   22.6   22.1   22.0   23.1   20.5   21.2
47119   20.3   22.2   23.2   21.2   21.5   23.0   24.6   24.6   23.1   23.6   25.0   23.6
47121   20.2   19.8   19.8   19.6   20.3   19.5   21.5   20.3   20.6   20.2   22.0   22.0
47127  -39.1   21.5   21.4   21.2   20.3   21.6   22.7   21.8   21.4   21.5   23.7   23.8
47129   19.9   21.3   22.0   21.0   21.2   22.2   23.0   23.3   22.9   22.1   23.0   22.7
47130   20.5   21.7   21.3   21.1   22.4   22.9   19.1   20.4   19.5   20.9   21.2   22.6
47131   21.8   22.9   22.8   21.9   23.4   23.6   25.6   25.0   23.2   24.9   25.1   24.4
47133   22.0   21.9   22.2   22.4   20.7   23.9   27.9   28.2   24.8   23.0   22.8   22.5
47135   19.2   18.8   20.2   21.0   19.7   20.5   21.9   21.9   20.8   21.5   22.9   22.3
47136   21.4   21.0   22.0   21.6   21.4   22.6   23.0   22.0   22.0   21.6   23.1   24.4
47137   20.8   20.6   21.4   21.4   20.9   22.9   21.9   22.0   18.6   20.1   24.5   22.8
47138   23.9   24.4   22.8   24.2   23.6   24.7   24.5   23.3   23.2   23.8   23.4   23.9
47140   21.1   21.1   22.0   22.6   22.2   22.9   23.1   24.5   24.6   22.3   24.6   24.1
47143   23.4   23.0   22.1   24.1   24.7   24.9   24.0   24.4   24.2   24.7   24.4   24.2
47146   21.5   21.2   21.7   23.1   21.9   23.6   24.5   24.7   22.9   23.7   23.5   22.9
47152   23.4   22.7   20.4   22.9   23.5   23.8   22.7   23.4   22.6   23.5   23.7   23.5
47155   23.2   22.1   22.3   22.9   23.2   23.1   24.2   23.9   23.2   23.6   23.7   24.1
47156   22.3   21.7   21.5   22.3   23.0   23.8   24.3   23.5   23.0   23.2   22.9   23.1
47159   22.9   22.3   21.4   23.8   22.9   23.5   23.8   23.3   23.3   22.9   23.5   23.5
47162   20.0   20.1   21.6   21.7   21.7   22.0   23.3   21.6   22.6   21.6   21.2   21.2
47165   21.1   21.3   21.1   21.1   21.5   22.1   23.5   23.5   24.4   23.2   22.5   22.3
47168   22.9   21.7   22.0   22.7   22.9   23.2   24.3   23.3   23.1   22.4   23.2   22.8
47170   22.7   21.7   21.8   21.9   21.9   22.0   22.5   22.8   23.0   23.3   23.8   24.2
47172   21.5   20.4   21.9   21.0   20.2   21.1   21.7   22.7  -39.2   18.1   19.7   20.0
47174   19.2   18.8   20.7   20.6   20.9   21.0   21.8   19.1 -332.5-1177.8 -445.8 -281.1
47176 -999.0 -999.0 -999.0 -999.0 -999.0 -999.0 -999.0 -999.0 -999.0 -999.0 -999.0 -999.0
47184   22.3   22.9   22.5   21.5   22.7   23.2   23.7   23.4   24.4   24.3   23.8   24.6
47185   21.3   22.4   22.2   20.4   22.6   22.9   22.5   23.3   23.0   23.8   23.6   23.2
47188   21.9   21.6   23.0   20.5   21.5   21.7   22.3   23.5   24.9   23.5   21.8   22.8
47189   22.9   23.0   22.6   21.5   23.3   23.5   23.8   24.5   26.1   25.0   24.7   25.5
47192   20.2   20.0   21.2   21.4   21.8   22.0   23.0   22.5   21.6   22.8   22.7   22.7
47203   19.2   21.4   21.3   20.1   20.4   21.6   24.0   21.7   20.0   20.1   22.6   21.9
47232   19.5   21.3   22.2   21.9   20.9   21.8   23.1   23.7   22.0   21.1   22.7   22.1
47235   21.8   22.4   22.8   22.1   21.4   23.0   23.4   24.2   22.2   23.5   22.9   23.5
47245   21.9   21.0   21.4   21.9   21.5   22.1   22.3   23.6   22.1   21.7   22.1   22.3
47247   20.6   19.0   20.8   20.6   20.6   21.7   23.1   21.7   20.0   19.5   21.7   20.7
47268   20.7   21.1   22.1   22.1   21.8   23.0   23.2   23.6   23.9   23.4   22.7   23.0
47279   21.0   20.1   21.6   21.5   21.6   22.2   22.7   22.5   21.1   22.8   24.5   23.8
47284   18.0   17.0   19.7   19.4   20.3   21.3   22.1   20.6   19.7   20.4   20.7   20.9
  887   19.8   19.7   21.7   20.5   19.4   20.2   23.1   19.3   18.7   21.6   19.8   19.0
47110   19.5   23.6   22.8   20.6   20.7   22.0   25.6   26.8   25.5   23.6   25.6   23.5
47113   20.3   22.9   23.6   21.4   21.8   22.2   22.9   25.2   25.2   24.4   23.9   23.4
47151   22.1   20.0   20.1   21.9   21.6   22.2   21.4   22.4   20.6   21.2   22.1   21.9
47153   23.3   22.0   21.7   23.1   22.7   23.1   24.1   23.8   23.7   23.3   21.4   20.5
47182   21.9   22.0   22.3   21.0   20.9   21.2   22.8   21.5   20.2   24.6   23.2   24.1
