2014071000+000HOUR     2014071009LST
STNID     6H    30H    54H    78H   102H   126H   150H   174H   198H   222H   246H   270H
STNID 071015 071115 071215 071315 071415 071515 071615 071715 071815 071915 072015 072115LST
47008   26.6   25.5   26.2   25.3   25.7   26.7   27.6   29.4   29.1   25.8   24.6   27.7
47035   33.1   30.4   30.6   32.1   30.1   28.0   26.9   27.2   27.5   27.8   25.7   28.6
47041   31.9   32.3   33.5   29.4   30.7   32.5   28.2   31.1   31.9   31.2   30.0   30.3
47058   33.0   30.7   30.3   30.6   30.9   33.7   32.0   31.4   28.6   28.1   28.5   28.6
47070   32.0   32.5   25.2   29.8   32.4   33.4   32.6   25.0   25.7   26.8   27.9   29.1
47090   28.9   29.4   31.1   27.0   28.1   29.1   29.6   31.7   28.0   31.7   31.0   33.8
47095   32.3   32.4   28.5   30.2   30.3   32.6   32.8   26.7   27.1   27.2   29.1   29.4
47098   34.0   33.8   28.4   31.2   33.3   33.9   32.9   28.2   27.5   27.1   29.4   30.1
47099   34.5   34.3   26.8   31.7   32.6   33.6   32.3   26.6   27.7   28.6   30.0   31.1
47100   25.4   26.4   24.7   26.2   26.2   28.7   26.6   30.8   24.7   23.7   25.7   27.4
47101   33.4   33.0   29.0   31.4   33.2   33.2   31.1   26.0   26.6   27.4   29.4   29.9
47104   28.7   28.8   29.8   28.4   28.9   29.5   29.0   30.3   29.4   28.8   30.8   32.1
47105   29.4   30.3   30.3   29.3   30.1   30.2   30.3   30.7   30.0   29.3   32.4   32.9
47106   28.4   27.9   29.3   26.9   26.3   28.9   29.8   29.0   27.9   30.7   30.2   33.5
47108   33.2   32.8   27.2   31.2   33.2   32.7   32.5   25.5   26.7   26.7   28.6   29.1
47112   29.9   28.9   24.5   28.4   30.3   29.9   27.5   23.6   25.9   26.6   26.6   26.3
47114   33.0   32.1   29.7   31.5   32.1   34.0   32.1   27.5   28.7   28.9   31.1   31.5
47115   26.9   26.0   27.0   24.6   27.9   26.9   28.0   27.8   26.9   28.4   27.7   32.4
47119   31.9   31.6   28.2   31.4   33.1   33.7   31.6   26.3   28.6   29.2   29.7   27.4
47121   33.2   31.9   29.8   31.6   33.3   34.3   32.0   28.3   28.0   27.8   28.8   31.2
47127   33.2   32.1   29.8   30.9   31.9   32.4   31.2   27.5   28.7   31.3   28.4   31.2
47129   29.0   29.1   27.1   29.7   30.1   30.6   30.3   25.0   26.8   29.3   29.2   29.5
47130   26.8   29.3   29.2   27.0   25.8   28.6   28.0   27.0   28.3   30.0   30.6   32.7
47131   32.7   32.8   30.1   30.6   32.5   32.4   30.9   28.2   29.3   31.1   30.9   32.6
47133   32.0   31.2   27.7   31.1   31.4   31.2   28.9   27.4   27.9   30.9   31.0   31.0
47135   31.2   29.6   27.7   28.7   30.2   30.3   27.4   28.3   28.0   30.7   29.6   31.1
47136   33.6   32.5   29.1   31.0   32.9   33.7   30.3   28.3   29.7   30.4   31.4   33.4
47137   32.6   31.5   29.9   30.0   31.6   31.2   29.4   28.5   28.7   31.4   31.3   33.5
47138   30.1   32.8   32.6   25.9   29.8   30.1   29.9   29.9   30.2   31.2   31.6   36.0
47140   28.6   28.8   26.8   29.3   29.6   29.9   27.1   27.8   28.5   29.1   30.0   30.8
47143   33.9   32.4   29.8   30.0   32.4   33.4   30.2   31.2   31.4   32.2   34.9   36.6
47146   32.4   31.0   27.6   30.7   32.6   32.9   30.4   30.1   30.3   31.5   32.6   33.1
47152   31.5   32.7   29.5   25.5   29.0   31.6   29.1   30.2   30.6   32.3   34.5   36.8
47155   32.2   30.2   28.6   25.4   29.3   30.4   26.8   29.1   29.1   30.9   33.4   35.7
47156   31.7   30.7   27.2   29.4   31.4   32.4   28.3   30.0   30.0   31.6   34.0   33.7
47159   30.2   29.0   27.0   23.8   28.1   28.8   26.6   28.0   28.8   28.8   32.0   32.6
47162   29.5   28.1   24.3   22.2   26.3   28.1   26.2   26.8   27.8   28.4   31.8   32.0
47165   28.0   28.8   25.0   25.9   26.9   31.4 -195.9   29.2   29.9   28.7   31.5   30.5
47168   30.6   30.5   24.1   23.0   26.4   29.3   25.7   28.3   27.8   28.7   31.5   32.3
47170   29.4   30.6   26.5   25.7   28.4   31.1   27.0   29.8   30.6   31.9   38.7   38.6
47172   28.1   29.5   27.3   28.6   28.6   30.2   27.7   28.7   30.7   30.4   30.9   30.1
47174   32.6   32.3   27.4   27.5   29.3   31.3   27.7   28.9   28.7   30.4   33.1   34.7
47176 -999.0 -999.0 -999.0 -999.0 -999.0 -999.0 -999.0 -999.0 -999.0 -999.0 -999.0 -999.0
47184   26.6   28.2   26.0   28.9   25.8   28.0   29.2   30.9   30.5   31.3   32.2   32.9
47185   23.0   24.6   26.8   23.9   23.8   24.5   27.4   28.5   29.5   29.1   30.0   30.0
47188   26.3   26.4   25.5   25.8   23.5   25.1   27.4   31.4   29.6   29.5   31.0   31.5
47189   28.8   26.7   26.9   25.8   25.4   26.0   28.3   29.8   29.6   29.4   31.3   31.0
47192   33.5   31.7   28.0   24.0   29.3   32.0   28.1   29.2   29.6   30.2   33.9   35.1
47203   34.4   33.4   29.2   31.6   32.5   33.2   31.7   27.5   27.3   31.3   30.4   30.0
47232   31.1   32.4   30.1   30.8   31.6   32.2   32.5   28.1   29.0   31.2   31.5   31.3
47235   28.9   29.6   24.9   30.1   35.9   30.9   28.0   25.8   26.4   27.6   28.8   27.9
47245   31.2   30.0   27.7   30.4   31.2   32.5   29.8   30.2   30.6   32.3   34.1   34.6
47247   31.6   30.5   27.7   27.7   30.7   30.5   28.3   29.6   29.2   31.4   33.5   34.6
47268   26.4   28.9   27.2   27.6   27.5   28.8   28.1   29.9   28.2   29.3   31.4   32.0
47279   32.6   31.2   29.6   29.2   32.5   32.3   29.7   29.6   29.4   31.2   33.0   35.1
47284   31.4   30.3   28.8   26.6   30.6   32.7   28.7   28.5   28.5   31.4   33.3   35.4
  887   31.4   31.3   27.5   30.5   30.8   31.8   30.4   27.3   28.1   30.7   30.6   29.8
47110   32.7   31.9   28.0   30.9   32.7   31.3   30.9   25.6   27.0   27.9   28.8   26.9
47113   29.2   28.1   26.1   28.3   29.9   28.7   29.6   25.3   26.4   28.8   27.8   27.6
47151   30.6   33.5   29.7   25.0   29.1   32.3   28.0   29.5   30.2   32.3   34.8   37.3
47153   31.7   30.9   28.0   24.2   28.5   29.3   25.9   28.4   28.4   30.7   33.4   34.9
47182   24.5   27.7   25.9   27.9   25.0   27.0   29.3   30.4   30.7   31.8   31.1   30.8
