2014071000+000HOUR     2014071009LST
STNID    21H    45H    69H    93H   117H   141H   165H   189H   213H   237H   261H   285H
STNID 071106 071206 071306 071406 071506 071606 071706 071806 071906 072006 072106 072206LST
47008   18.0   17.4   18.4   17.8   18.8   19.5   19.8   20.6   20.2   19.7   21.9   18.6
47035   19.2   20.1   18.9   20.5   20.9   21.4   21.6   21.8   21.8   21.6   23.6   22.5
47041   18.2   18.9   17.9   17.6    5.3   18.9   -0.7   20.8   21.9   22.3   21.9   -3.3
47058   21.0   20.1   22.1   20.2   21.4   21.8   22.6   23.8   23.9   23.6   22.8   23.9
47070   19.9   20.0   20.6   20.5   20.6   20.8   21.7   21.8   21.8   23.5   23.7   24.2
47090   22.2   23.3   22.8   21.3   22.5   24.4   22.8   24.5   24.0   24.3   25.2   25.7
47095   18.5   18.3   20.0   17.8   20.8   20.0   19.7   23.1   21.9   22.1   23.1   23.2
47098   19.9   20.1   19.7   20.4   20.4   21.4   21.7   22.9   23.2   22.8   23.5   24.0
47099   19.2   19.8   20.6   20.2   21.1   20.2   21.3   23.5   24.1   23.5   24.1   24.6
47100   15.6   17.7   18.0   16.4   16.8   17.7   18.0   19.9   20.8   19.3   20.5   18.6
47101   20.2   19.8   20.1   20.9   22.1   21.1   21.9   23.5   23.0   25.6   25.1   27.4
47104   20.1   23.0   19.0   20.4   21.7   24.4   23.9   23.8   23.5   23.2   24.8   24.1
47105   22.8   25.3   23.5   21.8   23.2   25.3   24.9   25.6   25.1   24.8   27.1   25.9
47106   22.2   21.8   21.5   20.7   23.2   24.0   23.1   24.0   22.7   23.2   25.1   25.1
47108   23.3   22.7   21.2   22.9   22.1   24.7   23.4   23.2   24.0   23.6   24.2   24.0
47112   21.0   20.8   21.0   21.4   21.3   22.5   21.8   22.9   23.2   23.0   23.3   23.4
47114   21.5   19.9   20.6   21.5   21.4   22.7   22.8   23.6   23.2   23.2   23.1   24.1
47115   20.6   22.9   22.4   20.7   22.5   23.9   23.7   24.0   23.2   22.8   23.6   22.9
47119   20.1   20.7   21.5   21.0   21.8   23.1   23.6   23.7   23.6   23.1   22.7   23.1
47121   20.2   19.7   19.5   20.1   20.1   19.9   20.9   22.4   22.4   22.5   22.9   23.4
47127  -39.1   19.1   20.5   21.5   20.6   21.3   24.0   24.0   23.7   22.8   22.5   23.3
47129   19.8   21.8   21.1   20.1   21.4   22.3   23.0   24.2   23.6   23.0   24.2   23.4
47130   19.9   20.9   21.5   20.5   22.0   22.5   23.6   23.4   22.7   22.9   23.8   23.7
47131   21.8   22.0   22.0   22.3   23.6   24.0   24.9   24.0   24.8   24.8   24.9   25.0
47133   22.2   21.1   20.9   22.2   22.8   28.9   22.8   23.9   23.5   24.5   24.4   26.0
47135   19.5   18.2   20.0   19.9   19.8   20.5   22.2   22.3   22.5   22.1   22.4   22.4
47136   22.0   20.8   21.6   22.0   22.0   22.8   23.1   23.9   24.4   24.4   25.7   27.1
47137   20.8   20.3   20.7   21.6   20.8   22.9   22.9   21.3   23.2   21.3   22.4   19.7
47138   24.6   24.8   21.6   22.5   24.4   25.0   24.8   25.7   24.7   26.7   26.5   28.3
47140   20.5   22.1   21.6   15.8   22.6   23.3   24.1   24.0   23.1   23.9   24.1   24.3
47143   24.5   23.5   22.0   23.8   24.3   25.2   24.5   25.0   25.0   26.2   26.6   28.8
47146   21.2   22.2   21.3   22.2   21.8   23.8   21.5   25.0   24.6   24.8   25.1   25.6
47152   23.3   23.3   20.7   22.7   23.2   23.4   23.2   24.1   24.4   24.8   24.9   27.5
47155   23.9   22.9   21.7   22.3   22.8   23.3   23.8   24.4   24.2   23.9   23.4   24.6
47156   21.9   22.7   20.8   21.3   23.6   23.8   24.3   25.1   24.9   24.0   24.1   23.7
47159   23.3   22.6   20.2   22.0   23.1   23.5   23.4   24.1   24.2   25.0   24.9   24.5
47162   20.8   20.6   20.7   21.0   21.7   22.6   22.4   23.6   23.1   23.5   23.5   23.4
47165   20.0   21.4   21.0   21.4   22.0   23.3   23.9   24.5   24.0   24.9   24.1   24.7
47168   22.8   22.9   22.0   22.3   23.2   23.8   23.1   24.0   24.2   24.4   23.5   24.1
47170   22.0   21.7   21.7   22.4   21.7   23.0   24.2   24.6   24.6   25.1   25.1   25.1
47172   19.0   21.3   21.0   20.2   21.9   22.4   25.2   26.2   24.9   23.3   22.8   23.1
47174   18.4   20.5   20.2   20.7   19.5   19.8   23.2   23.7   20.4   24.0   22.0   15.2
47176 -999.0 -999.0 -999.0 -999.0 -999.0 -999.0 -999.0 -999.0 -999.0 -999.0 -999.0 -999.0
47184   22.5   22.8   23.7   23.3   22.3   24.6   25.3   26.0   25.7   25.2   25.7   24.8
47185   20.4   21.2   22.8   22.0   22.2   24.5   24.2   24.9   25.2   25.4   25.4   24.5
47188   20.5   20.1   23.7   22.1   21.3   23.0   23.6   24.2   25.2   25.0   25.6   24.7
47189   23.4   22.9   23.9   23.4   22.8   23.8   25.6   25.9   25.9   26.4   26.3   26.7
47192   20.5   21.1   21.2   21.3   21.2   22.5   23.4   24.0   23.5   23.3   22.3   22.7
47203   19.3   19.1   20.2   20.3   20.6   21.7   22.4   24.0   22.3   22.1   23.9   23.6
47232   18.9   20.4   21.1   21.0   20.8   22.1   23.9   23.9   24.4   23.9   24.0   24.5
47235   20.0   21.8   21.1   20.4   21.6   23.6   24.3   22.7   24.4   23.9   24.1   25.2
47245   21.0   21.8   20.9   21.4   20.8   22.4   24.1   25.7   25.5   24.4   23.9   23.5
47247   20.1   20.6   21.4   20.6   20.4   21.2   22.9   24.3   23.1   23.5   23.8   22.4
47268   20.4   20.0   21.9   22.4   22.9   23.0   24.8   24.9   24.8   24.8   23.9   23.9
47279   21.3   20.3   21.1   21.8   21.5   22.4   22.6   23.4   23.6   23.8   24.4   25.0
47284   17.4   18.0   19.9   19.9   20.1   19.9   21.5   22.7   23.3   22.5   22.4   23.3
  887   19.7   19.6   20.1   20.2   19.3   20.3   25.7   23.3   23.7   23.8   23.8   24.8
47110   20.1   20.3   20.6   20.8   20.6   21.6   23.4   23.6   23.5   22.8   22.8   22.4
47113   20.1   20.7   20.9   21.1   20.9   21.2   21.8   21.9   22.7   23.3   22.5   22.1
47151   21.2   21.9   20.9   20.7   21.5   20.3   22.5   23.6   22.8   22.9   23.5   23.7
47153   23.6   22.9   21.9   22.0   22.6   22.8   23.7   24.3   23.7   25.2   24.7   25.3
47182   22.2   20.8   23.0   21.6   21.3   22.6   24.7   24.4   25.6   24.7   24.0   24.2
