2014071000+000HOUR     2014071009LST
STNID     6H    30H    54H    78H   102H   126H   150H   174H   198H   222H   246H   270H
STNID 071015 071115 071215 071315 071415 071515 071615 071715 071815 071915 072015 072115LST
47008   25.2   26.2   28.3   27.4   26.9   28.2   27.8   27.6   26.3   29.7   27.2   27.7
47035   31.5   30.5   31.5   27.9   29.3   29.4   28.7   27.0   29.8   27.7   28.4   31.4
47041   29.6   32.3   33.0   32.4   31.2   32.2   32.5   31.3   30.2   28.8   31.9   33.3
47058   29.2   29.9   31.9   30.3   31.3   31.7   33.0   27.7   28.3   28.2   30.9   29.6
47070   28.4   32.0   29.1   28.8   28.7   30.1   30.7   25.0   26.2   27.5   28.0   27.4
47090   26.9   31.3   30.4   28.7   29.9   29.9   31.7   29.0   28.9   31.6   32.8   31.9
47095   30.1   31.7   30.1   29.6   28.9   29.9   30.8   26.7   26.3   28.6   29.6   28.1
47098   31.8   32.7   31.1   29.8   30.3   30.8   31.8   26.3   26.0   29.0   29.7   28.7
47099   32.0   33.4   30.6   30.5   30.3   30.7   32.3   26.6   27.7   29.2   29.5   29.4
47100   25.0   24.6   25.1   24.0   25.3   26.9   28.1   23.8   25.5   26.1   26.7   26.6
47101   31.7   31.0   30.8   29.0   30.1   30.8   31.7   27.4   26.6   28.7   29.5   29.3
47104   26.8   30.5   30.2   29.2   30.3   30.3   31.6   29.5   29.1   30.8   31.2   31.4
47105   27.7   31.6   30.9   29.4   31.5   31.0   34.4   30.0   29.8   31.5   32.9   31.8
47106   28.0   30.8   29.4   24.2   28.9   29.7   32.0   28.6   28.8   31.9   32.6   32.3
47108   31.0   30.6   29.2   27.9   29.2   30.0   31.4   26.8   25.9   29.4   29.9   29.4
47112   28.3   26.9   27.5   26.9   27.5   27.3   28.9   25.9   26.0   27.9   28.4   27.9
47114   32.8   30.6   29.2   28.6   30.0   31.1   30.1   29.3   28.9   31.2   31.4   31.1
47115   25.6   27.7   27.3   24.5   27.5   26.6   27.9   27.7   27.8   31.1   30.1   31.3
47119   31.0   30.0   29.2   28.4   29.6   30.2   30.9   28.4   28.7   30.0   30.6   29.0
47121   32.6   29.3   29.9   28.1   30.4   31.2   29.9   28.5   28.5   29.9   31.0   30.9
47127   31.9   30.6   28.8   27.5   30.4   31.0   28.7   29.1   27.4   29.6   30.8   31.1
47129   27.3   28.1   27.5   26.4   28.6   28.8   29.3   27.1   27.2   28.9   29.8   29.0
47130   26.8   29.0   29.1   26.2   28.5   29.2   30.3   29.1   27.7   31.0   33.1   31.6
47131   30.9   31.8   29.8   27.5   30.6   30.8   30.3   29.4   29.1   30.7   32.6   32.8
47133   30.7   29.5   29.4   26.1   30.0   29.9   27.9   29.2   28.7   29.1   32.0   31.2
47135   30.3   28.1   27.5   26.7   28.1   28.8   28.6   27.7   30.1   28.7   31.4   31.1
47136   34.0   31.0   29.2   27.7   30.7   32.3   29.9   31.1   30.7   30.9   32.6   33.5
47137   31.6   29.8   29.5   27.3   29.5   28.9   29.7   28.6   31.5   30.8   32.8   33.2
47138   30.8   32.5   31.9   28.6   30.8   29.7   33.0   30.7   32.3   32.6   33.6   35.8
47140  -30.4   27.9   25.4   25.9   28.1   26.5   27.5   26.9   28.9   29.2   30.4   31.4
47143   34.0   31.2   28.5   29.8   29.8   31.4   32.3   30.4   32.1   31.4   34.5   34.5
47146   30.7   29.2   27.2   28.0   29.9   30.5   29.0   28.4   30.9   30.3   31.3   31.9
47152   31.9   31.1   27.6   29.6   29.3   29.1   33.4   31.7   31.5   31.6   34.8   35.6
47155   31.8   28.1   26.8   27.0   27.3   26.9   29.1   27.8   30.0   28.0   32.5   33.7
47156   30.6   28.5   26.6   27.8   29.5   28.8   30.8   27.3   28.8   32.2   32.5   32.1
47159   29.7   27.6   25.7   26.5   26.7   26.4   28.8   27.0   29.1   27.9   31.2   31.4
47162   28.9   25.0   23.2   25.1   24.5   26.2   26.7   27.6   28.7   28.2   28.5   30.0
47165   28.5   26.8   24.1   25.9   26.0   28.2 -195.9   25.6   28.4   27.4   29.4   29.7
47168   30.3   27.1   23.4   24.9   24.3   26.4   25.6   26.4   27.6   27.4   29.1   29.9
47170   28.0   29.3   26.2   28.2   25.8   28.2   27.5   29.0   30.5   28.4   31.5   32.3
47172   28.1   29.4   26.5   26.6   27.5   28.0   28.7   28.0   31.0   29.2   30.9   30.3
47174   31.3   29.2   25.2   28.0   26.8   27.1   26.6   26.7   27.8   27.5   32.4   33.5
47176 -999.0 -999.0 -999.0 -999.0 -999.0 -999.0 -999.0 -999.0 -999.0 -999.0 -999.0 -999.0
47184   25.4   28.8   25.4   25.3   24.2   26.7   28.2   28.0   28.7   29.8   30.6   30.7
47185   22.5   23.8   24.5   25.1   24.3   23.1   26.7   26.4   29.4   29.1   29.5   29.5
47188   25.4   26.9   23.9   24.8   24.4   25.3   25.8   29.2   29.4   29.8   29.3   29.2
47189   28.1   26.3   23.9   25.0   24.9   24.9   27.3   28.5   27.6   29.7   29.6   29.6
47192   32.7   29.6   27.2   26.3   26.9   28.1   28.6   27.8   29.1   30.0   31.8   33.2
47203   32.4   30.7   28.8   27.6   29.8   31.3   30.7   27.8   26.1   29.2   30.8   30.4
47232   29.5   31.4   29.4   28.5   30.3   30.6   30.3   30.3   29.0   30.1   32.2   31.2
47235   28.1   27.8   27.1   26.4   24.7   28.2   25.9   26.0   26.0   27.1   27.9   27.8
47245   29.5   29.5   25.9   28.5   30.1   30.0   28.5   28.4   30.6   30.5   32.7   33.0
47247   30.2   28.8   26.5   27.0   28.2   28.4   30.0   28.9   29.4   30.1   33.5   33.5
47268   26.3   27.9   23.7   26.3   25.7   27.5   26.1   27.4   29.8   28.7   29.5   30.0
47279   32.0   30.2   28.7   28.1   29.6   30.5   31.1   30.5   30.4   30.3   32.8   32.8
47284   30.8   29.9   26.0   26.9   28.0   29.3   29.5   28.0   30.3   30.1   33.0   33.6
  887   29.5   30.0   29.5   26.8   28.8   29.2   30.5   28.9   28.3   29.8   31.9   31.3
47110   30.8   29.9   29.6   28.2   29.3   29.2   30.2   27.3   25.8   29.8   29.7   28.3
47113   28.0   27.1   27.9   27.6   27.7   26.8   27.9   26.4   24.9   27.9   29.2   28.0
47151   31.1   32.4   27.7   28.7   28.6   30.1   33.0   30.6   32.5   30.4   35.0   35.8
47153   31.2   29.1   26.6   27.1   26.2   27.3   29.4   26.8   29.3   28.5   32.8   32.2
47182   24.3   27.9   25.4   23.9   23.1   24.8   27.3   27.3   28.0   28.6   30.4   30.1
