2016032212+000HOUR     2016032221LST
STNID     9H    33H    57H    81H
STNID 032306 032406 032506 032606LST
47003   -0.4   -0.6   -0.9    0.6
47005  -13.9  -14.5  -15.0  -11.1
47008    0.5    0.4    0.4    2.4
47014   -4.4   -4.0   -4.0   -3.4
47016   -6.2   -7.4   -8.1   -6.1
47020   -3.2   -3.9   -3.3   -2.3
47022   -7.4   -9.3   -9.0   -7.0
47025   -0.4   -0.6   -1.0   -0.1
47028   -2.0   -3.2   -2.7   -2.0
47031   -9.3  -10.5   -9.8   -7.6
47035    0.3   -0.9   -0.5   -0.2
47037    0.3   -1.3   -0.9   -0.9
47039   -1.6   -2.3   -2.4   -1.7
47041   -1.3   -2.1   -1.5   -0.8
47046    0.5   -0.6   -0.3    0.4
47050    1.1   -0.6   -0.8   -0.8
47052   -2.9   -4.0   -2.3   -3.5
47055    1.0    0.5    1.4    2.1
47058    1.8   -0.8   -1.1   -0.8
47060    2.6    1.0    0.5    1.3
47061    1.8    1.2    2.0    2.6
47065    0.8   -1.5   -1.7   -0.5
47067    0.0   -1.9   -1.1   -1.3
47068    2.1    0.2   -0.2   -0.3
47069    2.4    0.7    0.6    0.4
47070    2.0   -0.2   -0.4    0.0
47075   -2.2   -4.2   -2.4   -3.3
47090    2.9    1.1    1.7    3.3
47095   -1.3   -3.7   -2.6   -2.9
47098    0.6   -1.6   -1.3   -1.1
47099   -0.2   -2.7   -2.4   -2.3
47100   -3.4   -7.2   -4.6   -4.8
47101    1.2   -1.7   -0.7   -1.3
47104    2.1    0.1    1.8    2.7
47105    2.8    0.3    2.0    3.5
47106    4.6    2.3    3.1    3.5
47108    3.2    1.4    1.4    1.7
47112    3.9    2.6    2.9    2.8
47114    3.3    0.7    1.3    0.1
47115    3.4    2.1    1.7    4.1
47119    3.1    0.8    0.0   -0.4
47121    2.0   -0.5   -0.1   -0.3
47127    2.3    0.3   -0.5   -1.3
47129    2.1   -0.4   -1.6   -1.7
47130    3.8    1.3    1.4    1.8
47131    4.1    1.0    0.1   -0.1
47133    3.5    0.5   -0.5   -0.8
47135    1.9    0.2   -1.3   -1.3
47136    3.4    0.8    0.4    0.0
47137    3.6    1.6    1.0    0.7
47138    6.7    4.4    3.4    3.8
47140    3.2    0.9    0.3    0.1
47143    5.5    3.5    2.6    2.3
47146    3.8    1.0   -0.4   -0.5
47152    7.4    4.9    3.3    2.8
47155    6.6    4.8    4.4    3.5
47156    4.5    2.2    0.7    1.0
47159    7.7    5.4    4.9    4.8
47162    7.5    5.3    4.7    4.4
47165    4.8    3.2    2.0    2.0
47168    6.7    4.6    4.7    3.7
47169    5.1    4.3    4.3    4.3
47170    5.3    3.4    2.2    2.3
47172    2.9    1.2   -0.9   -0.9
47174    2.6    0.6   -0.4   -0.5
47177    2.1   -0.3   -2.0   -2.6
47184    7.9    6.7    6.0    6.0
47185    7.3    6.0    5.7    5.8
47188    6.7    5.4    4.3    3.9
47189    8.3    6.4    5.6    5.0
47192    4.3    2.5    2.3    0.4
47201    2.0   -0.5   -1.0    0.0
47202    2.0   -0.7   -0.8   -1.7
47203    1.6   -1.6   -1.7   -2.4
47211   -0.1   -2.9   -0.8   -2.2
47212    0.8   -1.7   -0.8   -2.1
47216   -2.1   -4.4   -3.7   -4.2
47217    0.2   -2.7   -1.1   -1.8
47221   -0.3   -2.4   -2.2   -3.0
47226    1.0   -1.0   -2.5   -2.9
47232    1.7   -1.1   -1.8   -2.5
47233 1001.8  998.4  997.6  996.4
47235    2.7    0.7   -0.3   -0.2
47236    2.4   -0.8   -2.0   -2.4
47238    1.4   -1.0   -2.7   -3.4
47243    3.4    1.0   -0.2   -0.2
47244    0.6   -2.2   -4.1   -3.9
47245    3.3    0.9   -0.7   -0.9
47247    2.1   -0.8   -2.2   -2.1
47248   -0.3   -2.7   -3.7   -3.8
47251    2.8    0.9   -0.6   -0.7
47252    2.4    0.8   -1.4   -1.1
47253    7.6    5.7    4.4    4.2
47254    1.1   -1.4   -2.7   -2.8
47255    6.5    4.8    4.2    3.1
47256 1003.3 1000.1  998.9  999.0
47257    5.4    3.4    2.5    2.5
47259    3.6    1.5   -0.3   -0.2
47260    2.7    0.9   -0.9   -0.8
47261    2.6    0.6   -1.2   -1.0
47262    3.0    1.4    0.6    0.4
47263    4.3    3.0    2.0   -0.3
47264    1.7   -0.4   -0.8   -1.5
47266    5.7    3.3    3.3    2.7
47268    4.5    2.9    1.5   -6.1
47271   -0.1   -2.5   -2.8   -2.6
47272    1.6   -0.3   -0.5   -0.3
47273    2.1   -0.1   -0.9   -0.5
47276    1.5   -0.9   -1.2   -2.0
47277    4.5    2.1    1.6    2.3
47278    1.6    0.0   -0.5   -1.9
47279    4.7    2.8    2.3    1.2
47281    3.7    2.0    0.6   -0.1
47283    5.2    3.1    0.8    0.8
47284    2.3    0.7    0.3   -1.4
47285    4.1    2.3    1.6   -0.2
47288    5.8    4.3    2.3    1.1
47289    3.3    1.7    1.2   -0.1
47294    7.2    5.3    4.4    3.9
47295    5.7    3.5    3.9    3.0
47299    9.1    7.7    7.9    7.8
  319    4.5    3.8    3.1    4.8
  322    0.6   -0.1    0.7    1.0
  328    7.1    5.6    4.9    4.5
  400    5.3    3.6    3.5    3.6
  433    4.3    3.2    3.0    3.4
  441    2.6    1.3    1.1    1.9
  497   -0.3   -2.2   -1.1   -0.9
  498   -1.7   -2.8   -2.0   -0.9
  504    0.8   -0.2    0.5    0.6
  516    3.3    1.1    0.7    0.5
  517    1.8    0.4    2.1    3.2
  519    0.0   -0.7   -0.3    0.0
  522    0.7   -0.3    0.6    0.3
  523    2.6    0.6    2.2    3.1
  525   -0.3   -1.8   -1.2   -0.5
  526    0.7   -0.6   -0.2    0.2
  527    1.0   -0.7   -0.1    0.3
  528    3.1    2.3    2.6    3.1
  529    3.5    1.3    1.6    2.1
  530    4.7    3.7    2.9    5.6
  531    1.1    0.0    0.1    0.2
  532    1.8    0.4    0.6    0.7
  534    3.1    0.1    0.9    0.1
  535    0.2   -0.5   -0.9   -0.5
  536    1.8   -0.3    0.7    0.3
  540    1.8    0.9    1.3    0.9
  541    2.0    0.1    0.5    0.2
  542    2.1    0.3    0.5    0.5
  546    2.8    0.5    0.2    0.3
  548    2.8    0.1    0.6   -0.1
  549    2.6    0.1    0.3    0.3
  551    3.5    0.9    1.2    0.6
  552    0.5    0.1    0.4    0.2
  555    1.0   -0.6    0.5    0.4
  556    0.5   -1.1    0.1   -0.4
  557   -0.1   -2.0   -0.6   -0.9
  559   -1.1   -2.6   -1.4   -1.3
  560   -0.6   -2.3   -1.3   -1.8
  561    0.6   -0.5    0.2    0.4
  562    1.1   -0.1   -0.2    0.0
  563    0.1   -2.1   -1.2   -1.1
  565    3.0    1.8    1.6    1.8
  566    1.6   -0.3    1.9    2.6
  571    3.0    1.4    1.5    1.3
  572    3.5    1.4    1.2    1.3
  579   -0.2   -2.0   -1.0   -1.3
  580    2.4    1.0    1.5    3.2
  581    1.2   -1.1   -0.7   -0.1
  583    0.6   -0.8   -0.4   -0.4
  586    0.7   -0.9   -0.3    0.2
  587    0.0   -1.0    0.1   -0.2
  588    1.1   -0.1    0.3   -0.1
  590    2.8    1.3    1.3    1.3
  593    0.8   -0.8    1.3    3.0
  594   -0.5   -1.8   -0.2   -1.1
  595   -0.9   -2.3   -1.0    0.4
  598    1.2    0.2    0.6    0.8
  601    2.0    1.1    1.2    1.5
  602    2.5    0.1   -0.4   -0.7
  603    1.8    0.2    0.0   -0.3
  604    2.6    1.2   -0.6   -0.7
  605    1.8    1.3   -0.6   -0.4
  606    3.6    2.3    2.0    2.4
  608    1.9    1.1    0.4    1.0
  610    2.3    0.6    0.2    0.8
  611    2.8    0.6    0.1   -0.4
  612    3.0    0.7    0.1    0.0
  614    2.8    1.3    1.4    0.9
  615    2.8    0.4    0.2   -0.1
  616    2.7    1.5    1.0    1.0
  617    3.0    0.8    0.7    0.3
  618    1.7    0.4   -0.2   -0.1
  619    2.7    0.1    0.1   -0.6
  623    3.1    0.6    0.2    0.0
  624    1.4    0.0   -0.5   -0.6
  627    3.6    2.3    1.7    2.2
  628    2.7    0.9    0.4    0.4
  630    2.4    0.3    0.4   -0.2
  634    3.3    1.4    1.1    0.7
  635    3.0    1.0    0.9    0.1
  636    1.7    0.8   -0.1   -0.6
  642    4.3    2.3    1.1    0.7
  651    0.6    0.1    0.6    0.5
  652    0.9    0.4    0.9    1.0
   96    6.6    4.9    4.4    6.3
  661    1.1    0.5    1.3    2.3
  670    2.6    0.9    2.5    3.5
  671    3.6    1.7    2.8    4.1
  695   -1.4   -2.7   -1.8   -0.8
  699    3.8    2.3    0.7    0.9
  701    1.4    0.5   -1.1   -0.9
  702    3.2    1.6    0.6    0.7
  703    1.5    0.6   -0.4   -0.1
  704    3.9    2.9    2.5    2.3
  706    2.8    1.2    0.4    0.4
  709    2.6    1.3    1.3    0.6
  710    2.7    1.4    0.2   -0.2
  711    2.5    1.5    0.1    0.4
  712    4.7    3.1    2.9    2.5
  713    4.2    2.8    3.0    1.6
  724    6.7    5.8    5.6    5.4
  727    3.9    2.7    2.3    2.1
  730    2.9    1.3   -0.3    0.1
  731    3.6    1.2    0.0    0.5
  732    2.9    1.4    0.7    0.5
  733    2.7    0.8    0.3    0.4
  734    2.5    0.9    0.4    0.1
  736    2.6    1.1    1.8    1.6
  737    3.3    1.6    1.0    0.9
  738    3.0    1.6    1.4    1.5
  741    3.0    1.5    0.1    0.2
  745    3.4    1.6    0.1    0.6
  748    4.5    3.1    2.8    1.8
  751    4.8    3.0    2.6    2.1
  752    6.5    4.9    4.2    4.1
  754    3.7    2.5    0.7    0.7
  757    1.5    0.1   -1.1   -0.8
  760    1.6   -0.1    0.5    0.2
  762    1.7    0.3   -0.5   -1.0
  767    4.1    2.9    2.1    1.7
  768    2.8    0.6   -0.2   -0.3
  769    3.6    2.9    1.4    1.6
  770    1.9    0.9    0.3   -0.2
  771    3.6    2.4    1.5    1.3
  775    3.2    2.0    0.1   -0.2
  779    7.3    6.6    6.2    5.5
  780    6.5    5.3    3.9    3.2
  781    7.1    6.0    5.1    4.9
  782    2.5    0.1   -0.2   -0.6
  788    3.9    2.4    0.8    0.9
  789    3.4    2.5    2.0    1.7
  801    1.9    0.7    0.7    0.2
  803    2.0    0.5    0.4    0.2
  804    4.8    3.1    2.2    4.1
  810    3.2    2.4    1.7    1.2
  811    4.6    2.9    1.6    2.2
  812    4.2    2.7    2.1    1.7
  813    4.0    3.0    1.4    1.2
  815    2.4    1.4    1.3    1.4
  817    1.0   -0.3   -0.4   -0.2
  822    2.4    2.3    1.4    0.4
  823    2.3    1.3    1.5    1.0
  825    3.9    2.8    2.5    2.2
  826    3.1    1.6    0.8    1.2
  827    5.3    4.1    2.7    2.8
  828    5.4    3.9    3.4    2.7
  830    4.4    2.6    1.6    2.0
  832    3.4    1.4    1.8    1.7
  834    1.8    1.0    0.4    0.3
  835    2.0    0.5    1.1    1.7
  836    1.2   -0.4   -0.1    0.6
  844    3.9    1.8    1.7    2.2
  850    6.2    4.3    2.3    2.8
  853    1.8    0.6    0.8    1.7
  871   -0.9   -3.0   -3.0   -4.1
  875   -4.9   -5.0   -4.1   -1.7
  876    3.3    1.4    1.9    3.3
  877    2.3    0.3    1.0    0.5
  878   -1.1   -2.4   -1.0    0.7
  887    3.0    0.4   -0.6   -1.0
  900    4.5    3.1    1.5    1.6
  901    7.4    5.0    4.5    4.8
  907    7.0    5.3    5.1    4.5
  908    5.3    4.6    3.6    2.8
  909    7.1    5.0    5.4    5.3
  912    2.2    0.7    0.8    0.0
  915    3.1    2.7    2.0    0.8
  917    4.6    3.7    3.4    2.2
  918    4.8    4.0    3.6    3.1
  919    3.9    3.6    2.9    2.2
  920    4.2    3.6    2.9    1.4
  923    6.7    4.5    4.4    3.8
  932    5.0    3.5    3.9    2.5
  936    3.9    3.4    2.3    1.4
  940    6.6    4.5    4.0    3.3
  946    1.4    1.1    0.2   -0.2
  790    6.1    4.2    4.2    3.4
10111   -1.9   -3.7   -4.1   -5.2
10112    2.2    0.4   -0.1   -1.2
10121   -7.2  -11.3   -8.1   -8.8
10122   -1.5   -5.4   -2.1   -3.1
10131   -5.6   -9.6   -7.0   -6.8
10132    0.6   -3.4   -1.0   -0.7
10141   -3.9   -7.6   -6.9   -7.8
10142    2.6   -1.2   -0.5   -1.2
10151   -0.6   -4.2   -5.5   -5.9
10152    4.0    0.5   -0.8   -1.3
10161   -1.1   -3.6   -4.5   -6.0
10162    1.9   -0.7   -1.8   -3.2
10171   -1.9   -4.8   -5.5   -5.2
10172    3.9    1.1    0.2    0.2
10181    1.4   -1.1   -3.2   -3.2
10182    4.7    2.2    0.1    0.1
10192   -2.4   -6.7   -5.8   -7.3
10201   -0.4   -3.2   -5.2   -5.8
10202    3.4    0.6   -1.3   -1.8
10211   -3.8   -7.9   -9.0   -9.0
10212   -1.6   -5.7   -6.7   -7.1
10221    1.7   -1.3   -1.9    0.5
10222    4.5    1.5    1.0    3.2
10231   -4.9   -9.1   -8.2   -9.6
10232   -1.7   -5.9   -5.0   -6.4
10241   -3.9   -6.7   -7.6   -5.8
10242    2.5   -0.3   -1.1    0.7
10251   -2.4   -5.3   -5.9   -5.4
10252    4.6    2.0    1.6    2.3
10261   -4.1   -7.5   -8.5   -8.7
10262    3.5    0.4   -0.8   -1.1
10272    2.2   -0.7   -1.8   -2.0
10281   -2.7   -5.9   -8.1   -8.0
10282    4.2    1.0   -1.1   -1.0
20111   -3.9   -6.1   -6.2   -5.9
20121   -0.2   -2.6   -3.2   -4.5
20131    0.6   -2.3   -3.7   -4.5
20141   -4.2   -8.3   -7.7   -5.8
20151    0.5   -2.0   -3.9   -4.5
20161   -0.7   -3.1   -5.5   -5.7
20171    0.8   -1.6   -4.4   -4.6
20181   -0.5   -3.9   -5.4   -5.3
20191    1.5    0.5   -2.6   -2.6
20201   -2.7   -5.9   -8.1   -8.0
20211    0.1   -3.3   -3.7   -4.2
20221    0.5   -1.7   -2.7   -2.5
20231    1.3   -0.8   -2.2   -1.8
20241    1.2   -1.1   -2.4   -2.3
20251   -1.2   -3.6   -4.7   -3.0
20261    0.4   -3.3   -2.9   -1.1
20271    1.1   -1.1   -2.9   -2.8
20281   -0.4   -2.5   -3.1   -3.6
20291   -1.2   -3.9   -5.0   -4.6
20301    3.0    0.6    1.9    0.0
30111   -2.3   -5.0   -5.1   -6.0
30121   -5.2   -7.1   -7.5   -6.9
30131   -2.4   -5.7   -4.2   -5.1
30141   -2.1   -6.0   -7.1   -7.3
30151    1.1   -1.9   -3.6   -4.0
30161   -0.4   -2.7   -3.2   -4.0
30171   -0.8   -3.3   -4.3   -3.0
30181   -0.8   -3.3   -4.2   -2.7
30191    1.3   -0.5    0.2   -2.0
30201   -2.0   -5.9   -6.0   -6.6
30211   -0.9   -3.7   -2.2   -3.9
30221   -0.2   -3.5   -2.9   -3.6
30231    3.0    0.8    2.3   -0.5
30241    3.2    0.2    2.4    1.9
30251    1.6   -1.9    0.4   -0.3
40111   -2.3   -3.9   -4.2   -5.3
40121   -1.9   -3.8   -3.8   -3.9
40131   -0.9   -3.0   -3.1   -2.9
40141   -3.9   -7.2   -6.9   -7.8
40151   -0.5   -3.2   -4.4   -5.4
40161   -0.5   -2.5   -3.8   -3.1
40171   -4.1   -7.4   -5.4   -5.3
40181   -1.1   -3.6   -3.6   -3.5
40191    1.4   -1.6   -1.4   -1.7
40201   -4.2   -7.4   -6.2   -6.4
40211   -5.6   -9.7   -8.5   -7.1
40221   -3.3   -8.3   -5.2   -5.0
40231   -3.8   -8.7   -5.7   -5.7
40241   -0.2   -3.5   -4.2   -5.1
40251   -1.8   -4.9   -7.1   -6.7
40262    3.7   -1.0   -0.2   -1.6
40271   -1.8   -5.8   -4.4   -5.5
40281    2.5    0.7   -1.0   -0.5
40291    0.8    0.1   -1.4   -0.1
40301    0.0   -3.4   -3.6   -2.2
40311    2.9    0.4   -1.7   -0.4
40321    2.9    0.7    0.2    1.0
40331    2.4   -0.3    1.2   -0.3
40341    2.1   -0.4    0.7   -1.7
40351    3.5    1.7    0.3    0.9
40361    2.3    0.1   -0.5   -0.2
