2016032212+000HOUR     2016032221LST
STNID     6H     9H    12H    15H    18H    21H    24H    27H    30H    33H    36H    39H    42H    45H    48H    51H    54H    57H    60H    63H    66H    69H    72H    75H    78H    81H    84H    87H
STNID 032303 032306 032309 032312 032315 032318 032321 032400 032403 032406 032409 032412 032415 032418 032421 032500 032503 032506 032509 032512 032515 032518 032521 032600 032603 032606 032609 032612LST
47003   -0.6   -1.1   -1.6   -3.3   -4.3   -4.8   -3.3   -2.1   -1.0   -0.2   -1.3   -2.5   -4.6   -2.4    0.7   -0.2   -0.8   -0.5   -1.0   -2.8   -3.2    1.2    0.2    0.2    0.2    0.0   -0.4   -3.1
47005   -0.7   -0.5   -0.8   -0.9   -1.0   -2.3   -1.2   -1.2   -0.3   -0.1   -0.8   -0.6   -1.1   -1.7   -0.4   -0.5   -1.2   -0.3   -2.7   -1.2   -1.4   -3.1   -0.6   -0.3   -0.5    0.0   -2.1   -1.0
47008   -0.9   -0.2   -1.1   -2.1   -1.5    0.4   -1.6   -0.6   -1.0   -1.0   -0.7   -0.4    1.9    0.4    1.2   -0.3   -0.2   -0.3   -0.3   -1.1    1.5    0.8    0.3   -0.2   -0.3   -0.2   -0.1    1.3
47014   -0.2   -0.1    0.0   -4.9   -0.7   -1.0   -0.4   -0.1   -0.1    0.0    0.0   -3.7   -0.7   -0.7    0.0    0.0    0.0    0.0   -0.1   -0.5   -0.2   -0.2    0.0    0.0    0.0    0.0    0.0    0.1
47016   -0.3   -0.5   -0.7   -1.0   -2.6   -2.9   -2.9   -0.4   -0.1   -0.1   -0.4   -0.5   -1.5   -2.6   -1.4   -0.1   -0.1   -0.3   -0.1   -0.7   -1.0   -2.0   -0.6   -0.1   -0.1   -0.9    0.1   -0.6
47020   -0.3   -0.2   -0.1   -0.3   -0.6   -0.3   -0.5   -0.4    0.0    0.0    0.0    0.0   -0.4   -1.0   -0.3   -0.2   -0.2   -0.2   -0.1    0.0   -0.4   -0.2    0.0    0.1    0.1    0.0    0.0    0.0
47022   -1.2   -1.4   -1.6   -3.5   -3.8   -4.2   -3.6   -3.2   -1.4   -0.9   -1.1   -2.1   -3.2   -3.6   -2.4   -0.4   -0.1   -0.3   -1.0   -1.9   -2.6   -3.6   -1.8   -0.2    0.0   -0.1   -1.2   -2.0
47025   -0.2   -0.8    0.0    0.3    4.2    4.7    0.6   -0.3   -0.3   -0.6   -0.5    0.4    1.8    3.8    1.4    0.0    0.0   -0.6    0.3    2.5    4.1    2.1    1.2    0.0   -0.1   -0.5   -0.5    2.6
47028   -0.3   -0.3   -1.0   -1.5   -2.4   -2.0   -2.3   -1.1   -0.5    0.0   -0.1   -0.4   -1.3   -1.8   -1.0   -0.8   -0.4   -0.4   -0.5   -0.7   -0.6   -0.6   -1.4   -0.5   -0.3   -0.1    0.1   -0.6
47031   -1.5   -1.0   -1.2   -2.1   -2.9   -3.4   -2.8   -2.3   -1.0   -0.3   -1.0   -1.6   -2.9   -2.7   -2.7   -1.4   -0.8   -0.2   -0.3   -1.2   -2.2   -2.0   -2.2   -0.2   -0.2   -0.1   -0.4   -1.5
47035   -1.5   -1.3   -2.2   -3.3   -4.2   -5.4   -3.7   -2.3   -0.9   -1.0   -1.6   -2.4   -3.2   -1.5   -2.8   -1.6   -0.8   -0.5   -1.3   -1.9   -3.2   -2.2   -2.3   -1.3   -0.6   -0.3   -1.0   -2.0
47037   -2.0   -2.0   -2.1   -2.6   -2.8   -4.1   -2.5   -0.6   -0.1   -0.5   -1.1   -1.8   -2.7   -2.7   -2.2   -0.5   -0.5   -0.9   -1.4   -1.1   -2.2   -2.5   -1.7   -0.4   -0.2   -0.4   -0.1   -1.0
47039   -0.6   -0.2   -0.1   -1.0   -1.1   -1.1   -1.3   -0.1   -0.3   -0.1    0.0   -0.3   -1.2   -0.5   -1.3   -0.2   -0.3    0.0   -0.1    0.2    1.1   -1.4   -1.1   -0.1   -0.1    0.0    0.0    0.0
47041   -1.5   -1.3   -0.2    0.0    0.6   -2.1   -2.9   -1.0   -1.6   -1.1   -0.9   -1.3    0.8    1.1    2.1   -0.1   -0.7   -1.0   -0.7    1.9    1.7    0.7    1.3   -0.4   -0.6   -0.8   -0.8    1.8
47046   -0.4    0.0   -0.7    0.4    2.0    2.2    0.2   -0.9    0.0   -0.1   -0.2    0.7    1.5    1.0    0.7    0.6    0.0   -0.6    0.2    0.7    2.4    2.1    0.8   -0.1   -0.2   -1.0   -0.3    0.7
47050   -2.4   -2.2   -1.3   -3.9   -4.9   -5.5   -4.4   -2.6   -1.2   -1.0   -1.2   -1.9   -2.3   -4.2   -3.9   -1.9   -2.3   -0.5   -0.6   -0.7    0.0   -3.2   -0.9   -0.9   -0.7   -0.2   -0.2   -0.5
47052    0.0    0.0   -0.3   -0.5   -3.0   -5.3   -4.2   -0.7    0.0    0.0    0.0   -0.6   -2.1   -3.0   -2.1   -0.8   -0.6   -0.3   -0.1   -0.6   -3.2   -2.9    1.8    0.3    0.0    0.0    0.0   -0.5
47055   -0.5    0.0    0.0   -0.1    1.4    1.3    0.5    0.0   -0.2   -0.4   -0.6    0.1    1.6    1.9   -1.4   -1.3   -1.2   -1.4   -0.7    0.6    1.3    1.7    0.4   -1.7   -0.3    0.1   -0.4    1.4
47058   -3.2   -2.3   -2.5   -2.9   -4.8   -4.9   -4.1   -5.4   -2.7   -1.8   -1.7   -2.3   -2.4   -1.9   -1.9   -3.7   -2.0   -1.0   -0.7    0.8   -2.3   -3.6   -1.3    0.3    0.8    0.2    0.6   -0.9
47060   -3.8   -4.3   -3.9   -3.6   -4.5   -6.0   -4.7   -4.1   -3.3   -2.5   -3.0   -2.3   -3.0   -3.0   -1.8   -3.3   -2.7   -1.8   -1.9   -2.1   -2.3   -2.5   -1.3   -0.7    0.2    1.2    0.4   -1.8
47061   -1.4   -0.2   -0.5   -0.7   -0.8    2.7    0.3    0.0   -0.3   -0.6   -0.5   -1.0    0.3    2.0    1.5    0.6    0.0    0.2    0.3    0.6    0.8    1.6    3.4    0.3   -1.0   -0.5   -1.1   -3.1
47065   -3.3   -2.5   -3.6   -4.1   -5.5   -8.1   -7.5   -4.2   -3.6   -1.4   -1.9   -3.1   -4.2   -3.8   -2.1   -1.1   -2.2   -0.2   -0.7    1.8   -2.9   -2.7   -2.6    0.1    1.5    0.0    1.2   -0.6
47067   -0.3    0.0   -0.4   -0.4   -0.7   -0.1   -1.4    0.0   -0.2    0.0    0.0   -0.3   -1.1   -1.2   -1.3    0.0    0.0   -0.2    0.0    0.4   -2.0   -1.3   -1.0   -0.2    0.0   -0.2    0.0    1.2
47068   -3.6   -3.3   -2.9   -3.7   -5.5   -4.8   -4.6   -3.0   -3.7   -2.3   -2.3   -2.5   -3.6   -4.1   -2.7   -1.9   -1.6   -1.9   -1.2   -2.6   -3.7   -3.7   -3.2   -0.7   -0.8   -0.2   -0.8   -2.5
47069   -2.2   -3.1   -4.4   -4.8   -6.7   -6.6   -7.0   -5.2   -3.9   -3.2   -2.8   -3.8   -4.6   -4.1   -2.5   -1.2   -1.2   -0.9   -1.1   -3.3   -3.9   -4.9   -3.0   -1.7   -0.3   -0.2    0.9   -2.4
47070    0.0   -0.8   -2.0   -2.5   -5.0   -7.6   -4.2   -4.5   -4.3   -3.8   -2.6   -1.2   -2.1   -4.6   -4.0   -2.7   -1.9   -0.7   -0.6    2.8    0.0   -1.1    2.8    1.9    1.3    0.0    0.6    2.5
47075   -0.3   -0.6   -0.2   -0.4   -2.1   -3.3   -2.1   -1.5   -0.8   -0.5    0.0    0.0   -0.3   -1.1    0.0   -1.7   -1.4   -0.6   -0.6    1.5    3.6    2.8   -1.4   -0.5   -0.3    0.0    0.4    0.5
47090   -2.1   -1.5   -1.7   -1.9   -3.2   -0.8    1.9   -0.7   -1.3   -1.4   -1.8   -2.9   -2.9   -0.3    2.2    0.8    0.8    0.5    0.5    0.8    0.3    2.7    2.3    1.8    0.6   -2.0   -1.7   -3.2
47095   -0.6   -0.2   -0.4   -0.3   -2.2   -2.6   -1.8   -0.6   -0.4   -0.7    0.0   -0.1   -0.2   -0.4    0.4   -0.6   -1.8   -1.0   -0.2    2.4    3.0    1.3    2.2    1.1    0.8    0.1    0.1    0.4
47098   -0.8   -0.5   -0.6   -0.6   -2.1   -3.7   -2.6   -1.8   -1.1   -0.7   -1.2   -0.5   -1.2   -1.7   -2.2   -0.7   -1.0   -1.4   -0.4    2.6    0.4    0.7    3.3    0.8    0.7    0.8    0.7    0.0
47099   -0.4   -0.1   -0.8   -2.0   -2.6   -4.3   -2.8   -2.3   -1.6   -0.4   -1.3   -0.9   -1.7   -3.1   -1.5   -1.1   -0.8   -0.9   -0.6    2.1    0.8    1.2    1.7    0.7    0.7    0.6    1.1    2.2
47100   -0.6   -1.1   -0.4   -2.5   -2.0   -3.0   -1.1   -0.7   -0.4   -0.1   -0.7   -2.4   -3.2   -2.0    1.0    1.1   -1.1   -0.1    0.2   -0.1    0.0    1.0    1.0    1.5    1.4    0.7   -0.4   -1.0
47101   -0.2   -0.5   -0.2    0.1   -1.2   -1.6   -1.7   -0.1   -0.5    0.0    0.2   -0.3   -0.6   -0.6    1.9   -0.1   -0.5   -0.3   -0.2    1.6    1.0    1.6   -0.5   -0.3    0.9   -0.2    0.7    1.3
47104   -1.1   -1.3   -1.8   -1.7   -3.0   -2.5    2.0   -0.4   -0.5   -0.8   -1.6   -2.6   -3.4   -1.2    2.0    1.5    1.0    1.2    1.3    0.9    1.2    2.0    2.4    1.7    1.5    1.0   -2.2   -2.9
47105   -1.5   -1.0   -2.4   -1.7   -1.9   -2.0    1.0   -0.3   -0.7   -0.6   -1.9   -2.9   -2.5   -1.3    1.6    1.4    1.8    1.9    1.5    0.3    1.2    2.3    2.2    1.4    2.3    1.0   -2.9   -2.1
47106   -2.0   -2.2   -2.3   -2.7   -1.5   -4.0   -3.8   -0.6   -1.9   -2.3   -2.4   -4.1   -4.5   -2.6   -0.5    1.1    0.5    1.1    0.7    0.3    1.4    2.0    2.7    1.9    1.9    1.8   -2.0   -3.3
47108   -0.8   -0.4    0.3   -1.5   -2.3   -3.6   -3.1   -2.5   -2.2   -1.8   -2.1   -1.2   -1.0   -0.2    1.4   -1.8    0.1   -1.3    0.6    2.2    1.2    2.2    2.8    1.9    1.3   -0.2    0.7    2.9
47112   -1.2   -1.3   -1.9   -2.3   -3.1   -4.3   -4.0   -3.5   -2.8   -2.3   -3.5   -0.9    0.0    1.5   -3.1   -2.4   -2.4   -2.0   -0.1    2.2    2.1    1.3    1.8    2.4    1.3    0.6    1.0    3.4
47114    0.6   -0.3    0.3    0.2   -0.3   -1.5   -2.3   -1.6   -1.0    0.0   -0.3   -0.9   -0.9   -0.5    1.1    1.1   -0.7    0.0    0.1    1.8    1.3    0.6    0.4    1.5    1.1    0.3    0.0   -0.5
47115   -2.5   -1.7   -1.2   -1.7   -2.5   -3.0   -2.7   -2.5   -3.2   -4.5   -4.1   -4.2   -4.4   -3.4   -3.8   -3.0   -2.1   -3.2   -3.0   -3.5   -3.5   -3.0   -2.1    1.4    1.2    0.7    1.5    2.9
47119    0.8   -0.1    0.1   -1.1   -1.5   -2.8   -3.4   -1.8   -2.7   -1.1   -1.0   -1.0   -0.3    1.3    2.3   -1.2    0.6    0.4    0.5    1.1    0.9    0.6    1.5    1.1    0.8    0.2    0.4   -1.5
47121   -0.2   -1.0   -0.1    0.3    0.0   -0.7   -2.9   -1.8   -1.6   -0.7   -0.3   -0.5   -1.3   -2.0   -1.1   -1.4   -1.3   -0.8   -0.3    2.2    2.6    2.9    1.9    1.6    0.5   -1.1    0.1    1.4
47127    1.3   -0.6    0.8    0.1   -0.3   -0.7   -1.9   -1.9   -0.9   -0.7   -0.1   -1.0   -0.8   -1.0   -0.5    1.7   -0.4   -0.3    0.5    1.7    2.3    0.2   -1.2    1.5    0.2    0.8    0.4    0.9
47129    1.4   -1.8   -1.7   -3.5   -4.7   -4.6   -4.7   -4.4   -4.7   -3.2   -2.4   -2.8   -2.8   -3.2   -3.3   -1.8   -1.2    0.8    0.5   -1.9   -2.4   -0.9   -0.9    0.5    0.4    0.4    0.8   -3.6
47130   -4.0   -3.2   -2.9   -2.0   -1.0   -2.7   -3.6   -3.9   -3.0   -3.0   -3.5   -5.1   -6.0   -4.0   -2.1   -1.7   -1.3   -0.9   -1.7   -1.7    1.0    1.9    2.4    1.7    2.1    2.4    2.8    3.4
47131    0.5   -0.6   -0.3   -0.6   -0.9   -1.1   -1.6   -2.1   -1.4   -0.5   -0.3   -1.0   -1.2   -1.0   -0.6    1.4    0.6    0.8    0.7    1.4    0.5   -1.2   -1.5    1.0    1.3    0.9    0.8    1.7
47133   -1.0   -0.6   -0.7   -0.9   -2.1   -3.0   -2.5   -2.5   -2.2   -0.7   -0.9   -1.3   -2.2   -2.9   -1.5    1.9    1.0    1.1    0.6    0.7    0.4   -0.8   -1.8    0.9    1.6    1.1    0.5    0.3
47135    1.4    0.5   -0.4   -0.3   -1.8   -2.6   -1.4   -0.3    0.5    0.5   -0.1   -2.8   -2.3   -1.9   -1.3   -0.5   -0.6   -0.5    0.5    1.2   -1.2   -1.6   -2.8   -0.7    0.7    0.8   -0.1   -0.5
47136    1.2    0.2    0.0    1.2    0.0   -0.8    1.1   -1.1   -1.2   -0.3   -0.9   -1.3   -1.5    0.2   -0.3   -0.8   -1.6   -0.5   -0.3    2.8    2.7    1.9    0.4   -0.4    1.2    0.2    0.4    2.4
47137    1.5   -0.6   -0.4    0.3   -1.0   -0.9   -1.0   -1.8   -1.0    0.0   -0.9   -1.8   -2.4   -1.9   -1.9   -0.4   -1.4   -0.8    0.0    2.7    2.7    2.5    1.2   -2.0   -0.3    0.4   -0.1    0.9
47138   -1.8   -1.3   -1.9   -0.8   -0.7   -0.9   -2.5   -2.7   -2.0   -1.5   -2.0   -1.5   -2.3   -1.9   -1.6   -1.1   -0.8   -0.7   -0.9   -0.4   -0.4    0.6    1.8    0.9    0.1    0.1   -0.1    0.4
47140   -0.2   -0.7   -0.5   -1.7   -4.0   -5.8   -5.2   -4.8   -3.4   -1.8   -0.9   -1.6   -2.9   -3.2   -3.1   -1.6    0.4    0.5    0.1    0.0   -1.9   -2.2   -2.2   -0.4    1.1    0.8    1.2   -0.6
47143   -3.0    1.3   -0.8   -0.1   -2.2   -2.8   -1.3   -2.1   -3.1   -2.7   -2.6   -2.8   -2.7   -1.3    0.1   -1.1   -1.1   -1.7    0.1    3.0    3.5    2.1    1.7    1.4    1.2   -2.7   -1.2   -2.4
47146    0.9    0.8    0.9   -0.6   -1.8   -3.4   -2.4   -1.9   -1.3   -0.9   -0.9   -1.8   -1.7   -1.9   -1.6    1.3    1.2    0.6    0.7   -0.9   -0.3   -0.9   -0.7    1.2    1.2    0.8    1.0   -1.3
47152   -1.6   -1.3   -1.9   -1.6   -0.8   -0.4   -2.3   -3.2   -2.5   -1.7   -2.1   -2.4   -2.1   -3.0   -2.0   -1.1   -0.9   -1.0   -0.5   -0.4    0.7    1.9    1.8    0.1   -0.3   -0.9   -0.4   -0.2
47155   -1.2   -0.4   -0.8   -1.5   -1.2    3.8   -3.6   -0.8   -2.9   -2.1   -1.6   -2.9   -2.8   -1.3    1.6   -1.6   -0.8   -0.9   -0.8    0.1    2.6    2.4    1.5   -0.1   -1.3   -1.4   -2.4   -1.8
47156    1.6   -0.4   -0.3   -1.4   -2.6   -3.1   -2.5   -2.1   -1.7   -1.8   -1.1   -1.9   -2.4   -2.3   -2.4   -1.3   -0.3   -0.6    0.3   -1.5   -1.4   -2.1   -2.4   -0.9   -0.4    0.5   -0.5   -2.0
47159   -1.5   -1.9   -2.4   -1.3    1.6    0.2   -1.9   -1.8   -2.5   -3.2   -2.5   -2.3   -0.9   -1.1   -1.4   -1.6   -1.5   -1.9   -1.5   -0.4    1.5    1.2   -0.4   -1.2   -0.7   -1.3   -1.2   -1.8
47162   -0.7   -0.3   -0.8    0.5    3.3    3.6   -2.6   -1.9   -1.4   -2.8   -2.0   -2.2   -0.5    1.0    0.2   -0.2   -0.8   -1.1   -1.1   -0.4    1.9    2.1    1.9   -0.4   -1.2   -1.1   -2.2   -2.6
47165   -2.0   -1.9   -2.2   -3.9   -6.2   -8.6   -8.2   -6.1   -6.9   -5.3   -3.9   -4.8   -5.9   -6.3   -6.5   -4.3   -2.8   -2.1   -1.0   -3.0   -5.0   -4.4   -5.0   -3.2   -3.3   -2.9   -1.9   -3.1
47168   -1.5   -1.0   -2.4    0.1   -1.8   -5.5   -3.6   -3.1   -3.5   -3.0   -4.4   -5.1   -2.1    3.4    1.9   -3.4   -3.1   -2.1   -2.6    0.9    2.7    4.7   -1.8   -3.7   -1.9   -2.4   -3.5   -3.2
47169   -3.7   -3.4   -5.7   -6.7   -8.8  -10.4  -10.5  -10.1  -10.2   -9.5   -9.2   -8.8   -8.0   -8.4   -8.1   -6.9   -6.3   -5.2   -4.0   -4.7   -5.2   -5.0   -6.3   -4.6   -5.3   -5.7   -4.0   -3.1
47170   -2.7   -1.1   -1.8   -3.3   -4.8   -6.7   -7.0   -5.8   -6.4   -4.9   -3.9   -3.9   -4.8   -4.9   -4.9   -3.1   -1.7   -0.8   -1.1   -5.0   -3.6   -3.3   -4.4   -2.5   -2.2   -1.9   -3.1   -2.6
47172   -1.1    0.0   -1.5   -4.7   -7.5   -7.9   -6.9   -6.9   -5.9   -4.1   -4.7   -5.5   -5.9   -5.1   -4.0   -2.5   -0.7    0.0   -0.4   -1.8   -4.0   -4.7   -2.2   -1.3   -0.9   -0.2   -1.2   -3.2
47174   -1.1   -0.1   -0.6   -1.3   -2.1   -3.0   -2.1   -2.6   -1.3   -1.3   -1.0   -1.7   -1.9   -2.3   -1.6   -0.7   -0.4   -0.2   -0.1   -0.2    2.0    1.4   -1.3   -0.8   -0.6   -0.6   -0.7   -1.1
47177    0.9   -0.4   -1.2   -4.8   -5.3   -5.0   -5.3   -5.0   -4.4   -3.0   -3.9   -3.6   -3.2   -2.4   -0.5   -2.4   -0.3    1.6    1.7   -1.1   -1.5   -0.8   -0.2    1.8    2.0    1.9    1.6   -1.0
47184   -2.2   -2.0   -2.1   -3.1   -4.3   -6.6   -6.7   -7.0   -6.7   -7.3   -5.9   -5.4   -5.3   -5.3   -5.8   -4.3   -2.8   -3.3   -3.1   -4.3   -4.1   -3.6   -5.4   -4.0   -4.0   -4.7   -4.2   -3.1
47185   -6.4   -6.8   -7.3   -8.4  -12.8  -16.0  -18.4  -18.3  -18.6  -18.0  -16.8  -13.8  -12.0  -12.6  -14.4  -12.2   -8.4  -10.7   -8.1   -8.7   -8.9   -8.6  -12.6  -10.9  -10.4  -11.7  -10.2   -6.5
47188   -2.3   -2.9   -3.0   -3.5   -4.4   -5.1   -5.4   -6.2   -6.2   -6.2   -4.9   -4.7   -5.2   -4.3   -4.7   -3.8   -3.3   -2.8   -3.0   -4.3   -3.6   -3.2   -3.9   -3.3   -3.5   -3.8   -3.3   -3.3
47189   -2.0   -1.5   -2.2   -1.7   -3.5   -3.9   -3.5   -2.9   -2.9   -2.8   -3.1   -3.0   -4.0   -3.7   -2.9   -1.9   -1.7   -2.0   -2.1   -3.8   -3.6   -2.9   -2.6   -1.7   -1.8   -1.8   -2.4   -2.5
47192   -0.4   -0.3   -0.6   -0.3   -1.1   -2.4   -1.3   -1.3   -1.3   -0.8   -1.0   -1.5   -1.6   -0.4    1.7   -0.7   -0.8   -0.2    0.0    2.5    1.9    2.3    1.8   -0.5   -1.1   -0.5   -0.4   -2.5
47201   -1.2   -1.0   -1.8   -2.5   -3.5   -3.2   -2.6   -3.2   -2.5   -2.2   -1.7   -1.8   -2.6   -3.7   -2.3   -1.9   -2.4   -0.8   -0.5   -0.7    1.6    1.7    1.9   -1.2    0.0    0.1    0.7    3.0
47202    0.8   -0.1    0.3    0.0   -0.9   -2.1   -1.6   -0.6    0.9    0.0   -0.3   -0.5   -0.8   -0.9    1.8    1.0    0.0   -0.3    0.0    1.9    1.2    0.7    0.3    1.2    1.0    0.6    0.1    0.0
47203    0.9    0.0    0.4   -0.2   -0.9   -1.6   -2.5   -0.8   -1.0   -0.6   -0.2   -0.8   -0.9   -0.5    0.5    0.3   -0.9   -0.3    0.1    2.0    1.2    0.5   -0.6    1.5    1.3    0.0    0.3    2.4
47211   -0.9   -1.2   -0.3   -0.3   -2.2   -2.8   -2.4   -0.9   -0.9   -0.5   -0.7   -0.3   -1.0   -3.9   -1.1   -1.5   -1.4   -1.0    0.1    2.6    1.0   -2.2   -0.5   -0.4    0.8    0.5    0.4    0.3
47212    0.0   -0.6   -0.5    0.1   -0.9   -3.3   -1.1   -1.0   -0.5   -0.5   -0.7   -0.8   -0.9   -0.7    0.3   -0.9   -0.5   -0.5   -0.3    1.7    0.6   -1.0    0.1    1.2    0.7    0.4    0.1   -1.0
47216   -0.9   -0.7   -0.1   -1.0   -1.9   -2.5   -2.0   -1.4   -0.7    0.0   -1.1   -2.1   -3.0   -2.2   -0.9    0.2   -0.2   -0.3    0.0    0.2    1.4    1.3    1.7    0.3    0.4    0.2    0.1   -1.3
47217   -0.8   -0.8    0.2    0.1   -2.1   -3.1   -1.9   -1.7   -0.9   -0.2   -1.0   -1.8   -2.2   -2.0   -0.8   -0.3   -0.5   -0.4    0.4    1.5    0.8   -0.3   -0.4    0.2    0.6    0.4    0.4   -0.2
47221   -0.1   -0.3    0.3    0.4   -0.2   -0.9   -1.5   -1.5   -1.1   -0.8   -0.4   -1.7   -1.8   -1.5   -0.1    0.6   -0.2   -0.3    0.3    2.5    2.7    2.1   -1.0    1.4    0.8    0.3    0.1    2.0
47226    0.0   -0.3   -0.2   -0.3   -1.3   -1.2   -1.0   -1.3   -1.1   -0.3   -0.5   -1.5   -1.5   -1.9   -1.2    0.5    0.5    0.1    0.3    2.1    0.5   -0.8   -1.6   -0.5    0.4    0.4    0.2    0.1
47232    0.4   -0.5   -0.4   -1.3   -2.0   -2.7   -3.7   -2.3   -1.8   -0.6   -0.4   -1.1   -1.7   -1.3    0.2   -1.1    1.2    0.6    0.5    0.1   -1.3   -1.6   -1.2    1.3    0.9    0.5    0.6    1.8
47233    0.1   -0.8   -0.6   -1.8   -1.9   -2.3   -3.2   -2.6   -0.9   -0.7   -0.7   -1.9   -1.9   -1.4   -0.6   -0.2    1.2    0.9    1.8    1.1   -0.4   -2.2   -1.5    1.2    1.2    1.1    1.5    0.8
47235    0.0   -0.5   -0.1   -1.7   -2.2   -1.5   -1.6   -1.3   -1.5   -0.5   -2.0   -2.0   -1.8   -1.5   -1.1    0.0   -0.3    0.4    0.5   -0.5   -1.7   -1.0   -0.9    0.0   -0.1    0.0   -0.1   -1.1
47236    0.0   -0.1   -0.3   -1.0   -2.3   -3.3   -3.2   -2.2   -1.6   -1.1   -1.4   -1.2   -2.0   -1.8   -1.5   -0.7    0.0    0.0    0.0    0.2   -0.8   -0.9   -1.3    0.7    0.2    0.0    0.2   -0.9
47238    0.2   -0.3   -0.1   -0.6   -1.5   -2.3   -1.5   -1.5   -1.5    0.0   -0.4   -1.1   -1.7   -1.8   -1.0    0.7    0.4    0.3    0.1   -0.8   -0.1   -0.4   -0.9    0.5    0.3    0.3    0.2   -1.0
47243   -0.4   -0.1   -0.5   -1.6   -3.3   -4.3   -3.7   -3.9   -3.6   -1.6   -0.8   -1.6   -3.1   -3.4   -3.2   -1.6   -0.6    0.3    0.1   -1.2   -2.5   -2.2   -2.4   -1.0   -0.5    0.7    0.1   -1.3
47244    0.2    0.0   -0.5   -0.8   -1.3   -2.0   -3.0   -1.8   -1.6   -1.1   -1.1   -0.9   -2.0   -1.4   -2.3   -0.8    0.1    0.3    0.1   -0.1   -0.9   -1.7   -1.7   -0.6    0.0    0.2    0.0    0.0
47245    0.7    0.6   -0.5   -1.0   -2.3   -3.4   -2.5   -1.7   -1.4   -0.8   -0.9   -1.4   -1.7   -2.3   -2.2   -0.9    0.8    0.7    0.6   -1.4   -1.5   -1.6   -1.6   -0.2    1.0    0.7    0.4   -1.3
47247    0.4   -0.2   -0.6   -0.8   -1.8   -2.3   -2.4   -2.1   -1.3   -0.5   -0.9   -0.9   -1.7   -2.0   -2.7   -1.3   -0.3    0.0    0.4    0.1   -1.2   -2.1   -2.3   -1.3   -0.3    0.0   -0.7   -1.5
47248    0.2    0.2   -0.5   -0.9   -1.8   -3.2   -3.1   -1.3   -1.6   -1.1   -1.2   -1.9   -3.0   -1.5   -2.3   -0.5   -0.1    0.0    0.1   -0.2   -0.8   -1.8   -1.4   -0.3    0.0    0.1   -0.3   -2.0
47251   -0.1    0.0   -0.5   -1.6   -3.6   -4.1   -2.7   -2.8   -2.2   -0.8   -0.8   -2.1   -2.7   -3.1   -2.8   -0.9    0.0    0.0    0.0   -0.8   -2.1   -2.1   -2.2   -0.8   -0.2    0.0   -0.3   -1.0
47252   -1.0   -0.3   -1.3   -3.0   -5.0   -6.2   -6.2   -5.9   -5.6   -4.6   -3.2   -3.1   -4.1   -5.6   -5.3   -3.3   -2.1   -0.2   -0.3   -2.0   -2.8   -3.5   -4.0   -2.4   -2.1   -1.0   -1.1   -2.3
47253   -0.9   -0.6   -1.5   -2.0   -1.6    1.9   -0.5   -1.4   -1.8   -1.8   -1.5   -2.5   -2.4   -0.4   -1.9   -0.7   -0.7   -1.5   -1.1   -0.1    1.9    1.6   -0.9   -1.0   -0.6   -1.8   -1.3   -3.3
47254    0.2   -0.4   -1.5   -1.4   -3.1   -4.8   -3.8   -2.3   -1.7   -2.2   -1.1   -1.3   -3.1   -2.6   -3.6   -1.6   -0.3    0.1    0.9   -2.8   -1.4   -1.9   -3.8   -1.6   -1.0    0.0   -1.3   -2.7
47255   -0.7   -0.4   -1.0   -1.1   -1.9    2.3   -1.4   -1.6   -1.6   -1.9   -1.6   -2.8   -3.1   -1.9    0.6   -0.6   -1.2   -0.9   -0.6   -0.1    3.0    2.1    0.3   -0.2   -0.8   -0.9   -1.1   -2.1
47256   -0.5    0.0    0.0   -1.0   -3.1   -2.9   -4.4   -2.0   -1.3   -1.2   -1.3   -1.3   -2.9   -3.0   -3.0   -1.3   -0.5    0.0   -0.3   -0.2   -0.5   -2.5   -2.4   -1.3   -0.7   -0.4   -0.5   -0.9
47257   -2.5   -1.9   -2.2   -1.2   -1.5    1.0   -2.1   -1.6   -4.7   -3.0   -2.9   -4.1   -2.4   -1.5   -2.7   -1.9   -1.7   -1.6   -0.2   -0.3    1.8    1.8   -2.6   -1.5   -1.4   -1.4   -0.1   -1.1
47259   -2.2   -0.6   -0.5   -1.8   -4.3   -5.8   -5.4   -4.5   -4.3   -4.0   -2.5   -2.6   -4.1   -5.4   -5.1   -2.9   -0.9   -0.6   -0.9   -0.5   -1.2   -2.8   -4.7   -2.2   -1.3   -1.1   -1.6   -1.1
47260   -1.7   -0.5   -0.5   -2.2   -4.4   -5.6   -5.3   -4.6   -3.4   -3.3   -2.3   -2.5   -4.4   -4.8   -4.5   -1.9   -0.9   -0.9   -1.0   -4.4   -0.9   -3.7   -4.3   -1.9   -1.0   -1.4   -1.1   -2.9
47261   -1.8   -1.9   -1.0   -2.1   -4.2   -5.9   -4.8   -4.4   -4.4   -3.6   -2.3   -2.5   -4.7   -4.6   -4.2   -2.5   -1.8   -1.5   -0.8   -2.7   -3.4   -3.5   -4.0   -1.7   -1.9   -1.6   -1.0   -2.6
47262   -1.1    0.0   -0.2   -0.9   -2.9   -4.0   -3.2   -2.9   -2.3   -2.0   -1.8   -2.1   -2.9   -2.0   -2.2   -1.6   -0.3   -0.3   -0.4    1.4    3.5    3.5   -1.8   -1.3   -0.9   -1.0   -1.0   -2.3
47263   -1.6   -0.9   -2.0   -1.7   -0.7   -3.2   -3.2   -1.4   -2.3   -2.8   -3.9   -3.4   -2.8   -1.7    2.4   -0.9   -1.5   -1.0   -1.3    0.9    2.8    3.1    1.3   -0.2   -2.0   -2.3   -3.0   -2.6
47264   -0.2   -0.7   -0.4   -0.9   -2.8   -3.1   -3.4   -1.5   -0.7   -0.3   -1.5   -2.8   -2.6   -2.4   -1.9    0.0   -0.1   -0.7    0.7    0.7    0.3   -0.9   -0.9    0.3   -0.3   -0.3   -1.0   -1.8
47266   -0.5    0.4   -1.0    0.2   -2.4   -4.2   -2.4   -1.2   -1.5   -1.1   -0.8   -1.1    0.2    0.6    0.4   -2.1   -0.6   -0.8   -0.6    1.3    2.8    2.4   -1.1   -1.6   -1.0   -1.4   -2.2   -1.7
47268   -0.7   -0.9   -1.5   -2.6   -4.2   -4.9   -4.3   -3.4   -4.2   -3.7   -2.3   -2.7   -4.0   -4.6   -3.8   -2.7   -1.7   -1.2   -0.8   -2.7   -3.2   -2.9   -3.6   -2.0   -1.8   -1.7   -1.2   -2.4
47271   -0.5   -0.5    0.0    0.6    0.6   -0.2   -1.1   -1.9   -1.0   -0.3   -0.8   -1.2   -2.9   -1.7   -0.6   -0.1   -0.8   -0.2    0.0    2.9    2.4    1.3    1.6    0.7   -0.1   -0.1    0.0    2.8
47272    0.7   -0.3    0.9    0.4   -1.2   -1.2   -4.3   -0.5   -2.5   -2.1   -2.5   -3.2   -1.8   -1.6    1.6    1.3   -0.8   -1.6    0.5    3.8    3.3    1.7    1.7    0.4   -2.7   -2.8   -0.8    3.7
47273   -0.8   -1.2    0.4    0.9   -0.9   -1.0   -1.0   -1.5   -1.0   -1.3   -1.0   -2.1   -1.8   -2.0   -1.8    0.9    0.7    0.5    0.5    2.9    1.3    2.1    0.9   -2.1   -1.5   -0.9   -0.7    1.4
47276    0.5   -0.1   -1.3    0.3   -0.6   -0.7   -2.7   -2.9   -2.4   -1.2   -2.6   -2.2   -0.9   -1.4   -0.8   -0.6   -0.7   -0.3    0.1    1.2    1.0    1.7    1.4    0.7    1.1   -0.8   -0.2    0.2
47277   -2.9   -1.6   -1.4   -0.5   -0.8   -2.6   -3.9   -4.2   -3.2   -2.1   -2.9   -4.9   -5.2   -3.9   -1.6   -1.0   -1.2   -1.4   -1.1   -1.1   -0.3    1.5    1.1    1.2    1.2   -0.2    0.1    4.0
47278    0.2    0.1   -0.1    0.4   -0.5   -1.1   -0.3   -0.8   -1.0   -0.2   -0.9   -1.1   -0.8   -0.4   -0.2   -0.9   -0.6   -0.1   -0.1    3.0    2.3    2.1    1.0    1.1    0.9    0.1    0.1    1.6
47279    1.2    0.4   -1.0    0.7   -1.3   -1.7   -0.9   -1.5   -1.9   -0.6   -1.6   -1.9   -1.9   -2.0   -0.2   -0.3   -1.0   -1.0   -0.2    2.6    3.4    2.6    1.1    2.2    0.7   -0.3   -0.5   -0.9
47281    0.7    0.5   -0.6    0.6   -0.8   -2.2   -2.8   -1.6   -1.6   -1.0   -1.5   -1.9   -1.7   -0.6   -0.7   -0.8   -0.9   -0.8   -0.1    1.4    2.0    1.5    2.5    0.3    1.0   -0.4   -0.4   -2.4
47283   -1.9   -1.4   -2.9   -1.8   -1.7   -1.4   -2.2   -5.2   -4.7   -2.6   -4.3   -3.5   -2.9   -2.6   -1.2   -1.1   -0.4   -0.3   -1.9   -0.8   -0.1    1.2    0.9   -0.4   -0.7   -0.2   -0.5   -0.3
47284   -0.5   -0.1   -0.5   -0.2   -1.4   -2.6   -2.3   -1.3   -0.7   -0.3   -1.1   -1.1   -1.5   -2.7   -2.5   -1.3   -0.4    0.1    0.4    0.4    1.0    2.4   -1.9   -0.5   -0.3   -0.3   -0.3   -1.0
47285   -0.7   -0.6   -0.6   -0.5   -1.6   -2.3   -1.9   -0.6   -1.2   -1.5   -1.4   -1.3   -2.0   -1.6   -2.2   -1.3   -0.7   -0.9   -0.6    2.6    2.9    2.1    2.6   -0.9   -0.1   -0.8   -0.9   -2.5
47288   -1.0   -0.4   -0.9   -0.7   -1.7   -3.1   -2.2   -1.1   -1.9   -1.0   -1.4   -1.9   -1.8   -2.2   -1.3   -0.9   -0.7   -0.3   -0.6    1.9    2.9    2.3    1.8    0.3   -0.8   -0.5   -0.7   -2.1
47289   -0.6   -0.3    0.0   -0.8   -1.9   -3.1   -3.2   -1.7   -1.1   -0.8   -1.0   -1.4   -1.8   -2.4   -1.9   -0.5   -0.2   -0.6   -0.2    2.8    3.9    2.9    1.6    0.1   -0.6   -0.8   -0.1   -2.7
47294   -0.3   -0.3   -0.5   -0.4    2.4    2.5   -1.7   -2.3   -2.0   -1.5   -1.3   -2.1    0.2    0.8   -0.5   -0.7   -0.6   -0.3   -0.4   -0.2    1.7    2.4    1.5   -0.1   -0.3   -0.4   -1.1   -2.8
47295   -1.0   -0.9   -1.2   -0.1    2.0   -2.3   -1.2   -1.6   -1.7   -2.2   -1.9   -1.8   -1.1    2.7    2.4   -0.6   -1.2   -1.0   -0.6    0.4    1.6    2.3    0.6   -1.1   -1.3   -1.6   -1.3   -1.5
47299   -8.1   -8.5   -9.8   -9.2  -11.0  -17.8  -17.4  -17.1  -16.1  -16.0  -17.1  -15.5  -12.1  -14.0  -14.1  -12.4  -11.0  -10.3   -9.3   -8.2   -8.6   -9.6  -11.2  -10.0  -10.0   -8.9   -6.0   -3.8
  319   -0.8   -1.0   -1.0   -1.0   -1.3   -1.4   -0.9   -0.9   -1.5   -2.4   -2.1   -2.6   -2.5   -2.1   -0.9   -1.2   -1.9   -1.3   -1.7   -2.6   -2.2   -1.7   -0.5    1.5    1.4    1.1    1.2    2.0
  322   -0.4   -0.2   -0.2   -0.3   -1.7   -1.4   -1.4   -0.3   -0.1    0.0   -0.1   -0.5   -0.2    0.0   -0.4   -0.5   -0.2   -0.1   -0.1    1.1    1.7    0.9    0.5   -0.1    0.0    0.0    0.0   -0.4
  328   -1.1   -0.9   -1.1   -1.6   -3.1   -3.6   -3.0   -3.1   -2.6   -3.0   -2.8   -3.2   -3.1   -3.1   -2.2   -1.6   -1.5   -1.5   -1.2   -2.3   -2.3   -2.0   -2.3   -1.6   -1.5   -1.6   -1.9   -1.4
  400   -0.4    0.1    0.5   -0.8   -1.5   -2.6   -1.9   -1.2   -1.7   -1.2   -1.3   -0.7   -0.6    0.6    2.5   -1.2    1.0    0.3    0.6    1.5    0.8    1.3    1.8    1.5    1.0    0.2    0.3    2.0
  433   -0.8   -0.6   -0.4   -1.2   -1.6   -1.7   -2.3   -1.7   -1.2   -1.2   -1.0   -0.7   -0.3    1.3   -1.6   -1.1   -0.6   -1.1    0.3    0.6    1.1    1.0    1.9    0.9    0.4   -0.1    0.4    1.2
  441   -0.5   -0.5   -1.0   -2.0   -3.2   -3.2   -3.5   -2.0   -1.8   -1.3   -1.1   -1.9   -1.9   -1.9   -2.2   -1.4   -0.7   -0.8   -0.2    2.0    2.2    2.3    4.4    1.0    0.6    0.3    0.3    3.8
  497    0.0    0.0   -0.3   -1.0   -1.7   -0.7   -0.2    0.0    0.0    0.0   -0.2   -0.8   -1.3   -0.6    0.1    0.0    0.0    0.0    0.1   -0.3    0.2    0.4    0.2    0.0    0.2    0.1    0.0   -1.1
  498   -0.1   -0.3   -0.3   -0.5   -0.7   -0.6    0.8   -0.8    0.0    0.0   -0.2   -1.0   -1.5   -0.8    0.7    0.1   -0.9   -0.4    0.1   -0.2   -0.5    0.3    0.5    2.0    1.4    1.2    0.2   -1.0
  504   -0.7   -0.5   -0.3   -0.4   -1.5   -2.0   -1.3   -0.6   -0.6   -0.5   -0.4   -0.6   -0.8   -0.8   -0.6    0.2   -0.1   -1.0    0.2    1.9    0.4    0.0    1.2    0.4    0.9    0.6    0.7   -0.5
  516    0.6    0.0    0.2   -0.4   -0.7   -1.4   -1.9   -1.2   -0.5   -0.3   -0.1   -0.5   -0.7   -0.1    0.9   -0.3    1.0    0.1    0.5    1.1    0.4    0.0   -0.3    0.8    0.5    0.1    0.3    2.4
  517   -0.6   -0.6   -0.6   -1.1   -1.8    2.0    1.4   -0.1   -0.5   -0.6   -0.4   -1.2   -1.6    0.9    1.5    0.3    0.3    0.4    0.3    0.1   -0.1    1.1    2.0    0.9    0.2   -0.6   -0.3   -2.2
  519   -0.4    0.0   -0.1   -0.5   -1.8   -2.4   -1.1   -1.1   -0.5   -0.1   -0.4   -0.2   -0.7   -0.4    0.9   -0.5   -0.6   -0.2    0.0    1.6    1.4    0.1    0.5    1.1    0.3    0.0    0.1   -0.6
  522   -0.1    0.0   -0.3    0.1   -0.9   -0.8   -0.2   -0.8   -0.1   -0.1   -0.2   -0.8   -0.7   -0.5   -0.3   -0.4   -0.3   -0.1   -0.1    2.1    0.6   -0.3   -0.9   -0.3    0.0    0.0   -0.1   -0.7
  523   -1.9   -2.7   -2.6   -2.8   -3.6   -3.6    3.5   -1.2   -1.8   -2.5   -2.5   -2.6   -3.4   -1.5    3.3    1.8    2.1    1.9    1.6    1.4    1.5    2.6    4.6    2.3    1.9    0.2   -2.6   -3.3
  525    0.0    0.0    0.0    0.0   -1.0   -1.5   -1.5   -0.4   -0.3    0.0   -0.4   -0.7   -1.5   -2.2   -0.1    0.2    0.0    0.0    0.3    2.2    0.6   -0.1   -1.0   -0.2    0.3    0.2    0.1   -0.6
  526    0.0   -0.5    0.4    0.2    0.0   -1.9   -1.0   -0.4   -0.1   -0.7   -0.3   -0.8   -1.2   -1.2   -0.1    0.2   -0.2   -0.4    0.2    1.9    1.7    0.8    1.3    0.5    0.6    0.5    0.5    1.2
  527   -0.6   -0.3    0.0   -0.1   -2.1   -1.9   -1.6   -0.6   -0.6   -0.2   -0.2   -1.1   -3.5   -1.5   -0.6   -0.1   -0.3    0.0    0.2    2.0    1.7   -0.8   -0.3    0.3    0.4    0.1    0.4   -0.6
  528   -3.9   -4.4   -4.3   -4.4   -4.4   -4.2   -3.8   -4.6   -4.1   -3.8   -3.9   -3.7   -3.5   -3.0   -2.3   -3.2   -3.0   -2.9   -3.0   -3.9   -2.9   -3.0   -2.4   -2.2   -2.2   -2.0   -2.2   -3.7
  529   -2.2   -2.2   -1.3   -2.9   -1.1   -2.5   -2.4   -2.2   -1.7   -2.6   -2.0   -4.0   -4.5   -2.9   -1.4   -0.7   -1.6   -0.8    0.1   -0.4    1.5    2.9    2.7    2.1    1.9    2.1    1.5   -2.1
  530   -0.8   -1.6   -0.9   -1.3   -1.1   -1.2   -0.9   -1.2   -2.1   -2.8   -2.1   -2.4   -1.8   -1.8   -0.3   -1.2   -1.7   -2.2   -1.6   -1.5   -2.6   -1.6    0.0    1.3    1.5    1.7    1.4    2.0
  531   -0.1   -0.3    0.0   -0.1   -0.7   -1.0   -0.2   -0.4   -0.4   -0.3   -0.1   -0.5   -0.5   -0.7    0.3    0.1   -0.2    0.0    0.0    0.4    0.4    0.3   -0.2    0.1    0.3   -0.1    0.1    0.3
  532   -0.8   -0.6   -0.3   -0.8   -1.9   -2.6   -1.5   -1.4   -1.2   -0.6   -0.8   -0.8   -0.8   -1.5   -2.3   -0.7   -0.7   -0.8    0.1    2.0    0.4    0.9    2.3    0.8    0.5    0.3    0.2    0.2
  534    0.4    0.0    0.6    0.0   -0.6   -0.9   -2.6   -1.0   -0.7   -0.1   -0.1   -0.9   -0.8   -0.4    0.4    1.0    0.4   -0.3    0.1    1.5    0.8    0.2   -0.3    1.1    0.8   -0.1    0.3   -1.0
  535    0.0   -0.1   -0.1    0.1   -1.0   -1.2   -1.1   -0.9   -0.2    0.0    0.0   -0.5   -1.3   -0.7   -0.6   -0.2    0.0    0.0    0.0    1.2    0.7   -0.4   -0.9   -0.1    0.2    0.0    0.0   -0.8
  536    0.1   -0.5    0.2    0.1   -0.3   -2.7   -1.5   -1.1   -0.9   -0.1   -0.6   -0.5   -1.0   -0.9    1.1    0.4   -0.7   -0.3    0.0    1.7    1.6    0.2    0.3    0.5    0.9    0.6    0.2   -0.5
  540   -0.4   -0.1    0.0   -1.2   -2.1   -3.4   -2.7   -1.4   -1.0   -0.8   -1.1   -0.8   -1.2   -1.5   -1.4   -0.4   -0.1   -0.8    0.1    2.1    1.1    1.6    2.0    0.5    0.5   -0.1    0.4    2.8
  541   -0.4   -0.1    0.0   -0.4   -1.8   -2.9   -1.4   -0.7   -0.9   -0.2   -0.4   -0.4   -0.9   -1.3    2.9   -0.4    0.1   -0.2    0.6    1.8    0.9    0.8    1.8    0.7    0.4    0.2    0.2    0.4
  542    0.1    0.0    0.2   -0.2   -1.5   -3.0   -0.8   -0.7   -0.2   -0.1   -0.8   -0.7   -0.9   -1.4    2.4    1.6    0.0   -0.2    0.5    2.4    1.4    0.4    0.8    1.2    1.0    0.4    0.7    0.9
  546    0.4    0.2    0.5   -0.7   -1.6   -3.0   -2.8   -1.1   -1.0   -0.6   -0.7   -0.9   -0.9    0.3    2.5    0.1    0.4    0.1    0.9    2.3    1.4    1.1    0.6    1.6    1.1    0.7    0.6   -2.9
  548    1.5    0.4    0.8    0.4   -0.8   -2.6   -2.4   -2.7   -1.6   -1.1   -0.9   -0.7   -0.6   -1.0    1.0    2.0   -1.4   -0.9   -0.1    2.6    2.3    0.9   -0.2    2.2    0.9    0.5    0.8    1.7
  549    0.9    0.1    0.2   -0.8   -1.3   -1.4   -2.8   -1.2   -1.2   -0.9   -0.5   -0.7   -0.7    0.5    1.9   -1.3    0.8    0.3    0.6    1.6    0.9    0.6    0.1    1.8    1.1    0.3    0.4   -1.2
  551    0.7   -0.3    0.0   -0.8   -1.2   -1.7   -3.0   -1.3   -1.9   -1.1   -0.4   -0.7   -0.6    0.2    1.5   -1.3    1.1    0.5    0.3    0.8    0.3   -0.1   -0.3    1.4    0.9    0.3    0.4    1.9
  552   -0.9   -0.2   -0.6   -0.7   -3.1   -1.3   -2.3   -0.8   -0.7   -0.3    0.0   -0.2   -0.1   -0.4    0.1   -1.7   -1.6   -1.2   -0.8    1.6    1.4    0.9    1.9    0.0   -0.3    0.0    0.9    0.4
  555   -1.1   -0.9   -0.5   -0.4   -1.9   -1.8   -1.9   -0.8   -0.9   -0.5   -1.1   -1.2   -0.8   -0.5    0.8   -1.0   -0.9   -0.5   -0.4    2.1    2.9    2.5    1.2    0.2    0.6    0.0    0.6    0.8
  556   -0.5   -0.4   -0.1    0.1   -3.0   -1.4   -1.6   -1.1   -0.4   -0.4   -0.3   -0.4   -0.7   -1.4   -0.1   -1.1   -0.3   -0.2    0.0    1.8    2.5    2.0   -0.1   -0.4   -0.2   -0.1    0.7    0.8
  557   -0.1   -0.2    0.0   -0.4   -0.8   -1.5    0.4   -0.3    0.0    0.0    0.0   -0.2   -1.4   -0.4    0.0   -0.1   -0.1    0.0    0.0   -0.1   -1.5   -1.0   -0.2    0.3    0.2    0.0    0.0   -0.2
  559   -0.1   -0.2   -0.1   -0.2   -2.8   -1.8   -1.1   -0.6    0.3    0.0   -0.5   -0.6   -1.9   -1.5   -0.5   -0.3   -0.4   -0.1    0.1    0.4   -0.6   -2.3   -1.0    0.4    0.8    0.2    0.1   -0.7
  560   -0.4   -0.7    0.0   -1.7   -2.6   -2.7   -2.1   -0.8   -0.5   -0.4   -1.0   -1.3   -2.5   -1.8    0.5    0.1   -0.2   -0.2    0.3    0.0   -0.6   -0.2    0.5    1.1    0.6    0.3    0.1   -2.6
  561    0.0   -0.3    0.0    0.1   -0.5   -2.5   -1.7   -1.2   -0.4    0.0   -0.2   -0.8   -2.0   -1.3   -1.2    0.3   -0.2    0.0    0.0    2.1    0.8   -0.4   -1.2    0.5    0.4    0.0    0.0   -1.1
  562   -0.1   -0.3    0.4    0.2   -0.2   -1.3   -0.9   -0.5   -0.1   -0.6   -0.2   -0.9   -1.5   -1.8    3.4    0.2   -0.1   -0.1    0.1    2.4    2.4    1.8   -1.5    0.2    0.7    0.2    0.1    1.4
  563   -0.2   -0.2    0.0    0.0   -0.7   -1.8   -1.2   -0.6   -0.6    0.5   -0.5   -0.4   -1.9   -1.3   -0.6   -0.6   -0.7   -0.3   -0.1    1.9    0.4   -0.5   -1.0   -0.4   -0.1    0.2    0.1   -2.6
  565    0.0   -0.2   -0.4   -1.3   -1.7   -3.4   -3.6   -2.3   -1.5   -1.1   -1.4   -0.8    0.1    2.1   -1.5   -1.7   -0.8   -0.2    0.4    0.9    1.1    0.6    1.4    0.9    0.7    0.0    0.5    1.2
  566    0.0    0.0    0.0   -0.2   -0.3   -0.1    0.2    0.0    0.0    0.0    0.0   -0.6   -1.0   -0.3    0.0    0.0    0.0    0.0    0.0    0.4    0.4    0.3    0.0    0.0    0.2    0.1   -0.8   -1.3
  571    0.6    0.0   -0.4   -1.2   -1.5   -1.4   -2.2   -1.7   -1.8   -1.0   -1.1   -0.9   -0.4    1.0   -0.9   -1.0   -0.8    0.2    0.5    0.4    0.3    0.1    0.8    1.2    1.0    0.6    0.4   -2.5
  572    0.4    0.4    0.5   -0.8   -1.4   -1.5   -1.9   -0.9   -1.4   -0.7   -0.9   -0.8   -0.7    0.9    2.3   -0.4    1.1    0.1    0.7    1.6    0.9    1.0    1.5    1.2    1.2    0.4    0.3    0.0
  579   -0.6   -1.3   -0.3   -2.4   -2.0   -2.6   -1.6   -1.4   -0.7   -0.1   -1.0   -1.9   -3.1   -2.2   -0.3    0.3   -0.3   -0.6   -0.1   -0.7    0.3    0.7    0.4    0.6    0.5    0.4    0.0   -1.5
  580   -1.9   -1.2   -1.9   -1.3   -1.7   -2.9   -2.3   -0.2   -1.6   -1.8   -1.9   -3.6   -3.5   -2.1    0.3    0.9    0.9    0.9    1.0    0.3    1.0    2.0    2.1    1.8    2.5    0.7   -3.0   -3.7
  581   -0.6   -0.5    0.3    0.1   -0.2   -1.5   -1.1   -1.6   -0.7    0.1   -0.8   -0.9   -1.5   -1.3   -0.6    0.3   -0.5   -0.2    0.4    0.6    1.9    1.5    1.2    0.6   -0.2   -0.9   -0.1   -0.5
  583    0.8    0.0    0.6    0.0   -0.1   -3.0   -2.1   -0.7   -0.6    0.5   -0.7   -0.9   -1.6   -1.2    0.8    0.9    0.0    0.1    0.6    2.8    1.3    0.4    0.1    0.7    0.4   -0.7   -0.1   -1.9
  586   -0.2   -0.1    0.0    0.1   -0.7   -1.3   -1.4   -0.5   -0.1    0.0    0.0   -0.5   -0.8   -0.7   -0.3   -0.2    0.0    0.0    0.0    0.5    1.7    0.8   -1.3   -0.1    0.0    0.0    0.1    0.3
  587   -0.7   -0.8   -0.1    0.0   -3.1   -1.3   -0.4   -0.8   -0.8   -0.6   -0.3   -1.2   -0.9   -0.5    0.5   -0.6   -0.7   -0.6    0.1    1.6    0.7    0.9    0.3    0.1    0.2    0.2    0.4    0.1
  588    0.1   -0.3   -0.1    0.1   -1.2   -2.1   -1.2   -0.1   -0.1    0.1   -0.1   -0.1   -0.7   -1.0    1.0    0.0    0.0   -0.1    0.0    1.8    0.6    0.7   -0.4    0.2    0.0    0.0    0.2    1.4
  590    0.2    0.2    0.3   -1.3   -1.8   -2.3   -2.6   -1.6   -1.2   -0.3   -1.0   -1.0   -0.4    1.8    2.4   -1.0    0.7    0.4    0.5    1.6    1.1    1.1    1.7    1.0    0.7    0.1    0.2    0.0
  593   -0.1   -0.6   -0.4   -1.2   -1.4   -1.6    1.7    0.4    1.1    0.5   -1.9   -1.7   -2.2   -1.1    0.9    0.1   -0.4    0.5    0.3    0.0   -0.1    0.6    0.7    0.8    1.2    1.2   -0.1   -1.5
  594   -0.3   -0.2    0.0    0.0   -1.9   -1.0   -1.1   -1.5   -0.5    0.0   -0.4   -0.7   -1.4   -0.8    0.6   -0.8   -0.7   -0.2    0.0    0.2   -0.3   -0.2    0.3    1.0    0.5    0.3    0.5    0.5
  595   -0.3    0.0   -0.2    0.0   -1.2    0.1    0.8    0.0   -0.1   -0.1   -1.0   -1.6   -1.4   -0.5    0.6    0.0   -0.1   -0.1    0.0    0.0   -0.1    0.7    0.5    1.2    0.7    0.4    0.9   -2.6
  598   -0.5   -0.1   -0.2   -0.6   -1.6   -1.9   -0.6   -1.0   -0.5   -0.3   -0.4   -0.5   -0.7   -1.3   -1.3   -0.1   -0.1   -0.2   -0.2    1.4    0.4    0.6    1.7    0.4    0.0    0.1    0.0    0.3
  601    0.4   -0.1   -0.1    0.0   -0.2   -0.2   -0.8   -0.6   -0.5    0.2   -0.1   -0.3   -0.5   -0.5   -0.5    0.5   -0.1   -0.2   -0.1    1.2    0.8    1.3    1.0    0.6   -0.2   -0.1    0.1    0.5
  602    0.9   -0.3    0.5   -0.4   -0.5   -0.8   -1.4   -1.5   -0.7   -0.5   -0.7   -0.8   -0.7   -0.5   -0.1    0.9    0.8    0.3    0.8    1.1    0.3   -0.3   -0.6    1.1    1.1    0.7    0.7    1.6
  603    0.7   -0.1    0.0   -0.2   -0.7   -0.3   -1.3   -1.8   -1.3    0.0   -0.1   -0.9   -1.7   -1.3   -0.1    0.9    0.0    0.0    0.0    1.5    1.3   -0.4   -1.0    0.7    0.7    0.1    0.1   -0.7
  604    0.0   -0.2    0.0   -0.3   -1.4   -1.6   -0.8   -0.4   -1.0   -0.1   -0.2   -0.8   -1.1   -1.3   -1.1    0.1    0.1    0.0    0.0    0.7   -0.2   -0.3   -1.2   -0.1    0.3    0.0    0.0   -0.4
  605    0.1   -0.1   -0.1   -0.4   -1.8   -1.6   -0.8   -0.2   -0.4    0.2   -0.1   -1.2   -1.4   -1.9   -1.2    0.1    0.1    0.0    0.3    0.7   -0.7   -0.7   -1.2    0.0    0.3    0.7    0.1   -2.0
  606    0.1   -0.3   -2.0   -2.7   -2.9   -3.0   -4.2   -4.5   -4.0   -4.5   -3.5   -2.6   -1.2   -2.0   -2.8   -2.7   -1.0   -1.1   -0.1   -1.7   -0.7   -0.6   -0.6    0.1   -0.2    0.8    0.7   -3.4
  608    0.8   -0.5   -1.4   -4.8   -5.3   -5.0   -5.2   -4.9   -4.4   -3.0   -3.8   -3.5   -3.0   -2.4   -0.7   -2.3   -0.4    1.5    1.7   -0.9   -1.1   -0.9   -0.3    1.5    1.8    1.9    1.5   -0.9
  610    0.7   -0.3   -0.4   -1.9   -2.2   -2.6   -2.4   -1.8   -1.2   -1.6   -1.0   -1.3   -1.6   -2.0   -0.7   -0.8    0.0    0.5    0.3   -0.7   -0.8   -0.6   -0.4    0.5    0.6    0.4    0.5   -1.5
  611   -0.5   -0.6   -0.7   -0.7   -1.5   -2.5   -1.8   -1.8   -1.2   -0.9   -0.5   -0.9   -1.5   -1.2   -0.7   -0.5    0.7    0.7    0.4    0.2   -0.4   -1.3   -1.4    0.7    1.1    0.8    0.5    0.0
  612    0.0   -0.6   -0.6   -0.8   -2.1   -3.0   -2.1   -1.8   -1.7   -0.9   -0.5   -0.9   -1.6   -1.7   -1.1   -1.1    0.6    0.1    0.1    0.8   -0.5   -0.4   -1.2    1.1    0.7    0.1    0.4    2.2
  614   -0.2   -0.4   -0.8   -1.5   -3.3   -3.9   -3.8   -3.3   -2.1   -1.1   -0.5   -1.1   -2.6   -2.8   -2.8   -1.4   -0.2    0.0    0.0   -0.4   -2.0   -1.7   -2.2   -0.5    0.2    0.1    0.1   -1.3
  615    0.0    0.0   -0.3   -0.8   -2.2   -3.6   -2.7   -2.7   -2.1   -0.5   -0.9   -1.4   -1.8   -1.7   -1.6    1.2    0.7    0.2    0.2    0.5   -0.2   -0.4   -1.1    1.3    1.0    0.3    0.5   -0.3
  616    0.0   -0.7   -1.0   -3.0   -4.3   -3.8   -5.0   -4.2   -3.5   -2.4   -2.4   -2.2   -1.9   -1.7   -3.0   -1.7   -0.5    0.1    0.3   -1.7   -1.5   -0.4   -0.3    0.5    0.5    0.8    0.5   -3.4
  617    0.0   -0.2    0.0   -0.7   -0.9   -1.2   -1.9   -1.3   -0.3   -0.3    0.0   -0.6   -0.7   -0.3    0.4   -0.2    0.7    0.6    0.4    0.7   -0.2   -1.0   -0.5    0.9    0.4    0.3    0.6    1.9
  618    0.2    0.0   -0.6   -1.3   -2.7   -2.4   -2.6   -1.6   -1.0   -0.5   -0.9   -1.1   -1.8   -1.8   -0.7   -0.6    0.0    0.0    0.0   -0.2   -0.8   -0.6   -0.8    0.0    0.1    0.2    0.0    0.0
  619    0.4   -0.5    0.4   -0.1   -0.4   -0.5   -2.1   -1.6   -0.7   -0.1   -0.3   -1.0   -0.9   -0.8    0.0    0.9    0.7    0.1    0.2    1.2    1.1   -0.1   -0.6    0.7    0.5    0.2    0.2   -0.4
  623    0.2   -0.2    0.1   -0.3   -0.6   -0.8   -1.5   -1.3   -0.6   -0.1   -0.3   -0.7   -1.0   -0.7   -0.1    0.4    0.5    0.3    0.0    1.2    0.8   -0.5   -0.7    0.3    0.9    0.7    0.0    1.2
  624    0.1   -0.1    0.2   -0.4   -0.8   -0.6   -0.9   -1.3   -1.0   -0.3   -0.7   -0.8   -1.4   -1.2   -0.2    0.8    0.0    0.3    0.0    1.5    0.9   -1.2   -1.1    0.5    0.9    0.7    0.1    0.2
  627    0.0   -1.2   -1.3   -3.3   -2.9   -3.7   -3.9   -3.5   -2.9   -4.1   -2.6   -2.8   -1.7   -3.1   -3.1   -1.5   -0.7   -0.3    0.0   -1.9   -1.6   -1.6   -1.4   -0.4   -0.6   -0.4   -0.3   -2.1
  628    2.2   -0.9   -1.2   -1.6   -3.2   -3.3   -4.1   -2.6   -2.2   -1.1   -1.8   -1.6   -2.0   -2.3    0.1   -1.2    0.5    2.1    1.9   -1.1   -1.9   -0.7   -0.2    1.4    2.4    1.8    2.3   -3.2
  630    0.5   -0.5    0.2    0.0   -0.7   -1.1   -2.4   -2.0   -0.9   -0.1   -0.4   -1.1   -1.1   -0.8    0.2    0.8    0.3    0.0    0.0    1.8    1.5    0.2   -1.0    1.1    0.5    0.1    0.0   -1.2
  634    0.7   -0.4   -0.2   -1.2   -1.5   -1.8   -1.5   -0.7   -1.1   -1.6   -0.9   -1.3   -0.8   -0.9    0.4   -0.7   -0.1    1.1    0.4   -1.0   -1.5   -0.7   -0.1    0.7    1.2    0.6    0.5   -1.9
  635    0.2   -0.5   -0.2   -1.7   -3.5   -3.3   -3.9   -4.1   -2.2   -2.0   -0.4   -1.6   -2.5   -2.8   -2.6   -0.8   -0.1    0.2    0.1   -0.6   -1.2   -1.1   -2.6    0.2    0.8    0.1    0.3   -1.5
  636    0.1   -0.1   -0.2   -0.7   -2.1   -2.4   -2.6   -2.3   -1.7   -0.6   -0.3   -1.1   -2.0   -1.8   -1.2    0.9    0.3    0.3    0.3    0.7    0.1   -0.4   -1.3    0.9    0.2    0.3    0.8    0.4
  642   -0.6   -0.5   -0.4   -0.7   -1.7   -1.8   -1.4   -2.1   -1.6   -0.3   -0.5   -1.1   -1.6   -1.7   -1.1    1.4    0.6    0.2    0.2    0.2    0.2   -0.5   -1.1    0.6    0.5    0.7    0.3   -0.2
  651   -0.7   -1.3   -1.1   -0.4   -2.8   -2.3   -3.1   -1.9   -1.2   -0.7   -0.3   -0.1   -0.5   -1.6   -0.6   -2.1   -1.4   -1.0   -0.6    1.1    3.4    1.9    1.9    1.4    0.4    0.1    0.7    0.2
  652   -0.5   -0.2   -0.2   -0.3   -1.5   -1.7   -1.7   -0.8   -0.3   -0.1   -0.2   -0.3   -0.8   -1.2   -1.1   -0.5   -0.7   -0.5   -0.2    2.0    1.0    0.3    1.9    0.6    0.3    0.3    0.2    0.5
   96   -1.6   -0.8   -0.9   -0.7   -1.5   -1.4   -2.1   -2.2   -2.2   -3.1   -3.0   -4.7   -3.0   -2.8   -2.6   -1.9   -1.7   -3.3   -2.2   -2.9   -2.5   -3.4   -1.7   -0.1   -0.1   -1.2   -0.5    0.3
  661   -1.1   -1.5   -1.0   -1.9   -2.6    3.0    1.3   -1.5   -1.5   -1.9   -2.7   -3.3   -2.2    2.8    1.9    0.6    0.3    0.4    0.4    1.5    0.9    2.2    2.8    2.0   -0.3   -2.2   -1.7   -3.4
  670   -1.2   -1.5   -1.7   -1.2   -3.1   -1.6    1.3   -0.5   -1.4   -1.4   -2.8   -3.2   -2.8   -1.1    2.2    1.3    0.5    1.1    0.7    0.5    0.6    1.9    2.6    3.3    1.2   -1.7   -2.5   -2.4
  671   -2.4   -3.6   -2.6   -2.1   -3.5   -2.1    1.9   -0.8   -1.9   -1.9   -2.3   -2.7   -2.9   -0.7    2.7    0.6    1.1    0.5    0.6    0.9    0.2    2.1    2.9    1.7    0.8   -2.1   -2.5   -3.5
  695   -4.0   -3.3   -2.8   -1.1   -2.6   -3.8   -2.9   -3.9   -3.9   -0.7   -1.5   -0.8   -0.3   -0.4    1.2   -3.5   -3.5   -2.9   -1.7    1.2    2.2    0.4    1.5    2.5    2.9    1.6    3.8   -0.1
  699   -0.6   -0.3   -0.5   -1.3   -2.0   -2.6   -1.9   -1.5   -1.6   -1.0   -0.7   -1.4   -1.8   -2.3   -1.3   -0.9   -0.3   -0.1   -0.2   -0.6   -1.2   -1.5   -1.5   -0.8   -0.4   -0.3   -0.4   -0.9
  701    0.9    0.0   -0.5   -0.5   -1.3   -2.7   -1.5   -0.5   -0.6   -0.1   -0.9   -1.0   -2.1   -2.5   -1.3    0.6    0.5    0.3    0.2   -1.0   -1.0   -0.9   -1.0    0.3    0.6    0.4    0.2   -2.7
  702    0.8    0.5    0.1   -0.6   -1.7   -3.3   -2.2   -2.7   -1.6   -0.7   -0.6   -1.5   -1.3   -2.0   -1.6    0.9    0.8    0.1    0.1   -0.1    0.1   -0.7   -0.7    0.9    0.7    0.4    0.4   -0.7
  703    0.5    0.2   -0.3   -0.9   -1.3   -2.9   -2.4   -1.2   -0.9   -0.2   -0.8   -1.6   -2.1   -1.9   -2.0    0.1    0.5    0.2    0.2   -0.7   -0.6   -0.9   -0.9    0.2    0.4    0.4    0.0   -1.5
  704   -1.2   -1.5   -1.8   -3.6   -4.0   -3.8   -4.9   -5.2   -6.0   -3.7   -5.0   -4.4   -3.7   -3.2   -2.7   -3.2   -2.9   -0.5    0.1   -0.8   -2.8   -2.3   -1.9   -2.1   -2.0   -1.2   -1.5   -2.4
  706    0.5   -0.2   -0.9   -1.5   -3.2   -4.2   -3.9   -2.9   -2.3   -1.5   -1.5   -1.9   -2.9   -2.9   -2.8   -1.2   -0.2    0.0    0.7   -2.5   -2.1   -2.5   -2.1   -1.4   -0.3    0.4   -0.8   -2.2
  709   -0.2   -0.1   -0.5   -1.1   -2.2   -2.7   -2.9   -2.0   -1.1   -0.9   -1.0   -2.1   -2.4   -2.3   -2.4   -0.7   -0.2   -0.2   -0.3    0.4    0.3   -0.1   -2.1   -0.9   -0.9   -0.6   -1.6   -1.9
  710   -0.1   -0.1   -0.2   -1.0   -2.8   -3.7   -3.3   -2.0   -1.0   -1.5   -0.6   -1.0   -2.0   -2.5   -2.8   -1.0   -0.3   -0.1   -0.4   -1.6   -1.4   -2.5   -2.4   -0.9   -0.3    0.0    0.0   -1.5
  711   -0.3   -0.1   -0.7   -1.4   -4.7   -6.7   -6.0   -4.3   -2.9   -2.3   -2.0   -2.0   -3.6   -4.5   -3.3   -1.8   -0.7    0.0   -0.8   -3.2   -1.3   -3.5   -3.3   -1.7   -0.7   -0.5   -1.3   -3.1
  712   -1.7   -1.3   -1.3   -1.3   -2.9   -3.9   -3.3   -2.8   -2.5   -2.2   -1.7   -1.5   -2.7   -3.5   -2.9   -1.7   -0.9   -1.6   -1.3    3.2    2.0    2.8   -2.1   -1.8   -1.2   -1.8   -1.5   -2.3
  713   -0.8   -0.4   -0.6   -0.5   -2.6   -4.1   -2.8   -1.8   -1.8   -1.4   -0.8   -0.7   -2.7   -3.4   -2.6   -1.3   -1.3   -0.8   -0.4    3.2    3.4    2.7   -2.2   -1.4   -1.2   -1.6   -1.5   -2.4
  724   -4.2   -3.5   -2.9   -4.6   -6.0   -7.2   -7.7   -8.5   -8.5   -8.6   -7.6   -7.0   -5.3   -6.6   -5.2   -6.0   -4.6   -4.7   -4.8   -5.3   -4.2   -5.1   -4.9   -4.7   -4.5   -5.0   -4.4   -4.0
  727   -1.0   -0.9   -1.3   -1.6   -3.6   -4.4   -4.5   -3.2   -3.2   -4.3   -4.4   -4.4   -4.2   -4.6   -4.0   -2.8   -1.2   -1.7   -2.1   -3.6   -3.4   -2.8   -3.5   -2.9   -2.6   -3.0   -3.1   -2.5
  730   -0.6   -0.2   -0.2   -1.7   -3.5   -4.6   -3.8   -2.7   -2.3   -1.5   -0.9   -1.5   -2.8   -2.7   -3.0   -1.6   -0.5    0.0    0.0   -2.2   -2.4   -2.6   -2.5   -1.5   -0.8    0.3   -0.1   -1.6
  731   -0.4   -0.7   -0.4   -1.9   -4.6   -5.6   -4.2   -3.0   -2.5   -3.1   -2.1   -2.7   -3.4   -3.8   -3.0   -1.3   -0.6   -0.6    0.0   -2.4   -1.4   -2.8   -3.3   -0.9   -0.9   -0.1   -0.7   -2.3
  732   -0.5   -0.1   -0.3   -1.6   -2.6   -4.5   -4.2   -3.5   -3.0   -1.9   -1.4   -2.2   -2.8   -3.2   -3.2   -1.1   -0.3    0.0   -0.5   -2.3    4.1   -1.0   -2.6   -1.2   -0.4   -1.0   -1.1   -2.7
  733    1.1   -0.4   -0.5   -1.0   -2.7   -4.0   -3.7   -3.8   -2.1   -1.4   -1.2   -2.3   -1.9   -2.4   -2.6   -0.3    1.2    0.3    0.5    0.2   -0.4   -0.9   -1.6    1.3    1.4    1.1    1.2   -0.9
  734    0.5    0.2    1.4   -0.9   -2.4   -4.3   -3.1   -2.5   -2.1   -1.0   -1.7   -1.3   -2.2   -2.9   -1.8    1.6    0.7    0.4    0.5   -0.7    0.4   -0.6   -0.7    1.7    1.2    0.7    0.4   -1.2
  736   -0.1   -1.1   -1.8   -1.6   -4.4   -7.1   -7.7   -7.1   -4.0   -3.6   -2.6   -2.1   -3.5   -5.6   -4.9   -3.8   -1.2    1.5    1.0   -0.2   -2.4   -3.3   -3.7   -1.9   -0.6    1.3    1.9   -1.6
  737    0.8    0.9   -0.4   -0.8   -1.7   -3.1   -3.2   -3.4   -1.8   -1.6   -1.2   -1.8   -1.6   -2.6   -2.5   -0.6    0.9    1.1    0.7   -0.9   -0.9   -1.4   -1.5    0.1    1.5    1.2    0.8   -1.2
  738   -0.3    0.1   -0.3   -2.2   -3.8   -3.4   -3.6   -3.3   -3.1   -1.7   -1.2   -2.4   -3.6   -3.3   -2.5   -1.3    0.0    0.3    0.0   -1.1   -2.9   -2.3   -2.1   -0.8   -0.3    0.1   -0.2   -1.9
  741    0.4    0.0    0.0   -0.9   -2.5   -2.6   -2.5   -2.0   -1.4   -1.0   -0.7   -1.5   -2.6   -2.5   -2.2   -1.0    0.0    0.1   -0.1   -1.9   -0.9   -2.1   -1.7   -0.8   -0.1    0.1   -0.3   -2.0
  745   -2.3   -0.6   -0.5   -1.8   -4.3   -5.8   -5.4   -4.5   -4.3   -4.0   -2.6   -2.6   -4.1   -5.4   -5.1   -2.9   -1.0   -0.6   -0.9   -0.5   -1.2   -2.7   -4.7   -2.2   -1.3   -1.1   -1.6   -1.1
  748   -2.5   -0.6   -2.0   -1.7   -3.1   -4.7   -4.2   -3.9   -3.2   -3.1   -2.3   -2.8   -4.2   -3.6   -3.3   -2.6   -1.8   -2.0   -0.9    4.0    4.2    3.9   -2.5   -2.2   -2.3   -2.6   -1.9   -3.3
  751   -1.6   -1.1   -2.4   -3.1   -4.0   -6.9   -7.4   -7.4   -7.7   -6.9   -6.3   -6.1   -5.1   -5.1   -5.3   -4.2   -3.7   -2.8   -3.4   -3.8   -3.7   -3.0   -4.9   -3.9   -4.1   -4.5   -4.5   -3.1
  752   -3.2   -2.8   -3.2   -4.4   -5.7   -7.4   -7.6   -6.5   -6.6   -6.0   -5.5   -7.1   -6.0   -6.6   -5.2   -3.9   -3.5   -3.8   -3.0   -4.2   -4.3   -3.6   -4.6   -2.9   -3.0   -3.9   -3.5   -3.0
  754   -0.3   -0.2   -0.4   -1.2   -2.2   -2.8   -2.4   -2.2   -1.7   -1.3   -1.1   -1.8   -2.1   -3.0   -2.2   -0.9    0.0    0.0   -0.1   -1.0   -2.2   -1.9   -2.1   -0.5   -0.4    0.0   -0.4   -1.4
  757    0.0    0.0    0.0   -0.3   -1.3   -2.2   -1.2   -1.0   -0.8   -0.1   -0.2   -1.3   -1.8   -1.7   -0.7    0.5    0.3    0.2    0.0   -0.8   -0.1   -0.4   -0.4    0.5    0.3    0.2    0.0   -0.9
  760    0.1    0.1   -0.2   -1.3   -2.7   -3.4   -4.0   -3.5   -2.6   -1.7   -1.2   -1.4   -2.3   -2.2   -3.0   -1.2   -0.6    0.3    0.0   -0.1   -2.0   -1.7   -2.4   -0.9   -0.1    0.2   -0.1   -0.5
  762    0.6    0.2   -0.8   -1.5   -2.7   -6.0   -4.9   -2.8   -2.3   -1.2   -1.9   -2.4   -3.2   -2.7   -3.9   -0.8    0.1    0.6    0.8   -3.3   -3.0   -2.4   -3.2   -1.0    0.1    0.6    0.0   -2.8
  767   -0.9   -0.4   -0.9    0.4   -2.7   -2.9   -2.5   -3.0   -1.9   -2.9   -1.4   -1.8   -3.4    3.5   -2.3   -1.8   -0.2   -1.1   -1.1    0.7    2.2    2.8   -0.4   -2.1   -0.9   -1.4   -1.6   -2.7
  768   -0.1    0.0   -0.5   -0.8   -2.0   -2.0   -2.4   -2.5   -1.1   -1.1   -1.1   -1.4   -1.8   -1.7   -2.7   -1.1   -0.3    0.0    0.1   -0.1   -0.9   -1.7   -2.4   -1.1   -0.5   -0.1   -0.4   -1.6
  769   -1.4   -1.1   -1.7   -3.3   -5.0   -6.2   -5.4   -5.6   -5.2   -5.1   -3.6   -3.6   -4.6   -5.2   -4.3   -2.9   -3.1   -1.9   -1.0   -2.2   -4.2   -2.9   -3.7   -2.4   -2.7   -1.8   -1.6   -2.6
  770   -0.1   -0.1    0.0   -1.4   -3.5   -4.1   -3.1   -1.7   -1.5   -0.6   -1.1   -1.7   -2.8   -2.7   -2.0   -0.9   -0.3   -0.1   -0.2   -2.3   -1.1   -1.9   -1.8   -0.7   -0.4   -0.1   -0.3   -1.9
  771   -1.9   -1.7   -2.0   -4.7   -6.7   -8.8   -8.2   -6.8   -7.1   -5.6   -4.4   -6.0   -6.3   -7.6   -6.0   -4.2   -2.6   -1.4   -1.0   -3.5   -5.1   -4.4   -5.2   -2.4   -2.7   -2.2   -1.9   -2.5
  775   -1.3   -0.3   -0.6   -3.0   -5.5   -7.3   -5.8   -3.7   -4.0   -3.3   -2.2   -2.9   -4.0   -4.9   -5.3   -2.4   -0.5   -0.8   -0.1   -2.4   -3.4   -4.7   -3.9   -1.6   -1.1   -0.4   -0.2   -2.2
  779   -1.9   -2.3   -2.0   -3.5   -6.2   -7.3   -6.6   -6.8   -7.2   -7.3   -6.4   -7.1   -5.8   -5.7   -5.5   -4.6   -3.0   -3.9   -3.0   -4.3   -4.4   -4.1   -4.9   -4.1   -4.4   -4.8   -4.6   -2.8
  780   -2.2   -2.4   -2.5   -2.9   -4.2   -5.3   -5.6   -5.2   -5.5   -4.9   -5.1   -5.3   -5.3   -4.2   -4.2   -3.4   -2.8   -2.9   -3.0   -3.8   -3.8   -3.4   -3.3   -2.6   -2.5   -2.9   -3.3   -2.9
  781   -2.5   -3.6   -2.7   -3.3   -4.6   -7.3   -7.8   -7.2   -6.4   -8.2   -6.5   -5.3   -4.8   -4.8   -5.0   -4.0   -3.5   -3.9   -3.5   -4.4   -4.0   -3.7   -4.6   -3.9   -4.2   -4.6   -4.4   -3.3
  782   -1.3   -1.7   -2.5   -2.5   -3.4   -5.3   -5.1   -6.3   -7.4   -6.9   -7.3   -5.4   -5.4   -4.8   -3.4   -3.1   -2.2   -1.9   -3.3   -3.2   -3.5   -3.1   -3.2   -3.4   -3.2   -3.3   -4.6   -2.5
  788    0.2   -0.1    0.0   -1.0   -2.3   -3.7   -3.6   -2.7   -1.0   -0.9   -0.7   -1.2   -2.1   -2.1   -2.4   -0.9    0.0    0.0    0.0   -1.2   -1.3   -2.1   -2.0   -0.5   -0.1    0.1    0.0   -1.4
  789   -4.4   -4.1   -4.9   -8.3  -10.8  -13.1  -13.0  -13.0  -12.8  -12.4  -10.0   -9.8  -10.1   -9.4   -9.1   -8.8   -7.0   -5.1   -2.8   -2.8   -6.9   -8.6   -7.1   -5.9   -6.1   -5.2   -4.8   -4.0
  801   -0.7   -0.5   -0.7    0.2    0.4   -1.0   -1.9   -2.2   -1.5   -0.4   -0.5   -1.3   -1.8   -1.6   -1.1   -0.4   -0.6   -0.2    0.0    1.1    0.7    1.2    0.9    0.6    0.5   -0.7    0.1    2.3
  803    0.1    0.0   -0.3    0.1   -0.8   -0.3   -1.9   -1.2   -0.7   -0.5   -0.6   -0.9    0.0   -1.3   -0.7    0.0   -0.5   -0.3    0.0    1.1    0.9    1.3    1.3    0.0    0.3   -0.4   -0.1    0.9
  804   -0.8   -0.9   -0.9   -0.5   -0.3   -1.2   -2.1   -1.6   -1.8   -0.9   -1.8   -1.6   -2.4   -2.1   -0.8   -0.3   -0.2   -0.3   -0.6   -0.4    0.1    0.4    0.6    0.1    0.0    0.0   -0.1    1.2
  810   -1.1    0.3   -0.2   -0.6   -2.1   -3.2   -1.8   -0.7   -1.3   -0.8   -0.8   -1.0   -1.6   -2.0    0.5   -0.1   -0.1   -0.1    0.0    2.1    2.6    3.1    1.3    1.3    0.3   -0.5   -0.7   -2.1
  811   -1.4   -1.9   -1.0   -1.0   -1.4   -1.2   -2.1   -3.5   -2.0   -1.9   -2.4   -1.5   -1.8   -2.1   -1.8   -0.9   -0.5   -0.2   -1.0   -0.3   -0.3    1.1    1.6   -0.8   -0.8    0.0   -0.1   -0.1
  812   -0.2    0.0   -0.4   -0.2   -2.1   -2.2   -0.8   -0.3   -0.3   -0.4   -0.7   -1.1   -1.6   -0.9   -0.7   -0.6   -0.3   -0.1   -0.2    2.2    2.3    1.8    1.4    0.0    0.5   -0.5   -0.5   -2.1
  813   -0.6   -0.1   -0.4   -0.9   -1.5   -2.8   -2.2   -1.0   -1.2   -0.8   -0.7   -2.2   -1.8   -2.0   -0.6   -0.8   -0.2   -0.2   -0.4    1.3    1.1    1.7    0.5    0.1    0.0   -0.5   -0.2   -1.9
  815   -0.2    0.2    0.4    0.8   -0.4   -0.7   -0.5   -0.3   -0.6   -0.3   -0.3   -1.0   -1.1   -1.2    0.3    0.0   -0.5   -0.4    0.1    2.0    2.7    0.7    0.2   -0.3   -0.5   -0.4   -0.5    1.7
  817   -1.1   -0.8   -0.7   -0.1   -0.4   -2.1   -1.6   -2.1   -1.2   -0.4   -0.5   -1.1   -1.9   -1.9   -1.1   -0.1   -0.2   -0.2   -0.1   -0.1    1.0    1.4    0.7    0.2    0.0    0.1    0.5    2.2
  822    0.5    0.3   -0.1   -0.4   -1.4   -2.0   -1.3   -0.3   -0.1    0.1   -0.6   -1.5   -2.0   -1.6   -1.2    0.8   -0.6   -0.6    0.2    2.5    1.2    1.2    1.7   -0.6    0.0    0.1   -0.1   -2.5
  823    1.0   -0.3   -0.2    0.5   -0.9   -1.4   -0.4   -1.4   -1.4   -0.6   -0.9   -0.9   -1.0   -1.1    0.4   -1.9   -1.2   -0.4   -0.2    2.9    3.9    2.2    2.7    1.7    1.3    0.3   -0.1    1.2
  825    1.3    1.1   -1.1    0.9   -2.0   -3.1   -1.4   -1.3   -1.8   -1.3   -1.5   -2.1   -2.5   -2.1    1.0   -1.5   -1.4   -1.3   -0.3    1.4    4.0    3.9    2.5    2.4    1.2   -1.1   -0.8   -1.0
  826    1.2    0.7   -0.6    1.0   -1.4   -2.0   -1.5   -0.8   -1.9   -1.3   -1.7   -2.5   -2.5    1.2    0.0   -0.2   -0.3   -0.7    0.2    2.4    2.8    1.6    1.2    0.5    0.4   -0.5   -0.8   -1.8
  827    0.6    0.6   -0.8   -0.9   -1.5   -2.4   -2.0   -1.7   -1.6   -1.3   -1.7   -2.4   -1.6   -0.3   -0.3   -1.4   -1.0   -1.2   -0.1    1.9    2.9    1.9    1.4    0.1    0.5   -1.2   -0.5   -1.8
  828   -1.0   -0.6   -0.8   -0.9   -2.0   -2.1   -1.5   -1.1   -1.2   -1.5   -1.1   -1.7   -1.8   -1.4   -0.5   -1.0   -0.7   -0.6   -0.4    0.8    1.5    2.3    1.5   -0.8    0.6   -0.7   -0.8   -1.6
  830   -1.4   -1.0   -1.2   -0.5    0.0   -1.1   -2.6   -1.2   -2.3   -1.5   -1.4   -1.5   -1.2   -1.7   -1.4   -0.5   -0.7   -0.6   -0.4   -0.2    0.2    0.6    2.0    0.0    0.1    0.0    0.1    1.4
  832    1.1   -0.7    0.1    0.4   -0.5   -1.4   -0.4   -1.2   -1.5   -0.1   -0.5   -1.3   -0.7   -1.5    0.1   -0.7   -1.1   -0.1   -0.1    2.6    3.2    1.5    1.6    1.8    1.2    0.4    0.3    1.6
  834    0.2   -0.5    0.2    0.0   -1.4   -1.5   -1.5   -1.5   -2.5   -0.6   -1.2   -2.4   -2.5   -2.0   -1.3    0.2    0.1    0.5    1.3    3.7    0.4   -0.1   -1.6   -0.6    0.1   -0.1   -0.3    2.0
  835   -0.9   -0.4    1.0    0.3   -0.1   -0.6   -0.8   -2.3   -0.3   -0.5   -0.5   -0.8   -1.3   -0.6    0.5    1.8   -0.2   -0.3    0.3    0.6    2.3    1.6    1.3    0.7   -0.4    0.0    0.0    0.5
  836    0.6    0.3   -0.8    0.4   -0.6   -1.6   -1.5   -1.1   -1.7   -0.9   -1.2   -2.1   -1.8   -0.7   -0.4   -0.7   -0.9   -0.1    0.1    1.4    1.7    1.2    1.7    0.8    1.0    0.0   -0.5   -0.7
  844   -1.2   -0.8   -0.7   -0.6   -0.5   -1.6   -1.9   -2.5   -1.8   -0.9   -2.4   -2.4   -2.5   -2.2   -0.8   -0.3   -1.6   -0.9   -0.9   -0.6   -0.4    0.8    1.1    0.3    0.3   -0.6   -0.3    2.8
  850   -2.7   -2.3   -2.6   -2.4   -1.5   -1.4   -2.2   -3.2   -3.7   -3.4   -3.4   -3.9   -2.7   -3.0   -2.2   -1.4   -1.3   -1.5   -1.7   -1.4   -0.4    1.0    1.5    1.2    1.2    0.0   -1.6   -1.4
  853    0.5    0.4   -0.5    0.2   -1.1   -1.4   -1.0   -0.7   -1.4   -1.1   -1.2   -1.8   -1.8   -0.9    0.2   -0.1   -0.5   -0.5   -0.1    2.2    2.1    0.8    0.8    1.3    0.6   -0.7   -1.1   -1.8
  871   -0.8   -0.6   -2.0   -1.5   -2.5   -1.4   -1.8   -2.1   -3.9   -4.0   -2.6   -3.6   -1.7   -2.0   -3.1   -2.6   -1.8   -1.0   -2.3   -2.3   -1.5   -2.0   -2.8   -2.4   -2.5   -2.5   -3.4   -2.4
  875   -0.3   -0.6   -1.3   -1.3   -0.8   -2.3    0.9    0.4   -0.1    0.0   -0.9   -2.4   -1.3   -0.2    2.1    1.2   -0.2    0.9    0.6    0.3   -0.5    1.0    2.6    2.5    1.4   -0.3   -0.2   -4.8
  876   -1.7   -1.3   -1.7   -2.2   -1.9   -2.1   -1.9   -0.8   -1.2   -1.6   -1.9   -3.0   -3.6   -2.6   -0.7    0.8    0.2    0.7    0.8    0.2    1.5    2.0    2.3    1.8    1.4    1.3   -1.9   -3.3
  877    0.8    0.0    0.4    0.4   -0.5   -1.4   -2.5   -2.0   -0.9   -0.3   -0.3   -0.8   -0.7   -0.5    1.2    1.5   -1.1   -0.3   -0.2    2.1    1.3    0.8    0.3    1.7    1.0    0.3    0.3    0.4
  878   -1.2   -1.1   -0.9   -2.6   -2.6   -3.3   -2.3   -1.8   -0.7   -0.6   -2.7   -4.2   -4.6   -2.8   -0.5    0.5   -0.2   -0.5   -0.4   -0.3    0.5    1.5    1.4    0.8    1.1    0.9    0.3   -2.3
  887   -0.6   -0.8   -1.0   -1.9   -3.1   -3.1   -3.1   -3.2   -1.7   -1.2   -1.2   -2.4   -2.7   -2.8   -1.0    0.8    0.6    1.0    1.0    0.9    0.2   -1.8   -1.4    0.8    1.2    1.0    1.4    0.4
  900   -1.4   -0.5   -1.0   -1.3   -1.9   -3.3   -0.8   -1.1   -1.8   -1.6   -1.8   -2.1   -2.3   -1.7   -1.0   -0.5   -0.6   -0.8   -0.2   -0.7    1.4    1.6    0.9    0.3   -0.2   -0.5   -0.1   -1.3
  901   -1.8   -1.5   -1.6   -2.0   -1.2   -0.4   -1.8   -2.1   -2.2   -1.9   -1.8   -1.4   -1.8   -2.2   -1.6   -1.2   -0.9   -0.9   -1.1   -0.7    0.1    1.6    1.5    1.0    1.6    0.4   -0.7    0.1
  907   -1.5   -1.4   -1.6    0.3    3.7   -0.2   -2.2   -2.1   -2.6   -2.8   -1.6   -2.8   -2.5    1.2    2.4   -0.6   -1.6   -0.9   -0.6    1.4    2.8    3.4    3.6   -0.7   -2.0   -1.9   -1.0   -3.7
  908   -0.3   -0.1   -0.8   -0.8    1.7    2.2   -0.7   -1.2   -0.8   -1.1   -0.9   -1.8   -1.7    0.7   -0.2   -0.6   -0.7   -0.4   -0.3    0.1    2.3    1.5    0.2   -0.2   -0.6   -0.4   -0.1   -2.2
  909   -2.6   -3.0   -3.5   -3.0    3.1    1.6   -0.9   -4.9   -5.2   -4.9   -4.7   -3.5   -1.1   -0.5   -1.6   -3.8   -2.9   -2.5   -2.6   -1.4    1.8    2.6    1.6    0.3   -1.8   -1.5   -3.5   -4.8
  912   -0.4   -0.4   -0.1   -0.4   -2.0   -2.5   -2.9   -1.2   -0.5   -0.2   -1.1   -1.5   -2.3   -2.7   -2.1   -0.2   -0.2   -0.7    0.5    1.6    1.4    1.4   -0.6    0.3   -0.4   -0.2   -0.2   -3.4
  915   -0.7   -0.2   -0.2   -0.4   -1.2   -2.5   -1.7   -0.6   -0.6   -1.1   -1.0   -1.7   -1.8   -1.4    2.0    0.1   -0.5   -0.4   -0.3    0.6    2.9    2.9    2.4    0.4   -0.7   -0.4   -0.9   -1.6
  917   -1.2   -1.2   -0.8   -0.3    1.1   -3.2   -2.2   -1.6   -1.8   -2.6   -2.0   -2.0   -2.0   -0.8    1.6   -1.3   -0.6   -1.2   -1.2    1.6    3.5    2.6    0.1   -1.3   -0.8   -1.9   -1.7   -2.4
  918   -0.1   -0.1    0.0   -0.3    1.2    3.5   -2.6   -1.2   -1.0   -1.5   -1.6   -2.0   -2.5    1.9    1.7   -0.9   -0.2   -0.6   -0.4    0.7    2.2    2.7   -2.0   -0.8   -1.1   -0.3   -2.0   -2.7
  919   -1.7   -1.1   -1.2   -1.1   -2.9   -3.5   -3.8   -2.1   -1.9   -2.6   -2.0   -2.8   -2.8   -2.5   -0.6   -1.7   -1.8   -1.4   -0.8    2.6    3.5    2.7    2.2    0.0   -1.5   -1.9   -1.3  -26.2
  920   -0.6   -0.3   -0.5   -0.8   -1.0   -2.1   -2.3   -0.4   -1.2   -1.2   -0.5   -1.1   -2.0   -1.9    1.8   -0.7   -0.6   -0.3   -0.1    1.1    2.3    1.9    1.9   -0.6   -1.2   -0.5   -0.5   -2.0
  923   -1.5   -1.3   -1.9   -1.6   -0.6   -0.5   -2.1   -1.9   -3.9   -3.0   -2.6   -2.8   -1.7   -2.4   -2.0   -1.2   -1.3   -1.1   -1.2   -0.7    0.7    1.3   -1.0   -0.5   -0.8   -0.5   -1.2   -0.4
  932   -0.2    0.6    0.2    0.2   -1.5   -3.0   -2.4   -0.9   -1.1   -1.5   -1.3   -1.5   -1.7   -0.8    2.0   -0.7   -0.6   -1.1   -0.3    2.7    3.0    2.8   -1.7   -0.7   -0.7   -1.4   -1.0   -2.6
  936   -1.1   -0.3   -0.7   -1.6   -1.2   -2.1   -1.7   -1.3   -1.1   -0.6   -0.8   -2.0   -2.7   -1.5    1.7   -0.3   -0.8   -0.5   -0.5    2.7    3.0    2.4    1.8    0.2   -1.2   -0.8   -0.5   -3.0
  940   -1.9   -1.6   -2.2   -1.6   -0.1    0.3   -1.9   -1.3   -3.2   -2.5   -2.4   -3.0   -1.8   -1.9   -2.3   -1.6   -2.1   -1.2   -1.1   -0.4    0.9    0.9   -1.9   -1.2   -1.6   -0.8   -0.7   -0.9
  946   -0.1    0.0    0.0   -1.0   -1.3   -2.7   -2.5   -1.0   -0.6   -0.6   -0.8   -1.7   -1.9   -2.6   -2.0   -0.7    0.0    0.2    0.0    0.4   -0.7   -1.5   -2.0   -0.2   -0.1   -0.3   -0.1   -2.9
  790   -2.1   -2.8   -2.2   -0.3    2.6   -4.1   -4.7   -5.3   -4.9   -5.5   -4.3   -2.0    2.7    3.6   -3.6   -4.0   -3.8   -3.2   -3.9   -1.1    1.4    3.9   -1.5   -4.0   -3.8   -3.4   -3.6   -3.0
10111   -0.7   -0.4    0.1   -2.1   -3.2   -3.8   -1.5   -2.4   -2.2   -1.5   -2.5   -1.4   -1.3   -1.3   -1.0   -0.5   -0.1   -0.8    0.6    1.7    1.2    2.4    1.4    0.6    0.9    0.1    0.6    0.5
10112   -0.7   -0.3    0.2   -2.2   -3.2   -3.9   -1.6   -2.4   -2.2   -1.5   -2.4   -1.4   -1.3   -1.4    0.1   -0.7   -0.1   -0.6    0.7    1.6    1.2    2.4    1.3    0.7    0.9    0.1    0.6    0.5
10121    0.0   -1.4   -0.8   -2.8   -3.1   -2.3   -0.5    0.2   -0.1   -0.1   -1.3   -2.8   -2.8   -1.4    1.5    0.5   -0.3    0.8    0.8    0.0   -0.6    1.0    1.4    1.5    0.8   -0.3   -0.1   -1.4
10122   -0.3   -1.3   -1.2   -2.9   -3.2   -1.7    0.0    0.2   -0.1    0.0   -1.1   -2.9   -2.8   -1.1    1.5    0.5    0.0    0.4    0.5    0.2   -0.3    1.3    1.6    1.8    0.6   -0.2    0.0   -1.7
10131   -0.4   -0.6   -0.4   -2.5   -2.5   -2.2   -0.4   -0.7    0.0   -0.6   -1.7   -2.1   -2.7   -1.5    0.4    0.0   -0.8   -0.5   -0.2   -0.5   -0.9    0.1    0.0    1.0    1.2    0.9    0.0   -1.0
10132   -0.4   -1.0   -0.2   -2.1   -2.9   -2.6   -1.8   -0.8   -0.7   -0.9   -2.0   -2.6   -2.8   -1.4    0.4    0.0   -0.3   -0.3    0.4   -0.1   -0.4    0.4    0.3    0.8    1.6    1.1    0.0   -1.1
10141    0.4   -0.2    0.5    0.4   -0.4   -2.8   -4.0   -1.3   -0.6    0.4   -0.9   -2.2   -1.9   -1.0    1.7    1.2   -0.7    0.0    0.4    2.1    1.3    0.9    0.6    0.9    0.3    0.2   -0.2   -0.9
10142    0.3   -0.4    0.3    0.5   -0.2   -3.8   -3.8   -1.3   -0.6    0.1   -0.7   -2.0   -1.8   -1.0    1.8    1.2   -0.6   -0.2    0.2    2.1    1.6    0.9    0.6    1.0    0.5    0.2    0.1   -0.7
10151   -0.1   -0.1   -0.4   -1.7   -3.7   -4.0   -3.3   -3.6   -2.5   -1.6   -1.5   -2.7   -3.0   -2.9   -1.2    0.9    1.0    1.2    1.2    0.7    0.0   -0.7   -1.0    1.1    1.4    1.2    1.7    0.3
10152   -0.3   -0.3   -0.7   -2.0   -3.7   -4.0   -3.6   -3.7   -2.5   -1.7   -1.7   -2.7   -3.1   -2.9   -1.2    0.5    0.9    1.2    1.3    0.8   -0.1   -0.8   -1.2    1.1    1.4    1.2    1.7    0.4
10161   -0.1   -0.4    0.4   -0.7   -1.7   -1.4   -1.2   -1.9   -1.9   -0.8   -2.2   -3.1   -2.5   -2.0   -1.2    1.1    1.0    0.9    2.5    2.1    0.5   -0.4   -1.6   -0.5    0.2   -0.1   -0.4   -0.3
10162    0.0   -0.3    0.1   -0.9   -1.7   -1.3   -1.1   -2.2   -2.0   -0.9   -2.3   -3.1   -2.4   -2.0   -1.1    1.1    1.1    0.9    2.3    1.9    0.5   -0.7   -1.6   -0.3    0.4    0.2   -0.1   -0.3
10171    0.7   -0.3    0.6   -0.1   -0.7   -0.4    0.2   -2.8   -1.5    0.2   -0.3   -1.5   -1.5   -1.0    0.0    0.9    0.0   -0.1    0.0    1.3    1.2    0.2   -0.2    1.5   -0.5    0.3    0.0   -0.5
10172    0.7   -0.4    0.7   -0.2   -0.6   -0.4    0.1   -2.6   -1.2    0.1   -0.2   -1.6   -1.5   -1.0   -0.1    0.6   -0.1   -0.2    0.1    1.3    1.3    0.2   -0.2    1.2   -0.3    0.4    0.2   -0.3
10181   -1.8   -1.5   -2.3   -4.1   -7.0   -7.7   -5.7   -5.4   -4.7   -4.5   -5.2   -5.0   -5.5   -5.6   -3.7   -2.7   -1.8   -1.1   -2.0   -1.8   -1.5   -4.7   -3.0   -1.9   -1.7   -1.2   -2.8   -3.7
10182   -1.8   -1.5   -2.3   -4.1   -7.0   -7.7   -5.7   -5.4   -4.7   -4.5   -5.2   -5.0   -5.5   -5.6   -3.7   -2.7   -1.8   -1.1   -2.0   -1.8   -1.5   -4.7   -3.0   -1.9   -1.7   -1.2   -2.8   -3.7
10192    0.4    0.0    0.2   -1.6   -3.4   -4.0   -3.7   -2.3   -1.2   -0.8   -1.5   -3.6   -2.9   -3.2   -1.6   -0.3    0.0   -0.6   -0.5    0.7    0.4   -2.0   -1.6   -0.8   -1.2   -1.0   -2.5   -2.4
10201   -0.1    0.6   -0.8   -3.4   -5.1   -6.1   -5.2   -4.3   -2.9   -2.1   -3.2   -3.9   -4.0   -3.5   -2.9   -1.6   -0.2    1.1    0.4   -1.8   -2.7   -3.9   -1.7   -0.7    0.3    1.0   -0.5   -2.9
10202    0.2    0.9   -0.6   -3.2   -4.9   -5.9   -4.7   -3.9   -2.6   -1.9   -3.0   -3.8   -3.7   -3.3   -2.5   -1.2    0.2    1.3    0.4   -1.8   -2.7   -3.7   -1.4   -0.4    0.8    1.3    0.0   -2.8
10211    0.9    0.7   -1.1   -2.1   -2.4   -3.8   -3.1   -1.4   -1.2   -0.4   -1.9   -3.2   -2.9   -2.5   -1.9   -0.2    0.6    0.8    0.3   -0.6   -1.0   -1.5   -1.3    0.2    0.0    0.3   -0.2   -1.9
10212    0.3    0.6   -1.5   -2.3   -2.6   -3.8   -3.9   -2.1   -1.8   -0.9   -2.4   -3.4   -3.1   -2.6   -2.2   -0.4    0.2    0.6    0.9   -0.2   -0.9   -1.7   -1.4    0.0   -0.2   -0.1   -0.7   -1.9
10221   -0.9   -0.9   -2.2   -0.6    0.0   -0.8   -3.8   -4.2   -3.4   -1.3   -3.2   -2.6   -1.9   -2.4   -1.0   -0.7   -0.7   -0.5   -0.8    0.4    0.1    1.3    1.5    1.0    1.2   -0.8   -0.7    0.4
10222   -0.2   -0.5   -1.9   -0.3   -0.6   -0.2   -3.6   -3.7   -3.1   -1.3   -3.0   -2.5   -1.5   -2.2   -0.9   -0.6   -0.6   -0.3   -0.4    0.7    0.5    1.4    1.6    0.9    1.1   -0.9   -0.6    0.1
10231    0.5   -0.3   -0.6   -1.4   -2.9   -3.5   -3.6   -1.8   -0.4   -0.2   -1.8   -2.7   -2.5   -2.4   -1.4    0.2    0.0   -0.7   -0.3    0.4    1.1   -1.1   -1.4    0.2   -0.5   -0.6   -1.5   -2.3
10232    0.5   -0.3   -0.6   -1.4   -2.9   -3.5   -3.6   -1.8   -0.4   -0.2   -1.8   -2.7   -2.5   -2.4   -1.4    0.2    0.0   -0.7   -0.3    0.4    1.1   -1.1   -1.4    0.2   -0.5   -0.6   -1.5   -2.3
10241    0.5   -0.7    0.0    0.0   -0.9   -0.5   -2.7   -3.3   -1.1    0.0   -1.5   -2.3   -1.5   -0.9    0.3    1.3    0.0   -0.3    0.0    1.9    1.0    2.2    2.4    1.4   -0.4   -0.5    0.0    0.2
10242    0.6   -0.9   -0.3   -0.2   -0.9   -0.5   -2.7   -3.4   -1.2    0.3   -1.0   -2.0   -1.6   -0.9   -0.2    1.2    0.0   -0.4   -0.4    1.8    0.7    1.7    2.4    1.5   -0.2   -0.4    0.1    0.2
10251   -0.9    0.6   -0.9   -0.9   -3.2   -3.6   -3.6   -1.3   -2.0   -1.4   -2.9   -3.0   -2.5   -2.1   -1.5   -0.5   -0.1    0.0    0.2    1.2   -0.4    1.8    1.8    0.7   -0.5   -0.9   -0.9   -2.0
10252   -1.1    0.3   -1.0   -0.8   -3.3   -3.5   -3.4   -1.3   -2.1   -1.7   -3.1   -3.0   -2.4   -1.8   -1.2   -0.6   -0.5   -0.4    0.0    1.5    0.7    2.8    0.5    0.8    0.0   -1.0   -1.0   -2.2
10261   -3.6   -4.3   -4.2   -4.3   -6.9  -10.1   -9.9  -10.8  -11.4  -11.0  -10.7   -9.1   -8.2   -7.2   -6.8   -6.2   -5.2   -4.8   -4.9   -5.9   -5.6   -5.7   -6.3   -5.9   -6.2   -6.6   -7.5   -6.4
10262   -3.9   -4.4   -4.6   -4.5   -6.8  -10.3  -10.2  -11.3  -11.6  -11.0  -10.8   -8.8   -8.2   -7.1   -6.8   -6.4   -5.4   -4.9   -5.1   -6.1   -5.5   -5.5   -6.2   -6.1   -6.3   -6.7   -7.6   -6.6
10272   -3.3   -4.1   -3.6   -4.3   -7.3  -10.7  -10.7  -11.6  -12.2  -11.9  -11.1   -9.4   -8.3   -7.6   -7.5   -6.9   -5.9   -5.1   -4.8   -5.8   -5.5   -5.9   -7.0   -6.4   -6.8   -7.2   -7.4   -6.2
10281    0.6    0.1    0.3   -2.6   -4.8   -5.7   -4.8   -4.1   -2.7   -1.9   -2.9   -4.1   -4.1   -4.2   -2.5   -1.0    0.1    0.5    0.1   -0.8   -1.0   -3.9   -1.8   -0.8   -0.3    0.7   -1.0   -2.9
10282    0.7    0.0    0.3   -2.7   -4.9   -5.8   -4.8   -4.1   -2.7   -1.9   -2.9   -4.2   -4.2   -4.3   -2.6   -0.9    0.0    0.3    0.2   -0.7   -1.2   -4.0   -1.8   -0.7   -0.2    0.7   -0.9   -2.9
20111   -0.2   -0.8    0.0   -0.9   -2.8   -4.2   -0.9   -1.0   -1.0   -0.8   -1.1   -1.7   -1.2   -0.9   -0.2    0.7    0.3    0.4    1.1    1.8    0.6   -0.5    0.3    0.4    0.4   -0.5    0.3   -0.1
20121    0.4    0.4    0.7   -1.6   -2.8   -3.7   -1.9   -1.2   -1.4   -0.7   -1.0   -1.5   -1.2    1.8    1.8    0.0    1.0    0.0    1.0    1.9    1.4    2.2    0.8    1.1    0.9    0.5    0.3    0.0
20131    0.2   -0.1    0.0   -2.7   -3.0   -4.5   -3.9   -3.3   -2.9   -1.8   -2.7   -1.7   -0.4    2.0    1.2   -1.5    0.3    0.8    0.9    0.9    1.4    1.0    1.1    1.2    0.9    0.1    0.4   -0.3
20141   -0.8   -1.2    0.5    0.5   -0.9   -2.5   -2.1   -3.8   -1.3   -0.5   -3.0   -3.1   -2.6   -2.2   -0.6    0.4   -0.2    0.0    0.9    1.4    2.0    2.0    2.4    1.1    0.3   -0.4   -0.2   -0.8
20151    0.6   -0.7   -1.5   -3.6   -4.7   -4.7   -4.6   -4.6   -3.3   -2.6   -3.2   -3.2   -3.2   -2.6   -0.9   -1.8    0.1    1.4    1.4   -0.6   -1.1   -0.9   -1.0    1.1    1.6    1.5    1.7   -0.6
20161    0.9   -0.6   -0.2   -1.6   -3.0   -3.8   -1.8   -2.4   -2.3   -1.0   -1.1   -3.1   -2.5   -2.9   -0.9    0.9    1.0    1.1    0.5   -0.5    0.2   -0.4   -0.7    0.8    1.2    1.2    1.2   -0.4
20171    1.1    0.6    0.0   -2.0   -2.3   -3.7   -2.7   -1.6   -1.7   -1.1   -1.8   -3.5   -2.9   -2.4   -1.4    0.5    0.5    1.0    0.6   -0.8   -0.6   -1.4   -0.6    0.3    0.9    1.0    0.0   -1.2
20181    1.1    0.9    0.3   -1.6   -3.2   -4.3   -2.2   -1.8   -1.6   -1.1   -1.8   -3.3   -2.4   -2.5   -1.2    0.8    1.2    1.0    0.9   -1.1   -0.9   -1.9   -0.5    0.6    1.3    1.2    1.5   -1.4
20191   -1.4   -0.5   -2.0   -6.0   -8.9   -9.5   -9.7  -10.1   -9.8   -7.6   -6.5   -7.1   -7.7   -7.1   -6.3   -5.4   -3.3   -0.3    0.0   -0.9   -4.7   -5.5   -3.8   -2.9   -2.3   -1.9   -1.9   -2.7
20201    0.6    0.1    0.3   -2.6   -4.8   -5.7   -4.8   -4.1   -2.7   -1.9   -2.9   -4.1   -4.1   -4.2   -2.5   -1.0    0.1    0.5    0.1   -0.8   -1.0   -3.9   -1.8   -0.8   -0.3    0.7   -1.0   -2.9
20211   -2.0   -0.1   -1.8   -2.8   -4.2   -5.3   -5.4   -5.0   -3.5   -2.7   -3.5   -3.3   -3.5   -3.8   -3.6   -2.5   -0.9   -0.8   -1.1   -0.3    0.8    1.4   -2.7   -2.8   -2.5   -1.7   -3.7   -3.3
20221   -1.7   -0.4   -1.9    0.1   -3.7   -5.7   -4.1   -4.5   -3.3   -2.6   -2.6   -2.3   -2.7    2.8   -3.7   -2.6   -1.8   -1.6   -2.9    0.8    1.4    2.5   -0.3   -3.1   -2.5   -2.2   -4.9   -3.9
20231   -5.3   -4.7   -4.4   -5.7   -9.3  -10.4   -9.1   -9.3   -9.0   -8.3   -7.7   -6.9   -8.0   -8.1   -6.8   -6.2   -5.0   -4.2   -4.4   -3.2   -4.1   -6.7   -5.9   -5.1   -5.2   -4.5   -5.0   -4.4
20241   -4.3   -3.6   -3.8   -5.1   -8.2   -8.9   -7.4   -7.4   -6.9   -6.4   -6.6   -5.8   -6.6   -6.9   -5.5   -4.8   -3.6   -2.9   -4.1   -2.8   -3.2   -5.2   -4.8   -3.9   -3.6   -2.9   -4.6   -4.1
20251   -1.2   -0.8   -2.4   -1.6   -2.1   -2.7   -1.5   -3.2   -4.4   -3.1   -4.2   -3.8   -2.3   -1.9   -0.9   -1.1   -0.8   -0.6   -0.9   -0.2    1.3    2.2    0.8    0.3   -0.7   -1.5   -1.9   -2.0
20261   -0.3   -1.2   -1.1    1.5    1.5    1.4   -2.2   -4.3   -2.0   -0.9   -1.5   -1.0   -0.5   -1.6   -1.2   -0.4   -0.7   -0.7    0.4    2.3    3.0    2.2    0.8    0.7    0.8    0.2    0.2    1.5
20271    0.8    0.3   -0.7   -0.3   -1.8   -2.8   -1.4   -0.3    0.1    0.4   -0.4   -2.1   -1.8   -1.6   -1.2   -0.2   -0.4   -0.7    0.5    1.0   -0.2    0.2   -0.4   -0.2    0.4    0.6   -0.2   -0.8
20281    0.7    0.5   -1.2   -0.4   -2.2   -3.4   -2.0   -0.6   -0.4   -0.1   -1.5   -2.5   -1.6   -1.6   -1.1    0.7   -0.5   -0.8    0.5    0.9    0.9    2.2    2.2   -0.6   -0.2   -0.1   -0.7   -1.2
20291    0.4    1.0   -0.6    0.1   -1.6   -2.7   -2.0   -1.0   -2.6   -1.3   -3.4   -3.0   -1.7   -0.8    0.5   -0.1   -0.4   -0.5   -0.2    1.6    1.2    2.3    2.8    1.3    0.4   -0.9   -1.5   -1.4
20301   -0.9   -1.1   -1.7   -0.9    0.3   -2.1   -3.8   -2.7   -2.4   -3.2   -4.0   -3.5   -2.6   -0.7    1.8   -1.0   -1.3   -1.1   -1.2    0.8    1.8    2.7   -0.5   -1.2   -1.5   -2.9   -3.2   -3.3
30111   -0.1    0.0    0.2   -1.0   -2.9   -4.3   -0.9   -0.8   -0.9   -0.9   -0.8   -1.9   -1.6   -1.2    2.0    0.0    0.2   -0.4    1.5    2.3    1.1    1.0    0.6    0.7    1.0    0.6    0.7    0.3
30121   -0.3   -0.8   -0.7   -1.1   -2.7   -4.1   -1.0   -1.0   -1.0   -0.7   -1.0   -1.6   -1.1   -0.7    0.1    0.7   -0.1    0.0    0.5    1.7    0.7   -0.3    0.5    0.5    0.5   -0.3    0.3   -0.3
30131   -0.3   -0.5   -0.4    0.3   -2.7   -2.4    0.0   -0.9   -0.3    0.8   -0.4   -2.0   -1.7   -1.1   -0.2   -0.3   -0.4   -0.3    0.2    0.7    0.9   -0.6   -0.6    0.0    0.6    0.6   -0.1   -0.8
30141    0.2    0.6   -1.2   -2.2   -2.9   -3.7   -4.1   -2.6   -2.2   -1.2   -2.6   -3.6   -3.2   -2.5   -2.2   -0.4   -0.3   -0.2    1.3    0.2   -0.6   -2.0   -1.3   -0.2   -0.2   -0.1   -1.5   -1.9
30151    0.6   -0.2   -0.9   -3.3   -4.2   -5.2   -4.8   -3.8   -2.8   -2.2   -3.4   -4.2   -3.7   -3.6   -3.3   -1.2   -0.1    0.3    0.8   -1.4   -2.2   -3.7   -2.6   -1.0   -0.2    0.7   -0.7   -2.8
30161   -1.8   -0.3   -1.0   -0.8   -2.2   -3.9   -3.2   -2.2   -1.7   -1.8   -3.3   -3.2   -2.8   -1.4   -0.5   -1.0   -0.8   -1.1   -0.6    0.8    1.9    2.4    0.7   -0.7    0.5   -1.6   -2.4   -2.0
30171   -1.6   -1.1   -2.6   -1.7   -2.2   -2.9   -1.3   -3.8   -4.8   -3.5   -4.6   -4.1   -2.7   -2.5   -1.2   -1.3   -1.0   -0.8   -0.7   -0.2    1.5    2.4    1.0    0.4   -0.6   -1.5   -2.1   -1.8
30181   -0.9   -0.7   -2.2   -1.4   -2.2   -2.7   -1.6   -2.5   -4.2   -3.0   -4.1   -3.6   -2.1   -1.4   -0.9   -1.0   -0.8   -0.7   -0.9   -0.1    1.4    2.2    0.6    0.1   -0.8   -1.6   -1.8   -2.2
30191   -2.8   -1.0   -1.7   -1.6   -2.0   -3.7   -3.7   -2.4   -2.8   -2.3   -3.3   -3.2   -2.8   -2.1   -0.4   -1.3   -1.2   -1.1   -1.0    0.8    2.0    3.4    1.5    0.7   -0.9   -2.1   -3.0   -2.6
30201   -0.6   -0.2   -1.5   -1.6   -2.9   -3.7   -4.1   -2.2   -1.7   -0.9   -2.5   -3.4   -3.0   -2.4   -2.6   -0.8   -0.5    0.6    1.5    0.7   -0.5   -2.2   -2.5   -0.5   -0.6   -0.9   -1.4   -2.3
30211   -0.4   -0.4    0.2    0.3   -2.2   -2.8   -2.9   -1.3   -1.0   -0.8   -2.5   -2.5   -1.9   -1.5   -0.8   -1.9    0.0   -0.4    0.3    0.9    3.2    4.3    1.9    0.1   -0.4   -0.7   -1.0   -1.5
30221   -0.5   -0.8   -0.5   -1.2   -2.5   -3.3   -3.7   -1.9   -0.7   -0.6   -2.5   -2.3   -2.0   -1.9   -1.5   -0.3   -0.2   -0.5   -0.4    1.0    3.2    3.9    0.0   -0.1   -0.7   -1.1   -1.6   -2.3
30231   -1.6   -0.9   -2.1   -1.6   -0.1   -3.2   -3.1   -1.5   -2.4   -2.9   -3.9   -3.4   -2.7   -1.7    3.9   -0.7   -1.5   -1.0   -1.3    0.9    2.8    3.0    1.0   -0.5   -1.6   -2.6   -2.9   -2.5
30241   -0.1    0.8   -1.0    1.1   -0.9   -4.0   -2.9   -2.1   -1.8   -2.6   -3.8   -2.8   -1.7    0.1    2.6   -2.7   -1.2   -1.3   -1.4    1.2    3.6    3.4    0.2   -2.2   -1.4   -0.7   -2.3   -2.2
30251   -1.4   -0.7   -2.3    0.0    0.8   -3.5   -1.6   -2.1   -1.5   -3.4   -5.5   -3.5   -0.6    3.2    2.4    0.1   -2.9   -2.3   -2.9    1.1    2.2    3.0   -0.3   -3.2   -2.0   -2.2   -2.9   -2.5
40111   -0.7   -0.5   -0.2   -2.0   -3.3   -3.9   -1.5   -2.4   -2.2   -1.5   -2.5   -1.5   -1.3   -1.4   -1.0   -0.4   -0.5   -0.9    0.4    1.9    0.9    2.0    1.4    0.6    0.8    0.3    0.6    0.2
40121   -0.8   -0.8   -1.0   -1.0   -3.0   -4.6   -1.6   -1.3   -1.1   -0.8   -1.3   -1.0   -1.1   -1.2   -0.8    0.0   -0.8   -0.9   -0.6    1.4    0.1    0.3    1.6    0.6    0.6    0.9    0.2   -0.1
40131    0.1   -0.9   -0.4   -0.9   -2.9   -4.5   -1.3   -0.9   -0.9   -0.6   -1.0   -1.7   -1.2   -0.9   -0.2    0.6    0.4   -0.2    1.5    2.0    0.3   -0.6    0.7    0.6    0.7   -0.2    0.4   -0.3
40141    0.4   -0.1   -0.4    0.1   -1.9   -3.6   -1.9   -0.4    0.0    0.1   -0.8   -1.2   -1.3   -1.1    1.3   -0.1    0.1   -0.9   -0.7    1.9    0.7    0.7    0.3    0.9    0.5    0.7    0.2   -0.4
40151    0.4    0.3    0.5   -2.2   -2.8   -4.1   -2.1   -2.5   -2.4   -1.2   -1.7   -1.6   -0.8    2.5    1.7   -1.1    0.9    0.4    0.8    1.3    1.4    1.8    1.0    1.2    0.9    0.2    0.1   -0.2
40161   -1.2   -1.8   -4.0   -5.0   -6.5   -6.6   -5.8   -5.3   -5.0   -4.2   -5.0   -2.9   -2.6   -3.7   -3.9   -2.1   -2.1   -1.4   -1.6    0.0    2.4    1.6    1.2   -1.1   -0.5    0.1    1.8    1.3
40171   -0.7   -0.9   -0.1    0.5   -2.9   -1.8   -0.3   -0.7   -1.0   -0.9   -0.4   -1.0   -1.0   -0.4    0.5   -0.9   -0.6   -0.7   -0.2    1.9    1.5    1.0    0.3   -0.2   -0.5   -0.3    0.9    0.9
40181    0.0   -0.8   -0.4    0.3   -1.9   -4.1   -0.9   -0.4   -0.4    0.0    0.1   -0.3   -0.9   -1.0    0.4   -1.0   -0.4   -0.4   -0.3    1.0    0.4    0.6   -0.7    0.1    0.5    0.0    0.2    0.7
40191    0.3   -0.8   -0.7    0.4   -1.6   -5.6   -1.3   -0.6   -0.3   -0.1   -0.5   -0.6   -0.9   -0.9    1.1   -0.6   -0.8   -0.8   -0.6    1.4    0.4   -0.2    0.2    0.7    0.6    0.6    0.0   -0.1
40201   -0.1   -0.6    0.2    0.4   -0.6   -2.3   -3.0   -1.1   -0.6    0.3   -0.9   -2.2   -1.9   -1.3   -0.1    0.1   -0.2   -0.1    0.6    1.4    0.5    0.3   -1.0    0.0    0.8    0.3    0.1   -0.6
40211   -0.5   -0.9    0.9    0.8   -1.6   -3.0   -1.7   -1.4   -0.9   -0.6   -1.1   -2.2   -2.2   -1.7   -0.1    0.5   -0.1   -0.2    1.0    2.0    0.4   -0.4    0.3    0.8    0.9    0.6    0.8    0.7
40221   -0.5   -0.7   -1.1   -4.7   -2.9   -4.0   -1.3    0.1   -0.3    0.3   -1.3   -4.0   -4.0   -2.1    0.2    0.3    0.0   -0.2    0.2   -0.7    0.1    1.1    0.6    0.7    1.5    1.4   -1.1   -2.5
40231   -1.1   -1.3   -1.5   -4.8   -2.6   -4.0   -2.0    0.1   -0.5    0.0   -1.4   -4.5   -4.4   -2.2    0.2    0.6    0.3    0.0    0.1   -0.7    0.4    1.7    1.2    1.3    1.9    1.7   -1.3   -3.0
40241    0.7   -0.6   -0.7   -3.2   -3.6   -4.0   -4.3   -3.5   -2.2   -1.2   -1.6   -2.3   -2.8   -2.3    0.0   -1.5    1.0    1.4    1.2   -0.3   -2.2   -2.7   -0.7    1.6    1.7    1.1    1.4   -0.3
40251    1.3    0.5   -0.5   -1.2   -2.2   -3.5   -1.8   -0.2    0.2    0.4   -0.6   -2.4   -2.1   -1.8   -1.4    0.0    0.8    0.8    0.1   -0.3   -1.1   -1.3   -1.2    0.2    0.4    0.8    0.2   -1.2
40262    1.0    0.5    0.5   -1.3   -3.3   -3.6   -3.5   -1.9   -0.8   -0.4   -1.0   -3.3   -3.0   -2.9   -1.4    0.6    0.1   -0.5   -0.5    0.9    0.4   -2.1   -0.4    0.4   -0.2   -0.1   -1.8   -2.0
40271   -1.1   -0.2    0.0   -0.9   -3.0   -4.3   -3.1   -1.8   -1.7   -1.3   -1.2   -2.3   -1.9   -2.2   -1.2   -1.5   -0.9   -0.7    0.4    1.6    2.8    2.8   -1.5   -1.4   -1.5   -1.7   -2.5   -2.2
40281   -7.6   -6.6   -6.3   -8.4  -12.2  -14.3  -13.6  -14.3  -14.1  -13.4  -11.2  -10.7  -11.6  -10.8   -9.6   -9.6   -8.2   -7.0   -5.3   -4.2   -6.3   -9.9   -8.2   -7.1   -7.3   -6.7   -6.2   -4.9
40291   -4.1   -3.7   -2.5   -2.8   -4.3   -5.9   -4.3   -4.1   -6.4   -7.7   -6.7   -7.5   -7.4   -6.0   -5.0   -4.7   -5.6   -6.4   -5.4   -4.3   -2.8   -2.2   -0.8    2.0    2.4    0.9    2.2    3.5
40301   -2.8   -2.5   -3.0   -0.7   -0.8   -3.0   -4.5   -4.8   -3.1   -2.0   -4.3   -4.7   -4.9   -3.6   -1.7   -0.8   -1.0   -0.7   -1.1   -0.6    1.0    2.1    0.5    0.5    0.5    0.2    1.1    2.2
40311   -3.3   -2.2   -3.8   -3.1   -2.4   -1.8   -1.9   -6.7   -5.8   -3.6   -5.4   -5.2   -4.7   -3.6   -1.6   -1.5   -0.9   -0.6   -2.0   -1.1   -0.2    1.1    0.9    0.2   -0.7   -0.6   -0.8   -0.7
40321   -1.4   -1.1   -2.0   -1.1   -2.4   -2.6   -3.0   -1.4   -4.6   -3.5   -4.2   -3.9   -2.5   -1.8   -1.3   -1.1   -1.1   -1.1   -0.8    0.2    1.1    2.0    0.1   -0.4   -1.0   -1.4   -1.7   -1.9
40331   -1.0   -0.6   -0.2   -0.2   -2.2   -2.9   -3.4   -1.8   -1.4   -1.1   -2.8   -2.5   -1.9   -1.1    0.4   -1.2   -0.3   -0.6   -0.2    1.3    3.4    4.2    1.5   -0.2   -0.9   -1.1   -1.7   -2.1
40341   -2.0   -0.8   -2.3   -1.6   -1.5   -0.2   -3.6   -2.8   -4.0   -3.4   -4.1   -3.8   -2.8   -2.1    2.3   -1.2   -1.7   -0.9   -1.6    0.1    2.8    3.0    0.6    0.1   -1.9   -2.0   -3.6   -2.9
40351   -3.0   -2.1   -3.4   -1.9    0.3   -0.2   -1.3   -3.0   -5.9   -4.8   -4.9   -4.0   -2.8   -2.5   -2.0   -1.8   -1.8   -1.6   -1.9   -0.7    0.8    0.7   -1.0   -1.1   -1.2   -0.8   -1.6   -1.3
40361   -2.0   -1.5   -2.6   -1.3   -1.4    1.2   -0.3   -1.8   -4.9   -4.0   -4.4   -3.9   -2.5   -2.1   -1.7   -1.7   -1.6   -1.4   -1.2   -0.3    0.8    1.2   -0.8   -1.0   -1.2   -1.1   -0.8   -0.9
