2016032200+000HOUR     2016032209LST
STNID     6H     9H    12H    15H    18H    21H    24H    27H    30H    33H    36H    39H    42H    45H    48H    51H    54H    57H    60H    63H    66H    69H    72H    75H    78H    81H    84H    87H
STNID 032215 032218 032221 032300 032303 032306 032309 032312 032315 032318 032321 032400 032403 032406 032409 032412 032415 032418 032421 032500 032503 032506 032509 032512 032515 032518 032521 032600LST
47003    2.8    2.3    2.5    1.8    1.4    2.1    2.1    2.5    3.1    2.6    2.1    1.6    1.6    0.8    0.8    1.0    1.0   -2.2    1.9    0.5    1.9    0.9    1.6    1.8    3.2    1.9    3.0    0.8
47005    0.6    1.2    0.5    0.3    0.3    0.4    1.3    0.6    0.8    1.1    0.4    0.4    0.1    0.1    1.0    0.5    0.4    0.6    0.1    0.1    0.1    0.2    1.2    0.4    0.8    1.1    0.2    0.1
47008    1.5    1.1    0.4    0.8    0.7    0.3    0.1    0.0   -1.3   -0.4    0.3   -0.3    0.3    0.3    0.0   -1.2   -1.7    1.3    0.0    0.7    1.1    0.8    1.0   -0.5   -0.8    0.6    0.1    0.3
47014    0.4    0.6    0.4    0.1    0.0    0.0    0.1    1.3    0.4    0.6    0.1    0.0    0.1    0.0    0.1    0.0    0.3    0.1    0.0    0.1    0.0    0.0    0.0    0.0    0.1    0.4    0.2    0.0
47016    1.7    2.3    2.5    1.1    0.8    1.3    0.5    0.9    1.2    2.3    2.3    1.5    0.4    0.5    1.0    0.5    1.2    1.9    1.4    0.7    0.3    0.8    0.9    0.4    0.9    1.8    1.5    0.6
47020    0.0    0.1    0.1    0.1    0.2    0.0    0.1    0.1    0.1    0.0    0.1    0.1    0.0    0.2    0.0    0.1    0.1    0.0   -0.1    0.0    0.0    0.1    0.0    0.0    0.0    0.0    0.0    0.0
47022    2.1    1.6    1.6    0.7    0.5    1.0    0.3    0.8    1.6    1.6    1.0    1.0    0.8    1.0    0.3    0.8    1.2    1.4    0.8    0.4    0.0    0.3    0.1    0.2    0.2    0.8    1.0    0.6
47025   -1.4    1.9    2.7    1.2    0.1    0.9    0.3   -0.6   -1.3    2.0   -0.2    0.9    0.6    0.5    0.4   -0.6   -1.4   -1.0    0.5    0.7    0.5    0.5    0.1    0.0    0.6    3.0    2.2    0.2
47028   -0.3   -0.2    0.1    0.1    0.1    0.2    0.2   -0.1    0.1    0.1    0.5    0.4    0.2    0.1    0.2   -0.1    0.0   -0.2    0.3    0.1    0.0    0.1    0.0   -0.3   -0.6   -0.5    0.9    0.4
47031    2.5    1.0    1.3    0.3    0.9    0.4    0.1    0.3    1.2    1.2    1.1    0.5    0.2    0.0   -0.1    0.0    1.1    0.9    0.7   -0.1    0.0    0.1    0.0    0.0    0.6    0.8    0.9    0.1
47035    0.1    0.5    1.0    0.5    0.4    0.7    0.9    0.0    0.5    0.5    1.2    1.2    0.8    0.1    0.4   -0.1    0.6    0.2    0.7    0.8    0.3    0.3    0.1   -1.0    0.0    0.4    1.7    0.6
47037    0.1    0.0    0.6    0.1    0.3    0.7    0.2    0.0    0.3    0.2    0.4    0.4    0.2    0.5    0.3   -0.2    0.1   -0.3    0.5    0.2    0.1    0.4   -0.2   -0.6   -0.2    0.1    2.0    0.2
47039    0.4    0.2    0.3    0.0    0.2    0.0    0.0   -0.1    0.0    0.1    0.2    0.1    0.3    0.1    0.0   -0.3   -0.1   -0.2    0.2    0.0   -0.2    0.0    0.0   -0.3    0.0   -0.1    0.7    0.0
47041   -2.4   -2.7    1.9    1.2    0.4    0.7    0.3   -0.3    0.1    0.3    2.5    2.1    1.8    0.2    0.3    0.0   -1.0   -1.5   -2.5    0.1    0.6    0.4    0.9    0.1   -0.5   -1.3   -1.8   -0.2
47046   -4.8   -4.8    2.7    0.6    0.1   -0.4    0.1    1.0    3.5    3.8    1.5    2.9    0.0    0.0   -0.1    0.2    1.5   -2.0   -2.7   -0.3    0.1    0.5    1.1    0.2    1.7    2.3    1.1    0.0
47050    0.1    0.1    0.6    0.3    1.1    1.1    0.3    0.1    0.4    0.6    1.5    1.3    1.7    0.9    0.3   -0.1    0.5    0.2    0.4    0.6   -0.1   -0.5   -0.4    0.0    0.0    0.7    1.0    2.9
47052    3.2    4.3   -3.3   -1.3    0.0    0.1    0.2    0.5    2.4    2.7    1.6    0.7    0.0    0.0    0.0    0.2    1.6    3.6    1.5   -1.0   -0.7   -0.5   -1.0   -0.4    1.7    3.4    2.4    0.3
47055    0.9   -1.7    0.0    0.6    0.7    0.3    0.0   -0.4   -1.3    0.3    0.8    1.3    1.3    1.2   -0.2   -1.5   -2.0   -0.7    0.0    0.8    0.8    0.5    0.2   -0.6   -1.4   -0.2    0.8   -0.2
47058    1.5    3.1    2.8    1.4    1.2    1.3    0.9    0.5    1.1    1.2    1.5    3.0    1.6    1.5    1.0    0.2    0.9    1.5    3.2    1.4    0.8    0.1   -0.3   -0.1    0.9    2.2    3.6    3.0
47060    3.6    4.0    3.3    0.5    1.4    1.2    0.9    1.4    2.0    4.7    1.9    1.6    2.2    1.7    1.3    1.1    1.6    4.7    4.6    1.4    0.6    1.0    0.4    1.3    1.8    4.4    4.5    3.1
47061   -1.3   -2.3   -0.7    0.6    0.3    0.0    0.0    0.4   -0.3   -0.7    0.3    0.7    1.5    0.5    0.2   -0.2   -2.7   -1.4   -1.1   -0.3   -0.6    0.1    0.0    0.0   -2.6   -1.5    0.3    0.1
47065    2.9    5.8    4.8    1.2    1.8    1.9    1.4    1.1    2.7    3.6    4.2    1.6    2.8    1.6    1.1    0.6    2.4    5.0    6.2    2.7    1.2    1.2    0.4    0.3    1.4    5.9    5.8    2.6
47067    2.4    2.1    1.9    0.7    0.2    0.2    0.0    0.0    1.1    1.6    1.1    0.3    0.5    0.1    0.0    0.2    0.4    1.0    0.8    0.7    0.0    0.0    0.0    0.0    0.0    1.0    2.2    0.3
47068    3.3    1.2    0.6   -0.1    0.1    0.2    0.2    0.8    2.4    2.6    1.5    0.4    0.5    0.6    0.3    0.2    1.3    2.6    3.6    0.6    0.0    0.1    0.1    0.0    1.6    3.3    3.6    0.7
47069    4.1    3.3    2.5    0.9    2.2    1.6    1.2    1.4    3.0    4.4    3.1    1.2    1.5    1.5    0.9    0.7    1.9    2.3    3.5    1.8    1.8    2.8    0.7    0.4    1.3    2.6    3.4    1.4
47070    4.1    4.2    2.9   -0.1   -0.4    1.0    1.4    1.8    3.2    3.9    3.7    3.5    1.7    1.7    0.9    0.4    1.2    1.7    4.7    4.5    1.3    0.2   -0.1    0.0    0.2    4.9    5.0    3.0
47075    3.4    4.6    2.0   -1.8   -0.9   -0.1    0.0    0.3    0.3    1.3    0.2    1.0    0.0    0.0    0.0    0.2    1.2    2.9    1.4   -1.2   -0.6   -0.9   -0.9   -0.2    0.7    2.2    1.8   -0.1
47090   -3.1   -3.0   -1.6    0.1   -0.1    0.2    0.2    0.1    0.3   -2.8    0.6    1.1    1.1    1.7    0.9   -0.8   -2.8   -3.2   -0.6   -0.7   -0.7   -0.2   -1.2   -1.9   -3.1   -2.1   -0.5    0.5
47095    3.2    3.3    2.3   -0.7   -0.9   -0.1    0.1    1.2    1.9    0.6    1.5    0.6    0.7    0.8    0.9    0.9    2.0    3.0    2.1   -1.1   -1.1   -0.4   -0.3    0.1    1.8    2.7    2.0   -1.2
47098    3.8    4.0    2.5   -0.6    0.5   -0.1    0.3    1.3    2.3    2.4    1.2    0.7    0.5    0.3    0.5    1.0    1.6    1.6    3.4    1.4   -0.4   -0.8   -0.9    0.5    1.9    2.7    1.2   -1.4
47099    3.7    2.7    1.5   -0.9   -0.9    0.1    0.8    1.6    2.2    2.4    1.3    0.9    0.8    0.7    0.4    0.6    1.4    1.5    2.6    1.4    0.7    0.0   -1.1    0.9    1.9    3.3    0.4   -1.3
47100    7.0    7.3   -2.0   -1.6   -1.3   -1.4   -1.2   -2.0   -1.4   -1.7    0.8    0.9    0.9    0.0    0.1   -0.1   -2.5   -3.7   -1.2    0.3   -0.7    0.0   -0.9   -1.4   -2.7   -3.9   -3.2    0.7
47101    1.1    2.9    1.2   -0.7    1.0   -0.3    0.1    0.7    1.1   -2.2   -1.7    0.5   -0.1   -0.6   -0.4    0.2    0.4    1.4   -2.0   -0.2   -0.7   -0.7   -0.5   -0.1    0.6    1.4    1.5   -0.2
47104    0.3   -3.2   -0.9   -0.5    0.0    0.3    0.2    0.0    0.4   -0.1    1.2    1.9    2.0    2.0    1.2   -0.1   -1.1   -2.4   -0.2    0.5    0.9    1.6   -1.6   -1.4   -3.5   -2.5   -0.5    0.8
47105   -0.7   -2.9   -1.6   -0.8   -0.1    0.1    0.1   -0.1    0.1   -0.3    1.5    1.6    2.5    2.6    1.4   -0.2   -1.1   -2.5   -1.1   -0.2    0.6    0.4   -2.1   -2.4   -2.9   -2.4   -0.8    0.9
47106    0.1   -2.9   -0.7   -0.8    0.0    0.1    0.2   -0.1   -0.4    1.1    1.3    1.2    2.0    2.5    1.9    0.2   -0.1   -2.2   -1.7    0.7    2.1    1.5    1.2   -2.2   -3.4   -3.1   -0.6    0.6
47108    3.7    4.5    3.3   -0.2   -1.1    0.3    1.3    1.6    2.9    3.2    2.6    1.1    1.0    1.1    0.9    1.7    2.9    3.2    3.1    2.9   -0.2   -1.3   -1.7    1.7    3.3    2.8    1.5   -2.0
47112    2.4    2.2    2.5   -0.4    1.9    1.0    1.6    2.5    3.4    3.3    4.0    2.2    1.1    1.2    1.1    2.5    4.2    4.0    2.0    2.5    1.3   -0.1   -1.6    2.0    3.4    3.5    2.1    2.6
47114    2.2    3.6    2.2    0.0    0.8    0.4    0.5    1.3    1.9    1.4   -1.7    1.0   -0.9   -0.2    0.3    1.0    1.5    2.4    2.5   -1.4   -1.0   -1.0   -0.5    0.7    1.6    2.8    2.2   -0.7
47115    0.6   -1.9   -3.2   -3.1   -1.7   -1.3   -1.6   -1.9   -2.0   -2.5   -1.3   -0.7    0.4   -0.2   -0.8   -0.1   -1.1   -1.4   -1.9   -2.1   -1.4   -0.9   -0.4    0.0   -0.1   -1.8   -1.1    1.5
47119    2.7    3.8    2.8    1.2   -0.6   -0.4    0.3    1.5    3.0    2.8    3.0    0.7    0.7    0.3    0.5    1.4    2.6    3.5    1.1    1.2   -0.9   -0.9   -0.5    1.4    2.6    3.1    1.9   -0.8
47121    2.4    3.4    3.5    0.5    0.6    0.3    0.6    0.8    2.5    0.8   -3.2    2.0   -1.0   -1.0   -0.1    0.8    1.9    2.9   -3.6   -1.4   -0.8   -0.6   -0.5    0.7    1.7    2.4    2.6    0.1
47127    2.2    4.5    3.2    0.3    0.9    0.5    0.8    1.3    2.2    3.8    0.5    0.7   -1.5   -0.5    0.4    1.0    1.5    3.0    2.9    0.2   -1.5   -1.1   -1.1    0.8    1.5    3.5    2.6   -0.1
47129    3.8    3.4    2.4    1.7    0.2    0.7    0.8    2.1    3.4    5.4    3.6    1.6    0.8    0.8    0.5    1.6    3.4    4.0    2.7    1.1    0.3    0.0    0.2    1.8    3.7    5.1    4.2    1.5
47130   -1.6   -1.6   -0.6   -0.8   -0.9   -0.4   -1.3   -1.5   -1.9   -0.1    0.0    1.9    1.1    2.1    0.9   -0.5   -0.8   -1.3   -2.3   -1.4   -0.9    1.9   -1.7   -1.9   -2.3   -1.7   -0.3    1.0
47131    2.0    2.2    2.2    1.0    1.1    0.3    0.7    1.2    2.2    2.4    2.3    2.0    1.3    0.8    0.6    1.1    2.0    1.7    2.0   -1.6    1.1   -0.7   -0.1    1.0    1.8    2.1    2.1   -0.3
47133    2.5    3.2    3.1    1.5    1.4    1.2    1.3    1.5    2.7    3.3    2.6    1.9    0.5    0.9    0.6    1.0    2.0    2.4    2.5   -0.8    1.4    0.1   -0.5    1.3    2.4    3.2    3.0    0.5
47135    4.4    4.7    3.9    2.3    1.8    1.9    2.4    3.6    3.5    4.5    3.9    1.9    1.4    1.1    1.3    2.1    3.5    3.5    2.6    0.6   -1.2   -0.4   -0.5   -0.3    2.5    3.8    2.9    1.9
47136    3.2    3.7    4.0    1.0    1.1    0.3    0.0    0.5    2.7    3.2   -3.2   -2.6   -1.3    0.3    0.5    1.0    1.5   -1.2   -3.6   -2.6   -1.0   -0.4   -0.9    0.2    0.9   -0.6   -2.7   -2.0
47137    3.2    2.4    2.7    2.5    1.9    2.5    2.1    1.8    3.0    3.3    3.3   -2.6    1.9    0.9    1.0    0.9    2.1    2.0    1.5   -2.2   -1.5   -0.3   -1.0   -0.3    1.4    2.3    2.4    1.9
47138    3.9    2.5   -1.8   -1.0   -0.7   -0.4   -0.6   -1.2   -1.5   -1.0   -0.7   -1.3   -0.4    0.1   -0.2   -1.2   -1.6   -1.7   -1.0   -1.2   -0.5   -0.6   -1.2   -1.4   -2.1   -2.5   -0.9    0.3
47140    2.5    4.9    2.8    2.0    1.2   -0.2    0.7    1.9    3.9    4.9    3.5    2.4    1.1    0.2    0.0    1.5    3.5    4.6    3.7    1.0    0.0   -0.5   -0.2    1.4    3.6    5.3    3.9    2.2
47143    2.7    2.3    2.4    1.0    1.0   -2.0   -0.5    1.7    3.1    2.8    1.9   -3.5   -3.2    1.1    0.1   -0.1    1.2   -2.0   -3.8   -3.4   -1.5   -0.7   -2.0   -0.3    1.3   -2.0   -1.4   -3.0
47146    3.0    3.0    2.4   -0.4    1.4    1.0    1.3    1.2    2.6    3.4    2.9    1.1    0.8    0.8    0.4    0.8    2.3    3.7    3.2    0.3   -0.2   -0.7    0.0    1.1    2.6    4.0    3.8    0.1
47152    2.8    3.2    2.2   -0.2   -0.2   -0.3   -0.4   -1.0   -2.1   -3.4   -1.4   -0.5   -0.6   -0.1   -0.5   -2.1   -3.9   -3.6   -1.5    0.5    0.2    0.3   -0.7   -1.2   -3.1   -3.4   -1.9    0.6
47155    2.1    1.8   -1.0    0.2    0.4    0.6    0.0    0.8    2.2   -3.7   -0.7    0.3    0.2    0.2   -0.2   -0.5   -0.9   -3.9   -3.5   -1.0    0.0    0.2   -0.1   -1.3   -1.5   -1.9   -2.2   -1.4
47156    2.4    2.4    2.2    2.0    1.5    0.9    0.8    1.0    1.9    1.6    0.8    0.2    0.3    0.0    0.2    0.7    1.4    1.7    0.9   -1.0    1.0   -0.6   -0.5    0.8    1.8    2.2    1.7    1.4
47159    5.1    4.9    4.5    1.7   -0.9   -2.5   -1.8   -1.9   -2.3   -3.1   -1.7   -1.4   -2.0   -1.1   -1.0   -2.4   -3.2   -3.2   -2.8   -1.6   -0.6   -1.7   -1.9   -2.5   -2.8   -3.2   -2.7   -1.6
47162    2.8    2.9    3.1    1.8    0.6    0.4   -0.6   -2.0   -0.4    0.4   -1.7    0.3   -0.1   -1.1   -0.5   -1.2   -3.1   -2.6   -2.6   -1.2   -0.8   -1.9   -2.0   -1.3   -2.4   -1.4   -1.0    0.1
47165    2.3    2.1    2.0    1.8    1.1    0.5    0.4    1.9    2.2    2.4    1.7    1.3    0.7   -0.1    0.0    1.5    1.9    1.5    1.1   -0.7   -0.3   -0.1   -0.1    1.2    2.4    1.6    1.3    1.1
47168    4.5    5.5    7.4    5.0    2.5    1.9    1.3    2.7    4.6    5.6    5.4    3.9    2.0    1.0    0.2    0.7   -0.2   -0.9    3.6   -0.6    0.3   -0.2   -3.2   -2.0   -1.3   -0.8    3.1    3.2
47169    3.5    6.3    3.7    2.6    3.0    0.8   -0.1    1.1    1.3    1.8    1.3    2.0    1.5    0.0   -0.3    0.4    0.6    1.2    0.9    0.2   -0.2   -0.4   -0.1    1.6    2.3    0.8    1.4    2.2
47170    4.6    4.7    2.4    2.9    2.5    2.2    2.0    2.3    3.0    4.1    3.0    2.2    2.0    1.6    0.5    1.2    4.1    4.3    2.4    0.7    0.8    0.5    0.1   -0.5    1.8    3.1    2.1    1.1
47172    4.1    2.9    0.4    1.3    1.1    0.0    0.8    3.1    3.2    2.9    1.9    1.2    0.3   -0.3    0.2    2.5    2.8    1.8    1.6   -0.9    0.3   -0.4    0.2    2.5    3.4    2.1    1.3    0.4
47174    2.2    2.2    0.7    1.1    0.8    1.0    0.4    1.1    1.6    2.3    1.1    0.8    0.6    0.4    0.2    0.5    0.9    1.4    0.8    0.4    0.2    0.3    0.0    0.6    2.0    1.5    0.8    0.4
47177    4.4    3.0    1.7    2.1    0.5    1.2    1.5    2.8    4.2    5.1    4.0    2.0    1.1    0.8    1.1    2.7    3.6    3.3    1.5    0.7   -1.0    0.9    0.5    3.3    4.9    4.0    1.8    1.2
47184    2.5    2.5    2.4    1.1    1.6    1.0    1.8    2.0    1.8    1.9    1.2    0.7    0.4    0.2    0.1    0.3    1.1    1.7    1.3    0.2    0.5    0.6    0.6    1.2    1.3    1.5    1.3    1.3
47185    3.6    3.4    2.7    1.2    1.2    0.6   -0.1    0.8    1.1    1.6    0.5    0.4    0.1    0.0   -0.1   -0.3    0.6    1.1    0.5   -0.8   -0.8   -1.2   -0.3    0.5    1.1    1.6    1.5    1.8
47188   -0.7    1.4    1.6    1.1    1.4    1.6    2.1    3.3    3.6    3.2    2.4    2.0    1.3    0.8    0.3    0.1    0.6    1.9    1.5    1.0    0.5    1.8    1.0    0.7    1.7    2.6    2.3    1.8
47189    3.1    3.7    1.8    0.1    0.8    0.2   -0.7    1.1    1.4    1.4    0.7    0.6    0.2    0.1    0.0   -0.2    0.2    0.8    0.6    0.1    0.1    0.1   -0.4    1.0    2.6    0.2    1.0    0.9
47192    0.9    0.1    0.6   -0.1    0.0    0.0    0.0    0.8    0.9    1.2    0.8    0.5    0.4    0.1   -0.1   -0.4   -1.4   -2.3   -1.2   -0.6   -0.1   -0.1   -0.2   -0.1    0.6   -0.1   -0.1   -0.1
47201    3.4    3.3    2.0   -0.8    1.4    0.7    1.2    1.6    1.8    1.7    2.1    1.2    1.1    1.1    0.6    0.9    1.5    0.8    2.7    1.7    1.7    0.9   -0.3    1.4    2.9    3.7    3.2    2.0
47202    2.6    3.9    2.4    0.9    0.8    0.3    0.4    1.5    2.4    3.0   -1.7    1.4    1.0    0.6    0.1    1.2    2.0    2.4    2.1   -1.2   -0.8   -0.2   -0.1    0.6    1.7    2.7    2.2   -0.8
47203    2.6    3.1    2.6    1.8    1.1    0.9    0.4    1.2    2.1    2.6   -0.4    1.7    1.0    0.6    0.0    1.0    1.6    2.8    2.0   -1.0    0.4   -0.2    0.0    0.7    1.9    2.9    1.9    0.1
47211    3.8    4.3    1.7   -0.9   -1.8   -1.0   -1.7    0.3   -3.2   -3.0   -3.0   -1.3   -1.1   -0.9   -0.8    0.8    2.1   -4.9   -3.6   -1.2   -1.0   -0.9   -1.0    1.1    2.6    2.0   -3.3   -1.1
47212    2.2    3.6    1.4   -0.2    0.7    0.2    0.8    1.1    2.1   -2.1   -2.0    0.9   -0.6   -0.7   -0.1    0.9    1.6    2.2   -0.8   -1.3   -0.5   -0.7   -0.7    0.7    1.4    2.6    2.2   -0.2
47216    3.4    2.6    1.8   -0.2   -0.6   -0.9   -0.7   -0.9   -1.6   -1.0   -1.1    0.0    0.1    0.0    0.0    0.5   -0.8   -2.3   -2.3   -0.1   -0.3    0.0   -0.6    0.2    1.6    1.5   -2.2    0.2
47217    5.6    5.0    1.8   -0.1   -0.9   -1.6   -2.1    1.6   -1.5   -3.3   -1.8    0.2   -0.5   -0.6   -0.2    1.8    1.2   -3.7   -2.0   -0.2   -0.5   -0.6   -0.3    1.7    3.0    2.1   -0.2   -0.2
47221    3.1    3.8    3.0    1.1    0.7    0.2    0.4    2.3    2.8    3.2   -2.9    1.0   -0.2   -0.7   -0.5    1.2    2.2    2.9   -2.0   -1.2   -0.8   -0.8   -0.6    0.8    1.7    3.3    2.9    0.4
47226    2.4    2.4    2.7    1.0    0.4    0.5    1.1    1.1    2.9    3.4    3.2    1.1    0.7    0.2    0.1    0.8    2.1    2.7    2.1   -0.9   -1.0   -0.5   -0.3    0.1    2.0    2.9    2.4    0.8
47232    2.9    4.1    3.2    1.6    0.5    1.1    1.1    2.0    3.5    4.7    4.1    1.8    1.9    1.4    1.2    1.9    2.6    2.8    3.1    1.2    0.3   -0.1    0.1    1.7    2.8    2.8    3.2    0.6
47233    3.8    2.7    2.2    1.1    0.6    0.3    1.5    2.9    5.1    5.4    3.7    2.1    1.5    1.7    2.3    2.7    3.8    3.3    1.9    0.0    1.1   -1.1   -0.3    1.9    3.2    4.2    2.2   -0.1
47235    3.6    3.0    0.8    1.2    0.4    0.4    0.7    1.1    1.6    1.5    1.4    0.4    0.1    0.1    0.2    1.2    2.2    1.6    1.0    0.0    0.0    0.0    0.6    1.3    2.7    2.1    1.5    0.1
47236    2.2    2.3    1.8    0.5    0.3    0.2    0.6    0.8    1.8    2.6    2.3    1.1    0.4    0.3    0.2    0.7    2.1    2.4    2.3    0.0    0.0    0.0    0.0    0.7    2.1    2.9    2.6    0.2
47238    2.0    2.4    2.2    0.3    0.3    0.4    0.1    1.0    1.9    2.4    2.5    1.2    0.3    0.2    0.3    0.4    1.4    2.1    1.9   -0.2    0.3    0.0   -0.1    0.5    1.9    2.9    2.2    0.7
47243    1.8    2.9    1.9    0.8    0.9   -0.3    0.5    1.6    2.3    2.6    1.6    1.0    0.5   -0.1    0.0    1.3    2.1    2.3    1.4   -0.1    0.3   -0.2    0.0    1.2    1.9    3.1    1.9    0.4
47244    1.9    3.0    1.8   -0.4   -0.4    0.8    0.6    1.2    2.5    3.0    2.4    1.0    0.8    0.2    0.5    0.6    2.1    2.9    2.4    0.5    0.2   -0.7    0.2    0.6    2.4    2.7    2.6    0.9
47245    2.1    2.6    2.0    0.6    1.0    0.0    0.5    0.8    1.8    2.1    1.3    0.4    0.2    0.1    0.2    0.6    1.8    2.1    1.5   -0.8    0.3    0.0    0.0    0.6    1.9    2.5    1.8    0.6
47247    1.8    2.5    0.8    0.4   -0.2    0.4    0.7    1.0    2.5    3.5    1.7    0.6    0.3    0.0    0.6    0.5    1.6    2.8    1.2    0.5   -0.2   -0.1    0.3    0.2    1.3    3.0    1.3    0.6
47248    2.6    3.3    2.4    0.4    0.3    0.6    0.9    1.5    2.7    3.2    2.1    0.9    0.5    0.1    0.4    0.6    2.2    2.5    2.2    0.4   -0.3   -0.7   -0.5    0.8    3.1    2.9    2.7    0.8
47251    2.7    2.7    2.2    0.4    0.3   -0.1    0.1    1.1    1.7    1.6    1.0    0.4    0.1   -0.1    0.0    0.7    1.6    1.3    1.0   -0.5    0.0    0.0    0.0    0.6    2.1    2.0    1.6    0.2
47252    3.0    3.3    2.0    1.1    0.6   -0.2    0.3    1.5    1.6    2.0    1.6    1.1    0.6   -0.2   -0.1    1.0    1.1    1.3    1.3   -0.5   -0.1    0.0    0.1    1.2    1.7    1.4    1.4    1.0
47253    4.4    2.1   -2.4    0.6    0.4    0.5   -0.7    2.9    2.6   -3.3   -3.8   -0.2   -1.0    0.3   -0.3   -1.3   -1.4   -4.1   -2.1    0.1    0.2    0.4   -0.8   -1.7   -3.0   -3.4   -2.9   -0.6
47254    2.4    4.0    1.6    0.4    0.2    0.6    0.4    1.2    2.9    3.2    1.8    0.7    0.5    0.2    0.2    0.5    1.6    3.3    1.6   -0.2    1.5   -0.3   -0.5    1.0    1.7    3.2    1.9    0.1
47255    1.4    0.8   -1.8    0.2    0.6    0.8    0.1    1.0    1.6   -1.3   -0.2    0.7    0.0    0.6   -0.1   -0.5   -0.5   -2.6   -1.5    0.3    0.2    0.6    0.0   -1.1   -1.1   -1.2   -0.8   -0.7
47256    1.8    3.1    1.5    0.6    0.4    0.5    0.3    1.1    2.5    2.4    1.4    0.8    0.4    0.4    0.2    0.4    1.3    2.2    1.2    0.4    0.7    0.3    0.0    0.4    2.0    2.6    1.4    0.7
47257    3.7    3.8   -3.0    0.4    0.1   -1.0   -1.5    1.0    2.1   -4.0   -1.1   -1.0   -2.0   -0.4   -0.7   -2.3   -3.0   -4.5   -2.0    0.4    0.2    0.1   -1.3   -2.0   -3.0   -2.7   -2.4   -0.4
47259    3.3    4.6    3.2    1.8    1.3    1.1    0.9    1.5    2.9    3.1    2.1    1.7    1.5    1.0    0.5    0.6    2.6    3.2    2.2    0.8    0.8    0.8    0.1    0.4    2.8    3.8    2.0    1.5
47260    3.9    4.5    2.8    1.5    1.1    1.3    1.2    1.4    2.9    3.6    2.3    1.7    1.4    1.2    0.6    0.9    2.0    3.5    2.5    0.6    1.1    1.0    0.1    1.0    2.2    3.4    2.5    1.3
47261    3.2    3.2    2.1    1.3    0.8    1.1    0.8    1.6    2.3    2.0    1.3    0.9    0.6    0.3    0.0    0.9    2.4    2.2    1.1   -0.1    0.1    0.1   -0.1    0.3    2.4    2.8    1.0    0.4
47262    3.1    4.8    2.9    2.0    1.4    1.4    0.8    1.3    3.4    3.8    2.6    1.5    1.0    0.8    0.4    0.7    1.2    2.4    1.6    0.6    0.1    0.0   -0.6   -0.4    0.0    0.7    1.8    1.3
47263    1.9    1.7    1.5    0.5    0.2    0.2   -0.5    0.8    2.7    2.5    1.3    0.4    0.3    0.2   -0.4   -0.8   -0.8   -1.3   -1.5   -0.4    0.0    0.2   -0.4   -0.6    1.1   -0.8   -0.5   -0.7
47264    3.6    3.4    2.4    1.5    1.5    1.2    1.8    3.5    3.8    3.5    2.7    2.3    1.2    1.0    0.9    0.4    1.4    2.6    1.9    0.7    0.4    0.0   -1.0    2.2    3.1    3.2    1.7    1.3
47266    3.9    3.9    3.1    1.7    1.0    0.9    1.2    3.1    4.7    4.5    3.7    2.0    0.9    0.8    0.7    1.0    0.7    0.3    0.5    1.1    0.7    0.3   -1.7    0.5    1.0   -0.3    0.7    1.6
47268    2.9    1.8    1.1    0.8    0.6    0.5    0.3    0.8    1.1    1.3    0.8    0.8    0.5    0.0   -0.1    0.5    0.8    0.8    0.5   -0.1   -0.1   -0.1   -0.1    0.1    1.5    0.9    0.6    0.7
47271    3.4    2.8    1.7    0.6   -0.9   -0.7   -0.7    0.3    1.1   -1.8   -1.9   -0.7   -0.1   -0.2    0.0    1.3    3.0   -1.1   -2.4   -1.0   -0.4   -0.3   -0.4    0.2    1.1   -1.2   -1.2   -0.1
47272    4.7    5.9    3.6    1.5    1.6    0.8   -1.5    0.8    3.3    4.3   -2.4    1.8    1.7    1.5    0.4    1.0    2.1    3.0   -2.9   -0.9    0.1    0.6   -1.4    0.0    1.1    2.6   -2.9   -1.6
47273    2.2    3.4    1.9    1.3    1.6    1.2    0.6    1.7    2.6    3.9    3.1   -1.8    0.9    0.9    0.4    1.0    2.2    2.5    0.5   -1.6   -0.4   -1.1   -0.8   -0.2    1.8    3.3    2.0    1.8
47276    6.2    4.7    2.6    1.7   -0.7   -0.9   -2.3   -1.4   -0.2   -3.4   -3.6   -2.3   -0.8    0.4   -0.3    0.1   -1.1   -4.3   -2.9   -1.4   -0.6    0.0   -2.0   -1.4   -1.0   -2.6   -1.7   -0.7
47277    3.8   -1.5   -1.1   -1.3   -1.0   -0.5   -1.4   -2.9   -3.4   -1.3   -1.7   -1.1   -0.3    0.7    0.0   -2.0   -2.6   -2.7   -2.3   -1.7   -1.2   -0.4   -1.6   -2.1   -2.4   -2.4   -1.0    0.9
47278    2.7    3.0    2.9    1.2    0.5   -0.2    0.5    0.7    2.4    2.7   -2.2   -1.7   -0.8    0.0    0.1    0.5    1.2    0.8   -3.0   -1.3   -0.4   -0.1   -0.1    0.1    0.9   -0.6   -1.4   -0.6
47279    2.8    2.6    3.0    2.0    1.1    0.8    0.2    2.0    2.4    3.0    2.0    0.4    0.3    1.0    0.6    0.3    0.6    1.5   -1.9   -1.9    0.0   -0.1   -0.7   -0.2    0.2   -1.5   -1.1    1.8
47281    4.2    3.5    1.8    1.0    1.4    0.5   -0.6    0.0    3.7    3.5   -4.7   -2.2   -1.1    0.7   -0.1   -1.0   -2.0   -4.0   -3.5    0.0    0.3    0.5   -0.7   -0.5   -1.5   -2.6   -1.5   -0.6
47283    5.2    3.0    1.2    0.8    0.1   -0.8   -0.8   -1.0   -0.9   -3.7   -1.9   -2.5   -0.5    0.5    0.6   -2.4   -2.5   -3.2   -0.8    0.8    1.0    1.1   -1.4   -1.8   -3.2   -2.4   -0.9    0.3
47284    2.9    2.3    2.2    1.6    0.8    0.3    0.7    1.0    3.1    2.0    2.0    1.7    0.8    0.6    0.6    0.0    0.4    1.7    1.1   -0.7   -0.4   -0.5   -0.2    0.3    1.9    2.7    1.9    1.4
47285    1.5    2.2    1.6    0.8    0.6    0.5   -0.2    0.7    1.5    1.8    1.4    0.6    0.6    0.7    0.0   -0.7   -1.5   -2.1   -1.7   -1.5   -0.7    0.0   -0.7    0.1    0.4   -0.4   -0.4    1.1
47288    2.0    2.5   -1.3    0.0    0.1    0.1   -0.3    0.7    1.6    0.9    0.5   -0.3   -0.6    0.1   -0.3   -0.3    0.1   -1.0   -2.7    0.0    0.1    0.0   -0.6    0.2    0.2   -1.4   -2.4   -0.7
47289    2.0    3.5    3.3    1.4    1.6    1.0    0.7    1.9    3.1    3.1    3.0    2.9    2.5    1.6    0.6   -0.2   -0.4    1.3    2.4    0.1    0.4    0.7   -0.4    0.1    1.3    0.0   -0.5    0.7
47294    2.6    2.4    3.6    1.8    0.3    0.2   -0.6   -1.9   -0.5    0.0   -1.6    0.6   -0.4   -0.6   -0.3   -0.6   -2.0   -2.7   -2.4   -1.4   -1.0   -0.6   -1.1   -1.3   -1.7   -1.2   -0.6   -0.1
47295    1.8    2.6    3.1    1.5    1.1    0.5    0.8    0.7    2.1    2.5    2.1    0.7    0.5   -0.2   -0.1   -0.3   -1.4   -1.4   -1.3   -1.3   -0.4   -0.4   -0.8   -1.1   -1.1   -0.8    1.1    1.5
47299   -1.2   -2.9   -3.9   -3.7   -1.5   -1.0   -1.5    0.4   -0.9   -1.4   -2.1   -0.7   -1.7   -1.0   -1.5   -1.0   -0.9   -1.3   -1.7   -1.2   -1.4   -0.8   -0.6    0.3    1.4    1.7    2.1    1.9
  319    0.6   -1.1   -1.4   -0.7   -0.7   -0.6   -0.7   -1.2   -1.4   -1.6   -0.9   -0.5    0.4   -0.1   -0.5   -0.1   -0.7   -0.9   -0.7   -1.0   -1.3   -0.8   -0.3    0.0   -0.2   -1.6   -0.1    1.0
  322    1.7    2.1    0.9    0.1    0.1    0.1    0.1    0.4   -0.2   -1.1   -0.3    0.3    0.1    0.1    0.0    0.4    1.3    1.9   -1.1   -0.4   -0.2    0.0   -0.1   -0.1    1.1    1.5    0.6    0.3
  328    1.4    2.3    1.2    0.6    0.8    0.5    0.0    0.4    0.9    1.3    0.5    0.5    0.4    0.2    0.1    0.1    0.4    0.7    0.6    0.1    0.3    0.0    0.0    0.4    1.0    0.5    0.8    0.5
  400    2.3    3.2    2.2    0.8   -1.4    0.4    1.0    1.2    1.9    2.4    1.5    0.6    0.8    0.8    0.9    1.1    1.9    2.6    1.3    0.9   -1.1   -1.2   -1.0    1.2    2.2    2.2    1.0   -0.8
  433    1.9    2.0    1.6   -0.5   -0.8    0.4    0.6    1.1    1.6    1.5    1.4    0.7    0.5    0.4    0.4    1.1    2.1    2.4   -1.3    0.8    1.0   -0.4   -0.7    1.4    2.1    2.1    0.5   -0.4
  441    4.2    4.6    2.7   -1.1    0.3    0.4    1.1    1.6    2.1    2.2    2.1    0.9    0.7    0.6    0.5    1.1    1.7    1.2    3.0    1.6    1.4   -0.7   -1.1    1.6    3.1    3.9    0.3    2.7
  497    1.6    0.8   -0.5   -0.2   -0.5   -0.2   -0.4   -0.4   -0.5   -0.3    0.2    0.0    0.0    0.0    0.1   -0.2   -0.7   -1.1   -0.3    0.0    0.1    0.0   -0.1   -0.7   -1.4   -1.4   -0.3    0.2
  498    3.9    1.9   -0.6   -1.1   -1.5   -1.1   -1.3   -0.7   -0.9   -0.4    0.0   -0.3    0.4   -0.1   -0.1    0.0   -1.7   -2.4   -1.5   -1.4   -1.0   -0.9   -1.3   -1.6   -2.2   -3.4   -3.2    0.3
  504    2.7    2.4    1.4   -0.5    0.1    0.1    0.5    1.2    1.8    1.5    1.0    0.6    0.9    1.0    0.4    0.9    1.6    1.6    1.8    0.8   -0.8   -0.8   -0.4    0.1    1.6    2.5    0.7   -1.2
  516    2.3    3.0    2.1    0.7    0.5    0.5    0.6    0.8    2.4    3.2    2.1    1.1    0.6    0.9    0.5    0.9    2.4    3.4    2.1    0.3    0.1   -0.5    0.0    0.5    2.5    3.2    2.4    0.0
  517   -1.8   -2.3   -0.5    0.0   -0.1    0.1    0.1    0.0    0.0   -1.9    0.5    0.2    0.6    0.7    0.2   -0.5   -2.3   -2.6   -0.4   -0.3   -0.1    0.3    0.0   -0.9   -2.5   -2.0   -0.2    0.4
  519    2.8    3.3    1.4   -0.2    0.3    0.0    0.0    0.9    1.3   -1.6    0.0    0.4    0.2    0.3    0.0    0.0    1.9    2.5   -2.9   -1.6   -1.1   -0.2   -0.3   -0.1    1.6    2.2    1.9   -0.3
  522    1.8    1.9    0.8   -0.4   -0.1    0.0    0.1    1.1    0.8   -1.6   -0.7    0.5   -0.1   -0.1   -0.1    1.2    1.7    1.3   -1.4   -0.4   -0.3   -0.2   -0.3    1.0    1.6    1.7    1.0    0.0
  523   -0.2   -4.2   -2.2   -1.0    0.1    0.6    0.4    0.0    0.8   -1.0    1.8    2.0    1.9    2.0    1.2    0.0   -1.3   -3.6   -1.0    0.0    1.4    1.9   -0.3   -2.0   -3.7   -3.1   -0.9    0.5
  525    2.9    3.2    2.3   -0.5   -0.3   -0.3   -0.1    0.8    2.0   -1.9   -1.5    0.0   -0.1    0.0   -0.2    0.7    2.1   -0.9   -1.9   -0.7   -0.4   -0.2   -0.2    0.4    2.2    2.7    2.3    0.0
  526    2.5    3.4    2.1   -0.2    0.1    0.1   -0.4    0.9    2.3   -1.9   -1.8    0.2    0.0   -0.3   -0.3    0.7    1.9    1.8   -2.6   -0.4   -0.4   -0.6   -0.3    0.2    1.5    2.4    2.0    0.0
  527    2.7    3.7    2.2   -0.5   -0.7   -0.6   -0.3    0.2   -3.2   -2.2   -1.4    0.0   -0.1   -0.1    0.0    0.8    0.4   -2.9   -2.3    0.0   -0.4   -0.2   -0.1    0.4    1.4    2.5   -2.1   -0.5
  528    3.6    2.0    1.6    0.0    0.2    0.3    0.6    1.5    2.7    3.6    1.6    0.9    0.6    1.2    0.8    1.0    1.4    2.7    3.1    2.1    0.1    0.3    0.6    1.0    1.8    3.1    3.3    2.5
  529   -0.4   -1.1   -0.4   -0.8   -0.5    0.0   -0.7   -0.8   -1.8   -0.1    0.8    0.9    1.0    1.2    0.9    0.2    0.0   -1.2   -1.8   -1.4   -0.4   -0.5   -0.9   -1.9   -2.4   -2.1   -0.2    0.6
  530    0.4   -0.6   -0.7   -1.2   -1.4   -1.0   -1.0   -1.4   -1.5   -0.7    0.0   -0.7    0.4   -0.2   -0.4   -0.2   -0.6   -0.9   -0.8   -0.9   -0.8   -0.5   -0.3   -0.1   -0.5   -1.4    0.0    1.0
  531    2.5    2.3    1.0    0.2    0.3    0.0    0.1    0.9    1.0   -0.6   -1.2    0.4    0.3    0.2   -0.1    0.1    1.2    1.9   -1.0   -0.6   -0.5   -0.4    0.0   -0.1    0.7    2.4    0.9   -0.1
  532    2.7    3.2    2.1   -0.6    0.2   -0.1    0.4    1.0    1.9    2.0    1.2    0.5    0.3    0.3    0.4    1.0    1.7    1.7    1.9    1.2   -1.3   -0.6   -0.6    0.5    1.9    2.7    0.8   -1.4
  534    1.8    2.7    2.1    1.2    0.4    0.4    0.4    1.2    1.9    2.0    0.6    0.3    0.3    0.4    0.0    1.4    2.2    1.2    1.6   -0.8   -0.4   -0.7   -0.4    1.1    1.7    1.2    1.6   -0.3
  535    2.2    2.8    2.2   -0.8   -0.2    0.0    0.3    0.7    1.6   -1.7   -1.5    1.0   -0.3   -0.1   -0.1    0.6    1.6    0.8   -1.3   -0.9   -0.2   -0.1   -0.1    0.6    1.6    1.7    1.4   -0.1
  536    2.1    3.6    1.8    0.1    0.4    0.0    0.6    0.9    2.0   -1.1   -1.8    0.4   -0.7   -0.6   -0.3    0.6    1.4    2.1    2.4    0.6   -0.3   -0.7   -0.6    0.4    1.5    2.3    1.9   -0.3
  540    3.0    3.1    1.6   -0.2   -0.6    0.2    0.6    1.2    2.7    2.7    2.1    0.6    0.4    0.5    0.4    0.9    2.1    2.0    1.8    1.1    0.8   -0.3   -1.1    0.7    2.5    2.3    0.9   -0.5
  541    3.1    3.7    2.8    0.2    0.1    0.1    0.1    0.7    2.5    2.5    1.3    0.5    0.4    0.5    0.3    0.7    2.1    1.7    0.2   -0.6   -0.3   -0.4   -0.4    0.3    2.3    2.3    1.1   -1.1
  542    3.0    4.5    3.0    0.6   -0.1    0.1    0.6    1.5    2.4    2.6   -1.2    0.9    0.8    0.6    0.3    1.6    2.2    2.3    1.9   -0.9   -0.7   -0.6   -0.7    0.5    2.0    2.8    1.7   -0.8
  546    3.4    5.4    3.5    1.3    0.3    0.9    0.5    1.8    2.4    2.6    2.1    1.5    1.0    1.1    0.9    1.9    2.3    3.2    2.1   -0.8   -0.8   -1.2   -1.6    1.1    2.6    3.1    2.3   -1.0
  548    2.1    6.2    3.4    1.4    1.0    0.5    0.4    1.6    2.7    5.1   -1.8    0.2    0.2    0.3    0.9    1.1    2.3    3.8    2.6   -2.7   -0.2   -0.3   -0.8    0.6    2.2    4.3    2.7   -0.4
  549    3.0    3.8    3.6    1.5    0.8    0.3    0.3    1.3    2.8    3.0    2.3    0.8    0.6    0.4    0.3    1.3    2.4    3.0    2.3    0.6   -0.5   -0.5   -0.1    1.0    2.4    3.0    2.4   -0.5
  551    2.4    3.7    3.4    1.6    0.5    0.8    0.6    1.6    2.7    3.3    2.9    1.2    1.3    0.9    0.5    1.5    2.2    3.6    2.6    1.4   -0.3   -0.5    0.0    1.4    2.7    3.4    3.0    0.2
  552    3.8    3.5    2.4   -0.7   -0.7   -0.3    0.0    0.7    0.6   -1.9   -0.6    0.0    0.6    0.3    0.5    0.9    2.3    2.9   -2.6   -1.1   -0.9   -0.8   -1.6   -0.6    1.7    2.4    2.7   -0.1
  555    2.4    3.7    1.8   -0.5    0.7    0.2    0.3    0.8    0.2   -2.0   -1.7    0.6    0.9    0.5   -0.5   -0.6    1.2    1.7   -3.3   -1.1   -1.1   -0.7   -0.7   -0.3    1.3    1.9    1.1   -0.5
  556    2.3    3.7    1.0   -1.2   -0.6   -0.1   -0.6    0.4   -1.4   -2.3   -1.7   -0.5   -0.4   -0.5   -0.4    0.4    1.3   -2.6   -2.1   -0.7   -0.6   -0.4   -0.4    0.1    1.6    2.2   -2.2   -0.8
  557    2.7    3.4    2.4   -0.7   -1.1   -0.6   -0.2   -0.1   -1.6   -2.4   -1.0    0.0    0.0    0.0   -0.3    0.0   -0.6   -3.5   -1.6   -0.4   -0.3   -0.1    0.0    0.0    1.3   -2.0   -1.8   -0.1
  559    3.6    4.6    2.2   -0.6   -0.7   -0.9   -0.4    0.8   -0.9   -2.8   -2.5   -0.5   -0.5   -0.1   -0.4    0.4    0.9   -3.9   -2.6   -1.1   -0.7   -0.3   -0.2    0.4    1.8    2.3   -1.7   -0.1
  560    2.9    3.4    2.8   -1.1   -1.3   -0.9   -0.9   -0.6   -2.1   -2.3   -3.3   -0.3    0.1   -0.1   -0.1    0.6   -1.7   -4.6   -3.0   -0.7   -0.7   -0.4   -0.2    0.7    1.7   -2.7   -3.4   -0.1
  561    3.2    4.7    2.3   -0.8    0.0   -0.1    0.2    1.4    2.7   -2.3   -1.9    0.9   -0.2    0.0   -0.1    0.9    2.9    3.0   -2.2   -0.8   -0.7   -0.3    0.0    0.5    2.8    3.2    2.3    0.0
  562    3.2    4.2    3.3   -0.1    0.3    0.4   -0.1    1.1    2.8    3.3   -2.2    0.4    0.0   -0.5   -0.3    0.8    2.4    2.9   -3.0   -1.0   -0.2   -0.4   -0.4    0.3    2.0    3.1    2.8    0.4
  563    2.8    3.4    1.6    0.2   -0.5   -0.4   -0.5    1.0    0.3   -2.3   -1.1    0.0   -0.4   -0.8   -0.1    0.5    1.7   -1.8   -1.6   -0.8   -0.5   -0.5   -0.7    0.3    2.1    2.2    0.8    1.1
  565    2.5    2.6    2.1    0.6    0.6    0.1    0.6    1.7    2.9    3.2    3.0    1.0    0.5    0.4    0.6    1.7    2.9    3.3   -0.1    1.4    1.0   -0.5   -0.6    1.7    2.4    3.2    0.9   -0.6
  566    0.3   -1.1   -0.2   -0.1    0.0    0.0    0.0    0.0    0.0   -0.1    0.1    0.1    0.0    0.2    0.1    0.0   -0.4   -0.6    0.0    0.0    0.0    0.0    0.0   -0.4   -1.1   -0.1    0.0    0.1
  571    2.8    2.5    1.8    0.6    0.4    0.1    0.5    1.4    2.3    1.8    1.4    0.8    0.5    0.4    0.4    1.7    2.5    2.7    1.0    0.8    0.2   -0.3   -0.3    2.0    2.7    2.7    1.3   -0.3
  572    2.4    3.4    2.0    0.7   -0.5    0.4    0.7    1.2    2.0    2.3    1.6    0.6    0.7    0.6    0.7    1.4    1.7    2.8    0.9    0.3   -0.7   -0.8   -0.9    1.1    2.2    1.8    1.2   -0.7
  579    3.4    3.1    1.0   -0.9   -0.8   -1.0   -1.0   -1.4   -1.3   -1.0   -2.5    0.2    0.2    0.5    0.1    0.4   -1.2   -2.6   -2.5    0.6    0.2    0.5   -0.7   -0.9   -2.6   -3.7   -2.8    0.4
  580   -1.9   -2.6   -1.2   -0.4    0.0    0.0    0.1   -0.1   -0.3    0.7    1.9    1.7    2.2    2.9    2.1    0.0   -0.6   -2.5   -1.4   -0.4    0.9    0.3   -0.3   -1.6   -2.6   -2.6   -0.5    0.4
  581    2.9    2.7    1.8    0.8   -0.7   -0.5   -0.6    0.7    1.7   -0.9   -1.1    0.2    0.9    0.4    0.0    1.0    1.8    0.0   -1.8   -1.0   -0.8   -0.5   -0.4    0.7    1.5    2.2   -0.7   -0.5
  583    2.5    3.2    2.6   -0.5    0.2    0.6    0.5    1.3    1.9    0.6   -1.2    0.7   -0.6    0.0    0.1    1.1    2.6    2.7   -1.5   -1.1   -0.6   -0.7   -0.8    0.8    2.5    2.8    1.6   -0.4
  586    1.5    3.1    0.9   -0.5    0.3    0.0    0.0    0.8    0.0   -1.8   -1.6    0.0   -0.1    0.0    0.0    0.6    1.4    1.6   -1.5   -0.2    0.0    0.0    0.0    0.2    1.5    1.8    0.6   -0.1
  587    4.8    3.9    0.5   -0.7   -0.5   -0.5   -0.6    0.6   -2.7   -2.1   -0.2    0.2    0.2   -0.2   -0.3    0.4    1.0   -2.2   -0.6   -0.5   -0.7   -0.6   -0.7   -0.1    1.7    1.6   -1.1   -1.0
  588    2.6    3.5    1.8    0.2    0.6    0.0    0.0    1.1    2.2   -1.4   -1.6    0.3    0.1    0.0    0.0    0.2    1.2    2.4    0.4   -0.2   -0.3   -0.1    0.0    0.0    1.1    2.6    1.3   -0.1
  590    3.3    3.6    2.7    0.8   -1.0   -0.4    0.7    1.4    2.7    1.9    1.9    0.6    0.5    0.4    0.7    1.5    2.4    2.6    0.4    0.8   -0.4   -0.8   -1.2    1.7    3.0    2.1    0.9   -1.0
  593    4.1    3.3   -1.8   -0.7   -0.5   -0.8   -0.8   -1.4   -1.1   -2.3    0.1    0.4    1.6    1.4   -0.2   -0.7   -2.4   -3.3   -0.3   -0.2   -0.7    0.7   -1.0   -1.4   -2.8   -3.3   -1.0    0.3
  594    2.8    3.0   -1.1   -1.0   -1.1   -0.6   -0.8   -0.8   -1.6   -2.1   -1.6   -0.1   -0.5   -0.3   -0.3   -0.3   -1.4   -3.2   -1.7   -0.9   -0.5   -0.4   -0.5    0.3    1.0   -2.5   -2.9   -0.3
  595    2.5    1.3   -0.9   -0.2   -0.3   -0.3   -0.2   -0.3   -0.4   -1.7    0.0    0.8    0.6    0.1   -0.1   -1.0   -1.6   -1.9   -0.2   -0.4   -0.4    0.7   -0.3   -1.8   -1.7   -1.6   -0.8    0.7
  598    2.8    2.5    1.3   -0.6    0.0    0.0    0.2    0.9    1.8    1.7    1.1    0.3    0.1    0.0    0.1    0.5    0.9    1.0    1.5    0.4    0.0   -0.3   -0.1    0.4    1.2    2.2    0.7   -0.5
  601    1.4    2.3    0.9    0.4    0.3    0.5    0.3    0.7    1.2    1.9   -1.0    0.8    0.5    0.2    0.1    0.4    0.9    1.8    0.0   -0.5   -0.2   -0.1   -0.3    0.1    0.9    1.6    0.9    0.1
  602    1.5    2.0    1.2    1.0    0.6    0.7    0.8    1.1    1.6    2.7    1.7    1.1    0.9    1.3    1.0    1.0    1.6    2.1    1.7   -0.9    0.6   -0.7   -0.5    0.9    1.7    2.4    1.7   -0.3
  603    3.1    3.7    3.1    0.7    0.5    0.0    0.4    1.0    2.8    3.8    3.3    0.0    0.7    0.5    0.0    0.8    2.3    3.7    3.5   -0.5   -0.3   -0.4    0.0    0.4    2.7    4.2    3.8   -0.2
  604    1.8    1.6    1.6    0.5    0.2    0.2    0.0    0.7    1.7    1.8    1.5    1.2    0.3    0.0    0.3    0.5    1.3    1.4    1.2   -0.7    0.1    0.0    0.0    0.3    1.6    1.6    1.6    0.3
  605    2.6    2.7    2.8    0.3    0.4    0.4    0.1    1.7    2.8    2.6    2.0    1.4    1.1    0.4    0.2    1.0    1.7    2.1    1.3   -0.6   -0.9   -0.3   -0.4    1.1    2.1    3.2    2.4    1.1
  606    2.8    2.1    1.8    1.2    0.5    1.2    1.4    2.6    3.5    3.8    3.0    1.9    0.8    1.2    1.2    1.8    3.0    3.7    2.4    1.8    0.7    0.0    0.9    1.3    3.8    3.9    3.1    2.2
  608    4.4    2.9    1.4    2.1    0.5    1.1    1.5    3.0    4.5    5.3    4.3    2.1    0.9    0.7    0.9    3.0    4.0    3.7    1.5    0.6   -1.0    0.9    0.6    3.7    5.0    4.0    1.8    1.5
  610    2.6    3.3    1.3    1.4    0.4    0.4    0.4    1.0    1.6    3.0    2.1    0.7    0.3    0.2    0.2    1.0    2.4    2.9    2.4    0.2   -0.3    0.5    0.1    1.0    2.8    3.6    2.5    0.7
  611    1.9    2.9    2.6    0.8    0.8    0.3    0.6    1.2    2.3    3.2    1.9    1.3    0.9    0.8    0.5    0.7    1.1    1.3    1.6   -0.2    0.9    0.0    0.0    0.5    1.1    2.0    1.9    0.0
  612    1.6    3.0    2.1    0.7    0.3    0.3    0.7    0.9    2.1    2.6    2.0    1.1    0.7    0.4    0.3    0.7    1.7    1.7    2.0    0.6    0.4    0.0    0.2    0.6    1.9    2.4    1.8    0.1
  614    3.1    3.9    2.7    1.6    0.4    0.0    0.5    1.2    3.1    3.4    2.6    1.5    0.8    0.3    0.1    0.9    2.9    3.6    2.7    1.0   -0.2    0.0    0.0    0.8    2.8    3.6    3.0    1.7
  615    2.3    3.7    2.0    0.8    0.5    0.1    0.3    0.9    2.6    2.6    2.8    1.6    0.3    0.0    0.1    0.7    2.5    2.5    2.1   -0.2    0.1    0.0    0.3    0.6    2.3    2.9    2.4   -0.2
  616    3.4    4.8    3.0    1.6    0.8    1.3    1.1    1.8    3.6    5.8    3.1    1.6    0.7    0.8    0.5    1.5    2.8    4.0    3.6    1.2    0.3    0.8    0.0    1.6    3.2    5.2    3.7    1.4
  617    1.8    2.4    2.1    0.5    0.3    0.2    0.5    1.3    2.0    2.5    1.7    0.7    0.5    0.9    0.5    1.6    2.1    1.6    1.4    0.4    0.1   -0.1    0.0    1.2    2.2    1.6    2.1    0.2
  618    2.9    2.5    1.5    0.6    0.2    0.4    0.5    1.0    2.0    2.4    2.0    0.5    0.3    0.2    0.2    0.8    2.3    2.3    2.2    0.2    0.0    0.0    0.0    0.8    2.7    2.7    2.1    0.2
  619    2.3    2.9    1.6    0.3    0.4    0.4    0.5    1.0    1.7    3.0    1.9    0.1    0.4    0.6    0.0    0.6    2.2    2.2    2.2   -0.9   -0.5   -0.2   -0.2    0.7    2.1    2.6    2.6   -0.2
  623    2.4    2.6    2.1    0.9    0.2    0.2    0.2    1.3    2.6    3.1    2.4    0.2    0.6    0.4    0.0    0.6    2.2    2.3    1.2   -0.8    0.0   -0.4    0.0    0.8    2.1    3.0    1.7   -0.2
  624    2.5    3.0    2.4    0.2    0.1    0.3    0.9    1.1    2.7    3.5    2.5    0.9    0.7    0.4    0.3    0.9    2.4    2.5    2.1   -0.7   -0.3   -0.6   -0.3    0.7    2.6    2.8    2.7    0.1
  627    1.9    1.1    1.4    1.3    0.2    0.6    0.7    1.6    3.1    4.2    3.1    1.4    0.6    0.5    0.6    1.0    2.9    3.3    2.9    1.2    0.3   -0.1    0.2    0.9    2.9    4.0    3.6    2.0
  628    2.3    3.9    2.2    1.4    0.8    1.6    0.9    1.4    2.3    3.5    2.9    0.8    0.7    0.6    0.7    1.3    2.0    2.1    2.2    0.3   -1.2    1.1    0.7    1.1    3.1    3.1    3.2    0.7
  630    3.1    4.9    3.4    1.6    0.5    0.4    0.5    1.6    2.7    3.4    1.2    1.4    0.0    0.2    0.0    1.8    2.4    3.3    3.1   -1.0   -1.0   -0.3   -0.2    1.0    2.3    3.8    3.8   -0.4
  634    1.7    2.6    1.5    0.2    0.3    1.2    0.9    1.5    1.8    2.7    1.2    0.3    0.6    1.0    0.9    1.8    1.5    2.9    1.9    0.2   -0.3    0.4    0.0    1.2    1.7    3.0    1.7    0.4
  635    3.4    3.4    3.3    1.8    0.7    0.3    0.3    1.3    2.9    3.4    3.0    1.1    0.6    0.8    0.1    1.1    3.1    3.3    3.1    0.4   -0.2    0.0    0.0    0.9    3.1    4.4    3.5    1.2
  636    2.8    2.9    2.4    0.9    0.8    0.7    0.5    1.1    2.5    2.3    1.8    1.5    0.2    0.2    0.2    0.6    2.1    2.0    1.8   -0.1    0.5    0.0    0.1    0.7    2.6    3.2    1.9    0.1
  642    2.2    2.3    2.6    1.0    0.9    1.0    1.1    1.1    2.0    2.3    1.9    1.3    0.4    0.1    0.4    0.7    1.4    1.9    1.7   -0.6    0.6    0.0   -0.2    0.9    1.8    2.4    2.2    0.5
  651    3.2    4.0    1.8   -1.9   -0.8   -0.6    0.4    1.3    2.4    2.2    2.0    1.2    0.6    0.4    0.5    1.3    1.9    3.2    2.3   -1.0   -1.0   -0.5   -0.9   -0.2    1.0    3.1    1.2   -0.7
  652    2.6    2.2    1.2   -0.1    0.2   -0.1    0.4    0.8    2.0    2.2    1.2    0.6    0.4    0.0    0.2    0.6    1.6    2.1    1.9    0.7   -0.1   -0.2   -0.4    0.1    1.4    2.6    0.9   -0.5
   96    3.8    0.6   -1.0   -1.5   -1.5   -1.4   -0.9   -0.8   -0.5   -0.8   -0.9   -0.8   -0.4   -0.2    0.1    0.6    0.1   -0.1   -0.5   -0.6   -0.4   -0.5   -0.1    0.3    0.5    0.5    0.2    0.8
  661   -3.4   -2.8   -1.6    0.5    0.1    0.4    0.0    0.3    0.7   -2.4    0.6    1.1    2.0    1.7    0.8   -1.5   -3.6   -1.6   -1.0   -0.9   -0.9   -1.7   -0.9   -1.7   -3.0   -1.4    0.1    0.6
  670   -0.5   -3.0   -1.8   -0.4   -0.2    0.1    0.0   -0.3   -0.2   -1.0    0.8    1.7    1.3    2.5    1.1   -0.9   -2.3   -3.5   -0.6   -1.0   -0.6    0.2   -1.6   -2.0   -2.9   -3.2   -0.7    0.7
  671   -1.3   -3.2   -1.7    0.0   -0.1    0.3    0.3    0.1    0.2   -2.2    0.5    1.6    2.3    2.6    1.3   -0.7   -2.2   -3.2   -0.7   -0.5   -0.7    0.0   -1.4   -2.1   -2.9   -2.3   -0.7    0.6
  695    4.6    4.0    2.0   -0.8    0.0   -1.5    1.8    2.5    2.2   -1.5    0.5    0.5    1.8    2.9    1.7    2.0    1.7    2.5    0.8   -4.8   -3.5   -3.6   -3.7   -0.3    1.3    2.2    2.2   -2.8
  699    1.8    1.4    1.5    0.8    0.4    0.1    0.1    0.6    0.8    0.8    0.5    0.4    0.1    0.0    0.0    0.5    0.8    0.7    0.6   -0.3    0.0    0.0    0.0    0.4    1.3    0.9    0.6    0.4
  701    2.4    3.4    2.8    0.1    0.0    0.4    0.2    1.2    2.6    3.4    2.7    1.0    0.6    0.3    0.5    0.1    1.7    2.0    2.7   -0.7   -0.1   -0.2   -0.2    0.5    2.7    3.4    3.4    1.2
  702    2.3    3.3    1.3    0.5    0.7    0.0    0.6    1.3    2.0    2.8    1.9    0.7    0.2    0.1    0.1    1.1    2.2    3.1    2.1   -0.2   -0.1   -0.1    0.0    1.6    2.2    3.5    2.4    0.1
  703    2.2    2.9    2.3   -0.1    0.1    0.1    0.8    1.3    2.2    2.9    2.1    0.7    0.2    0.0    0.2    0.4    2.4    3.2    2.3   -0.1   -0.3   -0.4    0.0    0.4    2.9    3.7    2.8    0.2
  704    2.2    1.5    0.6    1.6    1.3   -0.7    0.4    1.6    1.7    1.7    1.6    1.2    0.8    0.1   -0.1    1.2    1.2    1.2    1.0    0.5   -0.1    0.0    0.0    1.8    1.4    1.3    1.4    1.2
  706    2.3    3.4    2.2    1.2    0.5    0.5    0.5    1.2    2.3    2.8    1.5    0.7    0.5    0.1    0.2    0.7    1.9    1.9    1.1   -1.0    1.0   -0.4   -1.0    1.0    2.5    2.1    1.7    0.3
  709    2.0    2.6    1.5    0.7    1.0    1.1    1.2    1.4    2.5    2.4    1.9    1.2    1.3    1.1    0.8    0.9    1.9    2.4    1.2    1.3    0.6    0.3    0.2    0.5    2.1    2.4    1.5    1.4
  710    2.0    2.5    2.0    1.1    0.6    0.4    0.3    0.6    1.4    1.6    0.8    0.4    0.1    0.2    0.1    0.5    1.2    1.4    0.7    0.0    0.1   -0.1   -0.2    0.4    1.5    1.5    1.5    0.5
  711    3.8    4.5    3.4    1.4    1.0    0.8    0.9    0.7    3.7    4.2    2.5    1.6    0.8    0.9    0.5    0.4    2.8    3.5    2.1    0.4    1.2    1.2    0.3    0.0    3.2    3.2    2.9    1.2
  712    3.1    3.5    2.4    1.5    1.9    1.4    1.2    1.8    2.5    3.2    2.4    1.8    1.5    1.0    0.8    0.7    1.4    2.3    1.5    0.8    0.7    0.8   -0.5    0.3    2.0    0.8    1.7    1.2
  713    2.8    3.0    2.4    1.7    1.1    0.6    0.7    1.5    2.9    3.6    2.9    1.8    1.6    1.0    0.5    1.2    2.1    2.9    1.3    1.2    0.7    0.9   -0.2    0.6    1.8   -0.1    1.7    1.4
  724    2.3    4.1    2.6    1.2    1.6    1.6    1.5    1.3    1.7    1.7    1.1    1.4    0.7    0.4    0.3    0.8    1.1    1.1    1.4    0.2    0.0   -0.1   -0.1   -0.2    1.0    1.7    1.3    1.8
  727    2.2    2.0    1.3    0.4    0.4   -0.1   -0.2    0.3    0.6    0.4    0.1    0.0    0.0   -0.1   -0.2   -0.2    0.2    0.5    0.1   -0.2   -0.2   -0.2   -0.1    0.5    0.6    0.3    0.3    0.3
  730    2.4    2.8    1.9    1.1    0.7    0.4    0.4    1.1    2.0    2.1    1.2    0.5    0.2    0.0    0.1    0.6    1.9    2.0    1.4   -0.8    0.3   -0.2   -0.2    0.3    2.1    2.2    1.8    0.1
  731    3.0    3.3    2.7    1.1    0.8    0.8    0.4    1.3    2.2    2.2    1.4    0.6    0.3    0.2    0.0    0.6    2.0    2.0    1.3   -0.1    0.1   -0.1   -0.1    0.3    2.3    2.4    1.4    0.6
  732    3.3    3.0    2.5    1.0    0.4    1.0    0.8    1.3    2.8    2.0    2.0    1.4    0.8    0.8    0.3    0.6    1.8    3.1    1.8    0.6    0.8    0.3    0.0    0.0    2.1    1.3    2.1    1.3
  733    3.5    3.6    2.0    1.2    1.1   -0.1    1.0    1.1    2.4    3.5    2.3    1.4    0.4   -0.1    0.0    1.1    2.6    3.7    2.8   -0.2    0.2   -0.3    0.1    1.4    2.8    4.4    3.4    0.3
  734    3.6    5.2    2.3   -0.1    1.9    0.6    1.4    1.8    2.9    3.9    3.8    1.2    0.0    0.1    0.4    1.2    2.7    4.1    4.2   -0.3    0.1   -0.5    0.4    1.7    3.5    5.1    5.0    0.0
  736    3.4    5.0    4.1    2.3    2.3   -0.4    1.5    2.7    4.1    5.7    4.6    3.1    1.4   -0.1    0.1    2.4    3.8    5.5    4.3    1.5    0.2   -1.2   -1.0    2.1    3.5    6.1    4.9    3.0
  737    2.4    2.8    1.5    1.0    1.3    0.1    1.2    1.1    2.2    3.1    2.0    0.8    0.3    0.1    0.2    1.1    2.2    3.3    2.0   -0.6    0.2   -0.8   -0.1    1.2    2.0    3.8    2.5    0.5
  738    3.4    3.7    1.9    0.8    1.1   -0.7    0.2    1.6    2.1    1.9    1.1    0.7    0.3   -0.3    0.0    1.1    2.0    1.9    1.3   -0.4    0.0    0.0    0.0    1.0    2.3    2.2    1.8    0.8
  741    2.2    2.5    2.1    0.8    0.4    0.3    0.5    0.7    1.9    1.8    1.0    0.7    0.5    0.2    0.2    0.4    1.7    1.9    1.3    0.0    0.5    0.2   -0.1    0.7    1.8    2.1    2.5    0.5
  745    3.3    4.6    3.1    1.8    1.3    1.1    0.9    1.5    2.9    3.1    2.1    1.7    1.5    1.0    0.5    0.6    2.6    3.2    2.2    0.8    0.7    0.8    0.1    0.4    2.9    3.8    2.0    1.5
  748    3.6    3.8    2.8    2.1    2.1    1.9    1.2    1.7    2.9    3.7    2.5    1.8    1.3    0.9    0.7    0.5    1.4    2.7    1.7    0.8    0.6    0.6   -0.8    0.5    2.2    2.0    2.3    1.5
  751    0.6    1.4    2.0    1.3    1.4    1.3    2.0    3.5    3.3    3.3    2.3    1.7    1.0    0.7    0.7    0.6    1.4    2.2    1.7    0.8    1.1    1.1    1.0    1.4    1.9    2.1    1.8    1.6
  752    2.7    2.9    1.7    0.7    1.1    0.5    0.1    0.6    1.0    1.4    0.5    0.4    0.3    0.2    0.0    0.0    0.6    0.8    0.4   -0.1    0.0   -0.3   -0.1    0.7    1.3    0.8    1.0    1.0
  754    2.5    2.4    1.8    0.5    0.3    0.1    0.2    0.6    0.8    1.1    0.7    0.5    0.1    0.1    0.0    0.4    0.8    1.0    0.8   -0.3    0.0    0.0   -0.1    0.3    1.3    1.4    1.1    0.2
  757    2.1    2.5    1.3    0.1    0.0    0.2    0.1    1.1    1.6    1.8    1.3    0.8    0.0   -0.1    0.1    0.5    1.7    2.0    1.3   -0.2    0.1    0.0    0.0    0.7    2.3    2.5    1.8    0.4
  760    2.2    2.2    1.4   -0.1    0.9    0.3    0.4    1.3    2.5    2.9    1.8    1.0    0.6    0.2    0.3    0.6    1.8    1.8    1.7   -0.3    0.3    0.1    0.0    0.3    2.1    1.8    1.9    0.2
  762    3.3    4.2    2.2   -0.1    0.6    1.0    0.8    1.9    4.0    5.1    3.5    1.6    1.7    1.0    1.0    1.6    3.2    5.1    3.6    0.4    0.5    0.0    0.2    1.6    3.4    4.5    3.8    0.3
  767    4.0    4.1    2.6    2.0    1.3    1.5    1.0    0.8    2.9    3.1    2.6    2.0    1.1    0.7    0.5    0.5    0.0   -3.3    1.0    0.7    0.1   -0.1   -1.1   -1.3   -2.4   -0.6    2.1    1.0
  768    1.4    1.8    1.1    0.6    0.4    0.4    0.5    0.9    1.9    2.0    1.1    1.1    0.5    0.3    0.5    0.5    1.3    1.7    1.0    1.3    0.3    0.1    0.3    0.4    1.6    1.6    1.1    0.5
  769    3.1    2.8    1.6    1.2    0.7   -0.1    0.2    1.1    1.1    1.8    1.2    0.9    0.5   -0.1   -0.1    0.7    1.0    0.9    0.7   -0.1   -0.2    0.0    0.1    1.2    1.6    1.0    0.9    0.5
  770    2.3    2.4    1.8    0.4    0.4    0.6    0.3    0.9    2.1    2.4    1.2    0.5    0.4    0.2    0.1    0.5    1.8    1.8    1.1    0.2    0.4    0.2    0.0    0.7    1.9    1.7    1.5    0.4
  771    2.4    1.7    2.3    1.1    1.6    0.7    0.2    1.1    1.6    2.7    1.8    1.4    1.0    0.1   -0.1    0.6    0.9    1.2    0.9    0.1   -0.2   -0.1    0.0    0.8    1.7    1.0    1.2    1.0
  775    3.1    3.3    2.7    1.4    1.1    0.6    0.8    1.5    2.4    2.9    1.6    0.8    0.3    0.2    0.2    1.6    1.9    1.8    2.0   -0.6    0.3    0.0   -0.1    0.9    2.0    2.3    2.5    0.6
  779    2.2    2.5    1.1    0.4    0.5   -0.2   -0.3    0.3    0.5    0.5   -0.1   -0.1   -0.2   -0.3   -0.2   -0.3    0.2    0.6    0.1   -0.5   -0.6   -0.8   -0.2    0.2    0.5    0.6    0.3    0.4
  780    2.6    2.6    1.6   -0.1    0.5   -0.1    0.4    1.8    1.8    1.9    1.7    1.1    0.6    0.4    0.2   -0.6   -0.1    0.9    0.8    0.4    0.2    1.0    0.0    0.5    0.8    0.6    0.9    1.0
  781    2.1    3.6    3.8    2.1    2.3    2.7    3.7    4.6    4.5    4.6    3.3    2.3    1.5    1.0    0.6    0.8    2.1    3.2    2.3    1.1    2.0    2.6    1.3    1.9    3.0    3.6    3.0    1.8
  782    0.3   -0.2    0.6    0.7    0.8    0.5    1.0    1.5    1.5    1.9    1.3    1.0    0.5    0.4    0.3    0.0    0.6    1.3    1.0    0.4    0.4    0.6    0.6    0.9    0.3    1.2    1.1    0.7
  788    1.2    2.8    2.8    0.9    0.6    0.6    0.4    0.7    1.8    2.2    1.2    0.4    0.3    0.1    0.1    0.5    1.3    1.6    1.2   -0.2    0.7   -0.3   -0.2    0.6    1.1    1.5    2.4    0.7
  789    3.3    1.9    2.2    3.1    2.7    1.0    0.6    2.7    2.9    3.9    3.0    3.2    1.8   -0.1    0.1    2.0    2.3    1.8    1.5   -0.6   -0.7    0.0    0.0    2.2    3.6    1.8    1.8    2.5
  801    3.3    2.6    1.6    0.4   -0.9   -0.5   -1.0   -1.1   -2.3   -2.0   -1.6   -0.7   -0.1    0.0   -0.1    0.4   -1.7   -2.5   -1.7   -0.9   -0.3    0.0   -0.2   -0.3   -0.8   -2.0   -1.2   -0.4
  803    3.3    3.6    1.9    0.5   -0.4   -0.5   -0.7   -1.5   -1.5   -2.9   -2.7   -0.8   -0.4    0.2   -0.1    0.0   -2.1   -3.3   -1.9   -0.2   -0.3   -0.1   -0.1   -0.7   -1.0   -2.3   -1.5    0.0
  804    3.0    2.2   -0.7   -0.7   -0.8   -0.2   -1.0   -1.4   -2.1   -1.7   -1.1   -1.0   -0.1    0.3   -0.1   -1.2   -2.2   -2.1   -0.7   -0.7   -0.3   -0.1   -0.9   -1.2   -2.1   -1.9   -0.1    0.0
  810    1.7    2.5    1.5    0.2    0.0    0.2   -0.5    0.3    2.4    2.9    1.9    0.7    0.7    0.4    0.0   -0.4   -0.7   -1.2   -2.2   -0.6    0.1    0.2    0.0    0.0   -0.6   -2.4   -0.5    0.6
  811    4.0    3.8    2.0    2.2   -0.1   -0.8   -0.5   -0.8   -1.1   -2.9   -1.2   -1.7   -0.4    0.5    0.2   -1.2   -2.0   -2.8   -1.2    0.7    0.8    0.5   -0.6   -0.7   -2.1   -2.6   -1.9    0.6
  812    0.9    0.6    0.3   -0.4   -0.1    0.1   -0.2   -0.1    1.1    1.3    0.7    0.0    0.2    0.3    0.0   -0.3   -1.0   -1.5   -1.5   -0.6   -0.2    0.1   -0.3    0.0    0.6   -1.7   -0.7   -0.1
  813    2.3    1.4    1.2   -0.1   -0.3   -0.4   -0.4    0.7    1.7    1.6    0.8   -0.8   -0.8   -0.2   -0.3   -0.5    0.0   -1.2   -2.1   -0.4    0.0    0.0   -0.5    0.1    0.7   -0.7   -1.3   -0.7
  815    2.3    2.9    1.8    0.9    0.7    1.0   -0.2    0.5    1.8    3.1   -0.6   -0.9    0.4    0.2    0.3    0.6    0.8    1.8   -1.5   -0.6   -0.3   -0.2   -0.4    0.1    0.9    1.8   -1.5   -0.8
  817    3.4    3.2    1.7   -0.9   -0.6   -0.4   -0.5   -1.5   -1.2   -1.7   -1.3   -0.1   -0.1    0.0    0.0    0.0   -1.9   -1.9   -1.8   -0.5    0.0    0.0   -0.3   -0.1   -1.5   -1.8   -0.8    0.0
  822    1.7    2.6    2.8    0.7    0.2    0.6    0.5    1.3    2.5    2.6    2.4    1.4    1.0    0.4    0.5    0.3    1.3    2.1    2.0   -0.8   -0.6   -0.2   -0.2   -0.3   -1.0   -0.2    0.8    0.9
  823    2.4    3.2    2.6    1.7    1.5    0.7    0.7    0.9    3.3    3.2    2.5   -2.1   -1.3    0.5    0.1    0.3    1.6    1.4   -3.3   -1.4    0.0   -0.2   -0.7    0.2    1.3   -1.3   -1.8    0.3
  825    3.4    3.5    3.4    1.3    0.3    0.2   -0.3    1.8    3.2    4.0    2.6    1.1    0.3    1.2    0.4    0.3    0.7   -0.5   -2.1   -0.4    0.4    0.0   -0.9   -0.6    0.9   -2.5   -1.7    1.1
  826    3.9    3.7    2.2    1.1    1.6   -0.2    0.3    1.4    3.7    3.1    1.0   -1.5   -1.0    1.2   -0.1   -0.2    0.8   -2.6   -2.3    0.8   -0.4    0.4   -0.5   -0.5   -1.0   -2.1   -1.0   -0.8
  827    2.9    1.6    1.4    1.2    0.4   -1.4   -0.4    1.2    2.7    2.0    1.1   -2.8   -1.5    0.0   -0.2   -0.4    0.1   -3.2   -4.2   -2.0   -1.2   -0.2   -1.3   -0.1    0.3   -2.8   -1.7   -2.4
  828    1.5    0.4    0.2   -0.5   -0.4   -0.7   -0.3    0.5    0.9    1.1    0.4   -0.1    0.1    0.3   -0.1   -0.4    0.1   -0.9   -2.1   -0.6   -0.1    0.2   -0.7    0.3    0.9   -0.7   -1.1   -0.6
  830    4.5    4.0    0.9   -0.9   -1.0   -0.8   -0.8   -1.3   -2.7   -2.7   -2.1   -0.9   -0.6    0.3   -0.2   -1.2   -2.8   -2.8   -1.3   -0.2    0.0    0.0   -0.8   -1.0   -2.6   -2.4   -0.9    0.0
  832    3.0    3.6    1.9    1.9    1.4    1.4    0.6    1.0    2.7    3.5    2.8   -2.9   -0.7    0.1    0.2    0.5    1.1    1.9   -2.5   -1.5   -0.4   -0.1   -0.4    0.1    1.0    1.2   -1.2    0.8
  834    3.3    3.4    2.8    1.5    1.4    1.6    1.6    2.6    3.3    4.1    3.1   -1.1    1.4    1.4    1.2    1.7    2.5    2.8    1.7   -2.2   -2.1   -1.2   -1.4   -0.4    2.5    3.0    2.0    1.4
  835    2.3    3.7    2.1    0.7   -0.2   -0.2   -0.3    0.5    2.1    2.7   -2.4   -1.0   -0.2   -0.3    0.1    0.6    1.8    1.8   -3.2   -1.4    0.1    0.0   -0.4    0.2    0.7   -0.3   -1.5   -1.0
  836    3.5    3.4    1.6    0.9    0.8    0.0   -0.7    0.8    2.8    2.3   -2.1   -1.9   -1.0    0.0   -0.3    0.2    0.6   -3.1   -2.4   -1.1   -0.8   -0.4   -1.2   -0.3   -0.4   -2.1   -1.5   -0.6
  844    4.3    1.0   -1.9   -1.2   -1.0   -0.4   -0.6   -1.7   -2.7   -0.9   -0.8   -1.0   -0.3    1.3    0.1   -1.5   -2.6   -2.0   -1.3   -0.8   -1.2   -0.2   -0.8   -2.0   -3.4   -2.4   -1.3    0.5
  850    3.4    2.7   -0.3   -0.1   -0.2   -0.8   -0.5   -1.5   -2.6   -1.7   -0.8   -1.8   -0.8   -0.9   -1.7   -2.3   -2.7   -2.4   -1.1   -0.9   -0.8   -1.5   -2.4   -2.6   -3.0   -3.3   -1.9   -0.5
  853    2.5    2.0    1.4    1.2    1.2    0.1    0.1    1.3    2.3    2.0    1.6   -0.7   -0.8    0.5    0.1    0.2    1.1   -1.5   -1.3   -0.3   -0.2   -0.2   -0.7   -0.5    0.9   -1.9   -0.9   -0.6
  871    0.6    0.4    0.5    0.3    0.4    0.0    0.1    0.2    0.4    0.7    0.4    0.2    0.0    0.0   -0.1   -0.1    0.1    0.3    0.5    0.0    0.1    0.1    0.1    0.3    0.3    0.3    0.6    0.3
  875    4.1    2.0   -1.6   -0.9   -0.6   -1.4   -1.2   -1.3    0.0   -2.1    0.5    2.2    0.7    1.3    0.0   -0.6   -1.4    0.0   -0.6   -2.6   -1.8   -0.3   -2.9   -2.3   -2.4   -1.0   -1.7    1.0
  876    0.1   -2.2   -1.1   -0.6   -0.1    0.0    0.0   -0.2   -0.6    0.5    1.5    0.7    1.3    1.6    1.3    0.2   -0.1   -1.7   -1.8   -0.1    1.0    0.5   -0.6   -1.7   -3.5   -3.4   -0.6    0.2
  877    2.5    3.7    1.3    0.7    0.5    0.5    0.4    1.3    1.8    2.9   -1.5    0.7   -0.7   -0.2    0.2    1.0    1.7    2.3    1.9   -1.2   -0.3   -0.4   -0.3    0.6    2.0    2.9    2.1   -0.9
  878    4.6    1.3   -0.3   -1.1   -1.2   -0.9   -1.4   -1.9   -1.8   -1.3   -0.6    0.5    0.9    1.0    0.1    0.2   -1.9   -2.4   -1.6    0.4    0.3    0.6   -1.0   -1.3   -1.9   -1.9   -0.9    0.6
  887    3.1    3.5    1.9    1.2    1.4    1.0    2.0    2.6    4.3    4.2    3.0    2.2    0.7    0.8    1.0    1.7    2.8    2.8    1.6   -0.2    0.9    0.2    0.2    2.2    2.6    4.5    2.0    0.2
  900    3.9    3.5    1.7    0.3    0.2   -0.3   -0.6    0.6    2.7   -0.8   -1.4   -0.9   -0.9   -0.3   -0.5   -0.8   -1.9   -2.3   -1.6    0.2    0.1    0.1   -0.5    0.0   -1.7   -1.8   -0.9    0.0
  901    1.8    2.9    1.6   -0.6   -0.3   -0.3   -0.2   -1.5   -1.8   -1.1   -0.7   -0.2   -0.6   -0.6   -0.7   -1.2   -1.9   -1.3   -1.2   -0.5   -0.4   -0.6   -1.3   -1.4   -2.0   -1.7   -1.3    0.0
  907    0.3    0.9    3.7    1.9    1.6    1.0    0.8    2.2   -0.9    2.6    1.7    0.6    0.5   -0.3   -0.1    0.2   -2.4   -2.6   -3.8   -1.7   -0.5   -0.7   -0.2   -1.5   -1.0   -1.2    0.8    1.7
  908    2.4    2.2    1.6    0.5    0.3    0.4   -0.3    0.7   -0.6   -1.9   -1.4    0.2   -0.3   -0.1   -0.1   -0.4   -2.7   -2.9   -1.6   -0.5   -0.1    0.0   -0.2   -1.2   -2.2   -1.8   -1.7    0.0
  909    3.1    3.9    4.2    4.3   -0.1   -1.4   -3.5   -3.2   -1.4    0.0   -2.0    0.0   -2.0   -2.5   -1.4   -1.6   -4.8   -4.5   -3.5   -3.5   -2.5   -3.0   -4.7   -4.2   -4.6   -2.5   -1.2   -0.6
  912    2.9    3.2    3.2    1.8    1.8    1.0    0.7    1.5    2.9    2.4    2.5    1.8    1.4    0.8    0.6    0.2    1.2    2.7    2.8    2.1    0.0    0.8   -0.1    0.9    2.6    3.3    2.7    2.5
  915    1.2    2.2    2.0    0.8    0.0    0.2   -0.2    0.6    2.6    2.3    1.0    0.8    0.5    0.6    0.0   -0.4   -1.2   -2.5   -0.6   -0.9   -0.4   -0.1   -0.3   -0.1    0.8   -0.3   -0.5    0.8
  917    1.7    0.7    1.8    0.6    0.0   -0.1   -0.1    1.2    1.8    1.5    0.5    0.3    0.2   -0.1   -0.3   -0.3   -0.6   -2.1   -1.3   -0.6   -0.2   -0.3   -0.9    0.1    0.4   -0.3   -0.3   -0.2
  918    3.0    1.9    2.9    0.6    0.3    0.0   -0.1   -0.3    1.9    3.7   -0.3    0.1    0.1   -0.1   -0.3   -1.0   -1.1   -3.3   -2.8   -0.6   -0.2   -0.2   -0.5   -0.8   -1.3   -1.2   -0.1   -0.7
  919    1.9    2.0   -0.6   -0.7   -0.2    0.3   -0.2    0.6    1.1    1.1    1.8   -0.3    0.1    0.6   -0.3   -0.4    0.3   -0.6   -2.9   -0.6   -0.1    0.3   -0.4    0.0    1.2   -0.7   -2.4   -1.1
  920    1.4    1.3    1.9    0.1    0.0    0.2    0.0    0.4    1.6    1.6    1.1    0.1    0.2    0.2    0.0   -0.2   -0.2   -0.9   -2.4   -0.2    0.0    0.1    0.0   -0.1    0.4   -0.6   -1.4   -0.8
  923    3.4    3.5    2.0   -0.8   -0.4   -0.8   -0.8   -1.5   -3.4   -2.6   -0.8   -0.7   -1.4   -0.8   -1.3   -2.6   -3.6   -3.4   -2.1   -0.3   -0.1   -0.3   -1.2   -2.6   -3.0   -2.9   -2.1    0.2
  932    2.6    3.1    2.2    0.6    0.9    0.7    0.8    1.3    2.2    2.7    1.9    0.8    0.7    0.8    0.0    0.1   -0.3   -2.3   -0.2    0.1   -0.3   -0.4   -0.7    0.5    0.9   -0.4    1.2    0.8
  936    1.2    1.9    1.5    0.6    0.1    0.1   -0.3    1.2    2.5    2.0    0.6    0.5    0.2    0.1   -0.1   -0.5   -1.3   -2.7   -1.0   -0.4   -0.1    0.0   -0.3   -0.4    0.9   -0.2   -0.6   -0.3
  940    3.1    3.0    2.1   -0.2   -0.3   -0.8   -1.3   -0.4   -2.2   -2.9   -1.0   -0.8   -1.7   -0.6   -1.0   -1.9   -3.0   -3.5   -1.2    0.2    0.0    0.0   -1.4   -1.6   -2.8   -3.0   -1.6   -0.1
  946    1.9    3.0    1.7    0.4    0.4    0.3    0.2    1.6    2.1    2.7    1.0    1.1    0.4    0.4    0.0    0.5    1.0    2.2    1.0   -0.1   -0.2   -0.5   -0.1    0.7    1.8    3.1    1.3    0.6
  790    5.2    4.6    5.5    4.1    4.4    3.9    3.4    1.7    3.4    4.6    4.1    3.3    2.3    0.9    0.4   -0.1    1.3    0.3    0.6    0.6   -1.2   -1.7   -3.2   -2.6   -3.9   -1.3    3.6    2.8
10111    4.7    3.4    1.9   -0.2   -0.3    0.1    0.8    2.3    3.9    3.4    2.6    1.1    0.6    0.5    1.0    1.4    2.1    1.7    0.8    1.2   -0.1   -0.9   -2.1    1.2    3.0    3.6    0.8   -0.7
10112    4.5    3.5    2.1    0.0   -0.4    0.2    0.9    2.3    3.9    3.4    2.6    1.1    0.7    0.6    1.1    1.5    2.1    1.9    0.8    1.0   -0.7   -1.1   -2.1    1.4    3.2    3.5    0.9   -0.6
10121    4.3    1.9   -2.6   -1.6   -1.8   -1.4   -1.4   -1.8   -1.6   -1.4    0.2    1.0    0.9    0.9    0.0   -1.5   -3.7   -3.5   -0.2   -1.0   -1.0    0.1   -1.4   -1.8   -3.3   -3.0   -1.0    0.6
10122    3.2    1.3   -2.4   -1.3   -1.6   -1.3   -1.3   -1.6   -1.4   -1.0    0.3    1.2    0.8    1.2    0.1   -1.7   -3.5   -3.4   -0.1   -0.9   -0.8    0.2   -1.6   -2.0   -3.4   -3.0   -1.0    0.8
10131    5.7    4.7    0.4   -1.3   -2.1   -1.9   -1.7   -2.2   -2.5   -2.0   -0.6   -0.6   -0.4   -0.6   -0.4    0.3   -2.4   -3.5   -1.2   -0.9   -1.1   -0.7   -0.9   -0.1   -0.6   -1.9   -1.3    0.1
10132    5.5    5.2    1.1   -1.6   -1.9   -1.9   -1.6   -2.3   -2.9   -1.9   -0.3   -0.4   -0.2   -0.5   -0.2    0.6   -3.0   -3.4   -1.3   -0.5   -1.1   -0.9   -0.9    0.5    1.0   -1.6   -1.5    0.0
10141    4.6    4.6    2.0   -0.2    0.7   -0.1    0.8    3.2    3.9    1.3   -1.7    0.8   -0.6   -0.4    0.2    2.6    2.4    2.2    2.7   -1.2   -1.0   -1.1   -1.1    1.3    2.8    3.5    1.6   -0.5
10142    4.5    4.5    2.0   -0.1    0.6   -0.2    0.8    3.2    3.8    0.1   -1.7    0.7   -0.8   -0.6    0.1    2.5    2.3    2.2    2.5   -0.6   -0.7   -0.9   -1.0    1.4    2.8    3.3    1.6   -0.5
10151    3.1    3.8    1.8    1.3    1.4    1.1    2.2    2.5    4.0    3.5    2.7    1.9    0.4    0.2    0.6    1.6    3.0    3.0    2.1    0.0    0.7    0.1    0.9    2.3    2.8    4.9    2.4    0.1
10152    3.2    3.8    1.8    1.3    1.4    1.1    2.2    2.5    4.1    3.6    2.9    2.0    0.5    0.4    0.7    1.7    3.1    2.8    2.0    0.1    0.9    0.3    0.8    2.2    2.8    4.9    2.4    0.1
10161    4.6    3.7    2.5    1.4    1.1    1.2    2.1    3.5    4.2    5.0    3.3   -0.3    0.6    1.0    1.2    2.0    3.1    3.1    1.7   -2.1   -1.8   -1.6   -2.7   -0.1    3.0    3.2    2.3    0.4
10162    4.6    3.6    2.6    1.5    1.2    1.2    2.2    3.5    4.3    5.2    3.2    0.1    0.4    0.9    1.2    2.4    3.2    3.2    1.7   -1.6   -1.7   -1.5   -2.6    0.5    3.4    3.4    2.4    0.7
10171    4.5    4.4    2.1    0.3    0.4    0.8    1.3    3.6    3.9    4.2    0.9    0.9    0.6    0.4    0.6    2.0    2.5    2.4    1.8   -0.4   -0.6   -0.7   -1.8    0.5    2.3    3.4    1.7    0.5
10172    4.2    4.3    1.9    0.3    0.6    0.6    1.4    3.6    3.9    4.3    1.2    0.8    0.5    0.1    0.5    2.1    2.5    2.6    2.0   -0.1   -0.6   -0.8   -1.8    0.5    2.2    3.5    1.5    0.3
10181    4.6    3.5    1.7    1.6    1.5    1.3    0.8    2.5    3.4    3.1    1.8    1.4    0.9    0.6    0.2    0.9    2.8    2.5    1.4    0.1    0.5    0.1   -0.2    1.1    3.6    3.4    1.2    0.8
10182    4.6    3.5    1.7    1.6    1.5    1.3    0.8    2.5    3.4    3.1    1.8    1.4    0.9    0.6    0.2    0.9    2.8    2.5    1.4    0.1    0.5    0.1   -0.2    1.1    3.6    3.4    1.2    0.8
10192    3.8    3.6    1.4    0.6    0.7    1.0    1.1    3.7    4.2    4.2    2.2    1.0    0.5    0.8    1.4    2.0    2.9    3.2    1.0    0.7   -0.2   -0.4    0.2    3.8    3.6    3.5    1.3    1.2
10201    3.5    3.6    0.6   -0.1    1.0    0.3    0.9    3.2    4.2    4.0    2.1    1.0    0.6    0.3    0.7    1.8    3.6    3.2    1.7   -0.4    0.6    0.2   -0.2    2.4    3.9    3.3    1.6    0.3
10202    3.5    3.6    0.6   -0.1    1.0    0.2    0.9    3.3    4.4    4.2    2.2    1.0    0.6    0.3    0.7    1.8    3.8    3.4    1.7   -0.4    0.6    0.2   -0.1    2.4    4.0    3.3    1.8    0.4
10211    3.7    3.9    1.6   -0.1    0.3    0.9    1.5    3.4    4.0    3.9    2.8    2.0    0.9    0.8    0.7    1.5    2.2    2.5    1.8   -0.1   -0.8   -1.0   -0.4    2.8    3.4    3.8    1.9    0.7
10212    3.6    3.9    1.6    0.4    0.6    1.1    1.5    3.3    3.9    3.9    2.7    1.8    0.8    0.7    0.6    1.2    2.2    2.7    1.6    0.2   -0.2   -1.0   -0.8    2.8    3.7    3.9    1.5    0.9
10221    6.5    4.3    1.5    0.9   -1.1   -0.8   -2.3   -2.6   -4.2   -2.8   -3.3   -2.2   -0.6    1.1   -0.5   -1.5   -4.3   -3.5   -1.8   -1.2   -0.5   -0.2   -2.3   -1.9   -2.2   -2.7   -1.3   -0.3
10222    6.7    4.7    2.7    2.5   -0.9   -0.9   -2.3   -2.3   -4.0   -2.9   -3.7   -2.3   -0.9    0.9   -0.7   -0.9   -4.1   -3.6   -2.3   -1.4   -0.9   -0.5   -2.5   -1.8   -1.6   -2.6   -1.6   -0.7
10231    2.0    3.0    1.8    1.3    1.2    1.2    1.6    3.2    3.6    3.3    2.7    1.9    1.1    0.6    0.0    0.0    1.0    2.2    0.5    0.0    0.1   -0.5   -1.2    1.6    2.9    2.6    1.4    1.1
10232    2.0    3.0    1.8    1.3    1.2    1.2    1.6    3.2    3.6    3.3    2.7    1.9    1.1    0.6    0.0    0.0    1.0    2.2    0.5    0.0    0.1   -0.5   -1.2    1.6    2.9    2.6    1.4    1.1
10241    4.9    4.3    1.8    0.1   -0.2    0.9    0.4    1.2    3.9    3.5   -1.3    1.2    1.2    1.2    0.7    1.6    2.3    2.0   -2.2   -0.6   -0.5   -0.1   -1.7   -0.1    1.6    0.9   -1.9   -2.1
10242    4.9    4.5    2.2    0.2    0.0    0.9    0.7    1.9    3.9    3.6   -1.7    1.1    1.0    1.0    0.6    1.7    2.4    2.1   -0.8   -0.7   -0.6   -0.3   -1.6   -0.1    1.8    1.5    0.2   -0.6
10251    2.3    2.9    1.4    0.7    0.3    0.6   -0.4    1.7    3.5    2.8    3.1    1.5    0.9    0.6    0.0   -1.0   -0.6    0.5    0.2   -1.4   -0.9   -0.1   -1.2    0.5    1.3   -1.4   -1.7   -0.4
10252    1.2    2.4    1.0    0.2   -0.5   -0.1   -0.8    0.3    3.1    2.5    2.9    0.8    0.9    0.6   -0.3   -1.4   -1.4   -0.9   -1.6   -1.7   -0.9    0.2   -1.0    0.5    0.9   -2.1   -1.5   -0.3
10261    2.0   -0.5    0.7    1.1    1.6    0.4    0.7    0.9    2.3    2.5    1.4    1.1    0.8    0.3    0.0   -0.2    0.5    1.4    1.1    0.3    0.6    0.5    0.3    0.8    0.6    1.1    1.3    1.3
10262   -0.4   -0.9    0.2    1.4    1.6    1.1    1.8    2.3    3.5    3.5    2.5    1.9    1.3    0.8    0.5   -0.1    0.9    1.9    1.6    1.0    1.2    1.3    0.8    0.5   -0.5    1.9    1.7    1.8
10272    2.5    1.8    1.5    1.4    1.7    0.4    0.1    1.1    2.0    2.1    0.9    0.6    0.3   -0.1   -0.3   -0.3    0.6    1.3    0.9   -0.1    0.2    0.1    0.3    1.0    1.5    0.9    1.1    1.2
10281    3.9    4.1    1.2    1.0    1.0    1.1    0.8    2.7    3.9    3.5    1.7    1.0    0.6    0.0    0.5    1.2    2.7    3.3    1.0   -0.5    0.7   -0.1   -0.3    2.4    3.2    3.7    1.0    1.1
10282    3.9    4.1    1.2    1.2    1.1    1.1    0.8    2.8    3.9    3.4    1.7    0.9    0.6    0.0    0.5    1.4    2.9    3.3    1.0   -0.5    0.7   -0.2   -0.2    2.4    3.4    3.7    1.1    1.4
20111    5.4    4.0    1.3    0.4   -0.4    0.5    1.2    3.1    3.5    2.5   -0.1    0.5    0.8    0.7    0.6    1.9    2.7    2.6    0.7   -1.0   -1.0   -1.3   -1.4   -0.4    1.5    3.1    1.0   -0.8
20121    5.0    3.9    2.7    0.7   -0.1    0.2    0.7    2.8    4.3    3.7    2.6    1.0    0.9    1.0    1.5    2.4    3.0    4.0    0.6    0.0   -1.1   -1.3   -1.4    1.7    4.2    4.4    0.7   -0.6
20131    4.2    3.2    2.7    0.5   -0.6   -0.7    1.1    2.6    5.2    4.0    3.1    1.3    1.0    1.0    1.4    2.4    4.1    3.9    0.1    1.3   -0.6   -1.5   -1.7    3.0    4.3    3.5    0.8   -1.1
20141    6.1    4.8    2.2    0.8   -1.1   -0.9   -1.8    0.7    2.7   -2.7   -2.5    0.1    0.5    0.4    0.0    1.8    3.0   -3.2   -2.9   -1.0   -0.5   -0.8   -1.0    1.4    2.1    2.4   -0.6    0.0
20151    4.3    3.1    1.4    1.0    0.4    0.5    1.7    3.0    4.0    4.1    3.5    2.2    1.7    1.5    1.7    2.5    3.7    2.9    1.8    0.7   -0.6    0.7    0.4    1.9    4.6    4.1    2.4    1.0
20161    3.5    4.0    2.0    0.4    1.3    0.9    2.1    3.0    3.8    3.4    2.4    1.8    0.1    0.3    0.5    1.6    2.4    3.4    1.9   -0.2    0.7    0.2   -0.2    2.4    3.4    4.0    2.3    0.3
20171    3.3    4.1    1.2   -0.2    0.1    0.8    1.2    3.2    4.0    3.7    2.4    1.1    0.3   -0.2    0.5    1.8    2.8    4.0    1.9   -0.2   -0.4   -0.9    0.0    3.2    3.7    4.5    1.9    0.9
20181    3.5    3.7    0.9   -0.3    1.5    0.5    1.2    2.6    5.1    4.8    2.5    1.1    0.9    1.0    1.1    1.9    4.3    4.9    2.1    0.4   -0.4   -0.9   -0.2    2.5    4.4    4.7    2.3    0.3
20191    4.4    1.9    0.5    1.6    1.2   -1.0    0.4    3.6    3.7    3.6    2.9    2.2    1.1   -1.1   -0.2    3.0    3.0    2.1    2.1   -0.2   -0.7   -0.5   -0.1    3.2    3.4    2.3    1.8    1.8
20201    3.9    4.1    1.2    1.0    1.0    1.1    0.8    2.7    3.9    3.5    1.7    1.0    0.6    0.0    0.5    1.2    2.7    3.3    1.0   -0.5    0.7   -0.1   -0.3    2.4    3.2    3.7    1.0    1.1
20211    3.4    3.5    2.0    1.2    1.1    1.4    1.3    2.3    3.4    3.5    2.5    2.0    1.2    0.8    0.8    0.9    1.4    2.5    1.4    0.7    0.7    0.6    0.1    1.8    2.6    3.0    1.2    1.0
20221    5.7    4.6    4.6    2.8    2.7    2.2    1.7    2.1    4.3    5.1    4.4    3.1    2.4    0.6    0.8    0.6    0.5   -0.9    1.9    0.9    0.2   -0.2   -2.7   -2.3   -1.6   -0.6    1.8    1.8
20231    4.8    3.0    1.8    2.3    2.1    1.6    1.8    3.5    4.4    3.6    2.1    1.9    1.1    0.7    0.3    2.7    4.0    3.0    1.8    0.0    0.4    0.2   -0.1    1.2    3.4    3.2    1.3    0.9
20241    4.8    3.4    2.0    2.4    2.2    1.7    2.0    3.4    4.4    3.7    2.3    2.0    1.3    1.1    0.5    2.3    4.1    3.3    2.1    0.4    0.8    0.6    0.2    0.9    3.0    3.5    1.5    1.1
20251    4.7    3.0    1.0    0.2   -0.2   -0.7   -1.2    1.6    3.5    3.3   -2.6   -1.9   -2.5   -0.7   -1.5   -1.6   -1.3   -4.1   -1.8   -0.2    0.0    0.0   -2.6   -0.9   -1.3   -2.0   -1.0   -0.4
20261    5.5    4.8    2.2    0.9   -1.1   -0.9   -1.6    0.2    0.5   -5.6   -3.2   -1.1   -0.5   -1.0    0.5    1.9    2.1   -4.5   -3.2   -1.3   -0.4   -0.4   -1.4    0.1    0.2   -3.0   -1.8   -1.0
20271    4.2    3.8    3.6    1.0    0.8    1.0    2.7    3.6    4.2    4.2    4.0    1.7    1.1    1.1    1.6    1.3    2.5    2.7    2.2    0.6   -0.2   -0.5   -2.1   -1.3   -0.2    3.1    2.9    1.4
20281    3.4    3.1    2.5    0.6    0.0    0.7    0.1    2.8    3.8    3.3    3.8    1.7    1.1    1.2    0.8   -0.3    0.2    1.6    1.1   -1.6   -0.3    0.2   -1.5   -0.7   -0.7   -1.7   -0.4    1.3
20291    4.6    3.5    2.2    1.5    1.3    0.1    0.3    1.9    4.2    3.2    3.5   -1.8   -0.9    0.7    0.1    0.2    1.0   -1.9   -3.2    0.1   -0.1   -0.1   -1.7   -0.7    0.2   -3.8   -2.1   -1.1
20301    2.8    0.8    1.2    1.2    0.9    0.5    0.0    2.0    2.3    1.1    1.1    0.9    0.5    0.0   -0.5   -0.5   -0.4   -3.5   -1.1   -0.1    0.0   -0.2   -0.8   -1.1   -0.5   -0.7   -0.6   -0.7
30111    5.2    4.2    2.2    0.3    0.0    0.3    0.8    3.1    4.2    3.7    1.2    0.9    0.8    0.6    1.0    2.4    2.7    2.0    0.6   -0.7   -0.7   -1.0   -1.5    0.8    2.6    4.3    0.7   -0.8
30121    5.4    4.0    1.0    0.3   -0.5    0.3    1.3    3.1    3.5    1.7    0.6    0.4    0.7    0.7    0.5    1.9    2.8    2.6    0.7   -0.9   -1.0   -1.2   -1.2   -0.3    1.5    2.9    0.8   -0.9
30131    4.5    4.4    1.8   -1.1   -0.8   -0.6   -0.2    3.4    1.7   -3.2   -0.9    0.6   -1.2   -1.2   -0.5    2.2    2.3   -2.1   -1.9   -1.2   -1.0   -1.2   -0.8    1.5    3.0    2.7    0.2   -0.6
30141    3.6    3.9    1.6    0.7    0.8    1.0    1.6    3.6    3.9    3.9    2.6    1.6    0.7    0.4    0.8    1.4    2.5    3.2    1.7    0.6   -0.3   -0.9   -1.4    3.4    3.7    3.9    1.6    1.1
30151    3.0    3.8    0.7    0.0    0.2    0.6    0.8    2.6    4.1    4.1    2.3    1.4    1.1    0.7    1.0    1.6    2.9    3.5    1.6   -0.1    1.2   -0.1   -0.3    2.0    3.5    3.7    1.3    0.1
30161    2.5    0.9    0.6   -0.5   -0.8   -0.9   -0.8    1.5    1.9    2.0    2.8    0.2   -0.7    0.3   -0.5   -0.4    0.8    0.3   -2.9   -0.6    0.0    0.2   -1.1    0.5    1.2   -0.1   -1.0   -0.9
30171    4.4    2.9    0.6    0.3   -0.1   -0.7   -1.0    1.1    3.5    0.6   -2.4   -1.6   -2.3   -0.6   -1.6   -1.9   -2.0   -4.2   -1.4    0.1    0.2    0.2   -2.7   -1.5   -2.1   -2.0   -0.8   -0.3
30181    4.4    2.6    0.9    0.1   -0.3   -0.7   -1.3    1.7    3.4    2.5   -2.1   -2.3   -2.5   -0.7   -1.5   -1.4   -1.1   -3.7   -1.9   -0.3    0.0   -0.1   -2.4   -0.6   -0.7   -1.9   -1.0   -0.5
30191    2.1    1.2   -0.8   -0.5    0.1    0.8   -0.3    1.3    1.2    1.2    2.3    0.0    0.0    0.4   -0.5   -0.6    0.6    0.2   -2.8   -0.4    0.0    0.3   -0.4    0.3    1.5   -1.3   -1.4   -0.8
30201    3.5    3.5    1.9    1.1    1.1    1.4    1.7    3.2    3.8    3.5    2.7    2.4    1.0    0.7    0.9    0.6    1.8    2.4    1.3    0.2   -0.4   -0.8   -0.6    2.3    3.3    3.6    1.5    1.0
30211    2.5    3.2    2.5    1.5    1.2    0.8    0.8    2.7    3.8    2.9    3.1    2.5    1.5    1.3    1.0   -0.3   -0.6   -0.1    0.6   -0.3   -0.4    0.2   -0.4    0.6    0.7   -0.2   -0.4    1.2
30221    0.6    1.9    1.6    1.1    1.1    1.0    0.4    2.1    3.4    2.9    3.1    2.3    1.4    1.0    0.0   -0.5   -0.5    0.1   -0.2    0.2    0.2    0.2   -1.0    0.6    1.2    0.1    0.2    0.6
30231    2.3    1.9    1.5    0.9    0.4    0.1   -0.4    1.1    2.5    2.8    1.1    0.5    0.2    0.0   -0.5   -0.9   -0.8   -1.9   -1.5   -0.6   -0.1    0.1   -0.4   -0.7    1.0   -0.9   -0.5   -0.9
30241    0.3    1.9    1.4    1.1    0.8   -0.3    0.1    0.8    1.8    2.7    0.8    0.4    0.0   -0.2   -1.1   -1.5   -2.0   -1.8   -1.0   -1.1   -0.5   -0.2   -1.8   -0.2    0.2   -0.8    0.8    1.1
30251    2.8    3.8    4.1    2.0    1.9    0.9    0.7    0.6    3.4    4.1    3.7    1.3    1.0   -0.5   -0.7   -1.7   -1.8   -1.9   -0.1   -1.6   -0.5   -0.5   -2.5   -2.7   -2.1   -0.6    0.8    1.7
40111    4.9    3.5    1.7   -0.3   -0.1    0.0    0.8    2.4    3.9    3.4    2.5    1.0    0.6    0.4    1.0    1.5    2.1    1.5    0.9    1.2    0.2   -0.7   -1.9    1.0    2.8    3.7    0.7   -0.7
40121    5.1    3.4    1.3   -0.5    0.6   -0.1    1.1    2.5    4.0    3.8    2.4    0.8    0.5    0.8    0.9    1.5    1.8    1.1    1.5    0.5    0.0   -0.9   -1.1    0.5    2.3    2.7    0.8   -1.0
40131    5.5    4.0    1.3    0.2   -0.5    0.4    1.4    3.1    3.8    3.7    0.6    0.7    0.9    0.8    0.9    2.2    2.8    2.3    0.8   -0.4   -1.1   -1.3   -1.4   -0.2    1.8    3.2    0.9   -1.0
40141    4.9    4.2    1.9    0.5    0.2    0.7    1.0    2.8    3.3    2.3   -2.3    0.9    1.0    0.8    0.2    2.1    2.7    2.5    1.2   -0.9   -0.8   -1.0   -1.3    0.9    2.2    4.0    1.6   -0.8
40151    4.7    3.5    2.8    0.5   -0.5   -0.4    0.8    2.4    4.6    3.7    2.8    0.9    0.9    0.9    1.5    2.2    3.5    4.5    0.4    0.6   -1.1   -1.6   -1.7    2.4    4.4    3.9    0.7   -0.7
40161    2.6    2.5    2.1   -0.6    2.5    1.9    2.7    3.5    4.0    3.5    4.0    2.4    2.1    2.1    1.9    2.2    4.6    2.1    3.9    2.8    1.8    1.0   -0.7    2.8    5.0    4.6    2.8    2.4
40171    4.3    3.6    0.6   -0.8   -0.4   -0.8   -1.0    1.4   -2.6   -2.8   -0.2   -0.2   -0.7   -0.9   -0.4    0.6    0.9   -1.0   -0.9   -0.5   -0.7   -0.4   -0.7    0.1    1.6    1.2   -0.8   -0.8
40181    4.5    3.8    1.7   -0.1    1.1   -0.3    0.5    2.3    2.7   -3.5   -0.6    0.5    0.2   -1.1   -0.6    0.4    1.0    1.4   -1.3    0.1   -0.9   -0.6   -1.0   -0.2    1.2    1.7    2.0   -0.1
40191    4.4    3.9    1.8    0.3    0.7    0.3    0.8    2.5    3.1   -3.8   -0.9    0.7    0.0   -0.4   -0.1    1.4    1.8    2.2    1.2   -0.8   -0.6   -0.6   -0.9    0.4    1.7    2.9    2.0   -0.3
40201    4.8    4.8    2.6   -1.0   -0.8   -0.6    0.3    3.5    3.9   -3.1   -1.4    0.4   -0.8   -0.9   -0.4    2.6    2.8    2.0   -2.8   -1.5   -1.3   -1.2   -1.0    1.7    2.9    2.5    3.0    0.0
40211    5.1    4.7    1.5   -0.1   -0.8   -1.2   -1.6    1.7    0.4   -3.3   -0.9    0.5    0.0   -0.4   -0.4    1.8    2.1   -4.1   -1.5   -0.2   -0.8   -0.6   -0.7    1.3    2.7    2.8    0.9   -0.2
40221    5.1    1.7   -1.0   -1.3   -1.4   -0.6   -1.5   -2.2   -1.5   -0.5    0.1    0.8    1.2    1.0    0.6   -0.2   -1.8   -2.6   -0.7    0.6    0.7    0.9   -0.7   -2.0   -4.1   -2.9   -1.2    1.0
40231    4.5   -1.1   -1.5   -0.9   -1.1   -0.2   -1.0   -1.7   -1.2    0.2    0.5    1.2    1.4    1.4    0.9   -0.4   -1.2   -2.2   -0.2    1.3    1.2    1.2   -0.5   -2.6   -4.3   -2.8   -0.8    1.0
40241    3.9    3.7    2.4    1.9    0.7    1.2    2.2    3.5    4.7    5.0    3.7    2.1    2.0    1.9    2.4    3.0    3.3    2.1    2.0    1.4    0.2    0.4    0.5    2.0    4.2    4.1    2.5    0.9
40251    3.9    4.0    3.2    0.7    0.9    1.1    2.3    3.5    4.2    4.0    3.3    2.3    1.1    1.0    1.4    1.7    2.3    2.3    2.0    0.3   -0.8   -1.0   -1.3    2.3    2.9    3.9    2.7    1.1
40262    3.8    3.6    1.5    0.9    0.8    0.8    1.4    3.7    4.1    3.9    2.2    1.0    0.2    0.3    0.7    1.5    2.6    2.9    1.1    0.5   -0.7   -1.0   -0.4    3.9    3.8    3.6    1.4    1.1
40271    3.7    3.5    2.3    1.4    1.1    1.1    1.5    3.6    3.8    3.7    3.0    2.0    1.1    0.9    1.0    1.3    1.3    2.2   -0.3    1.3    0.4   -0.1   -0.9    1.6    2.5   -0.2    0.8    1.3
40281    4.4    2.2    1.8    2.6    2.6    2.1    1.2    2.6    3.4    3.4    2.4    3.0    1.5   -0.1   -0.5    2.0    2.7    2.1    1.3   -0.6   -0.5   -0.5   -0.5    0.5    3.4    2.5    1.7    2.5
40291    1.5   -2.8   -5.5   -3.9   -2.8   -2.5   -3.0   -4.1   -5.4   -4.8   -1.9   -1.5    1.0   -0.3   -1.3   -0.1   -1.5   -2.4   -2.8   -3.5   -2.9   -1.8   -0.6    0.0   -0.2   -0.8   -0.3    2.2
40301    5.3    0.1   -2.1   -1.8   -1.9   -1.0   -2.0   -3.1   -2.7   -2.0   -2.1   -0.7   -0.2    1.0   -0.7   -2.3   -3.7   -2.8   -2.2   -1.4    0.0    1.0   -1.5   -2.3   -3.3   -2.2   -0.7    1.3
40311    5.3    2.8   -0.8    0.1    0.1   -0.6   -0.5   -1.6   -3.0   -2.7   -1.7   -2.1   -0.4    0.5   -0.1   -3.2   -3.3   -3.0   -0.1    0.8    1.2    1.4   -2.0   -3.0   -3.7   -2.7   -0.7    0.6
40321    4.0    1.7   -0.8    0.4    0.0   -0.4   -1.0    1.8    3.5    0.7   -1.6   -1.3   -1.9   -0.1   -1.3   -1.3   -0.9   -4.1   -1.0    0.2    0.2    0.0   -2.0   -0.4   -1.7   -2.2   -0.7   -0.6
40331    0.9    2.8    1.9    1.1    0.9    0.6    0.1    2.2    3.5    2.7    3.2    2.5    1.5    1.3    0.5   -0.5   -0.8   -0.7   -0.2   -0.6   -0.4    0.3   -0.6    0.2    0.5   -1.6   -1.3    0.4
40341    0.8    0.7   -0.3    0.3    0.5    0.8    0.2    1.3    1.9   -0.9    0.6    0.5    0.6    0.7   -0.5   -0.6   -0.6   -2.2   -2.2   -0.2    0.3    0.6   -0.1   -0.8   -0.9   -1.4   -0.3   -0.6
40351    4.0    3.5    1.1   -0.6   -0.5   -0.9   -1.7   -1.2   -3.9   -3.1   -0.7   -1.6   -2.6   -1.0   -2.1   -3.7   -5.0   -3.8   -0.7    0.1    0.0   -0.1   -2.1   -3.1   -3.4   -2.3   -0.6    0.3
40361    3.8    2.4   -0.6    0.5    0.1   -0.8   -1.6    0.8    1.9   -3.9   -1.3   -1.2   -2.5   -0.6   -1.6   -2.2   -3.2   -3.7   -0.7    0.4    0.2    0.2   -2.1   -1.9   -2.8   -2.4   -0.3   -0.2
