2016032212+000HOUR     2016032221LST
STNID     6H     9H    12H    15H    18H    21H    24H    27H    30H    33H    36H    39H    42H    45H    48H    51H    54H    57H    60H    63H    66H    69H    72H    75H    78H    81H    84H    87H
STNID 032303 032306 032309 032312 032315 032318 032321 032400 032403 032406 032409 032412 032415 032418 032421 032500 032503 032506 032509 032512 032515 032518 032521 032600 032603 032606 032609 032612LST
47003    2.0    1.6    4.0    6.5    8.0    6.4    3.9    2.2    1.5    1.4    3.9    5.3    4.8    3.3    1.5   -0.1    0.3    1.0    4.8    7.3    7.7    6.5    4.7    3.1    3.3    2.4    6.9    8.4
47005  -11.7  -12.1   -7.7   -5.0   -3.9   -5.4   -9.1  -10.8  -12.5  -12.9   -7.6   -4.4   -3.3   -4.8   -8.7  -11.5  -13.5  -14.0   -6.8   -2.2   -0.5   -1.6   -7.2   -9.4  -10.3  -10.6   -4.2    1.0
47008    3.0    2.4    5.7    7.5    8.1    6.7    4.4    3.4    2.4    1.8    5.3    5.8    4.8    3.8    2.2    1.4    1.0    1.2    5.8    7.8    8.2    7.0    5.7    4.9    4.5    4.2    8.7   11.1
47014   -2.3   -3.1   -0.5    2.1    4.3    3.1   -0.3   -1.1   -2.3   -3.1   -0.8    3.4    4.9    3.8   -0.2   -1.3   -2.5   -2.9   -1.0    4.0    8.2    6.9    1.1   -1.0   -2.2   -2.5    0.1    7.2
47016   -3.2   -3.8   -2.2    0.2    0.7    0.2   -1.4   -3.8   -4.7   -4.4   -2.8    0.8    1.7    0.9   -1.4   -3.9   -5.1   -6.4   -4.1    2.1    4.1    3.3   -0.2   -2.8   -3.7   -4.8   -2.1    4.9
47020   -0.1   -1.3    0.7    3.7    4.8    3.9    1.4    0.0   -1.2   -2.3   -0.3    3.6    6.0    5.1    1.5    0.1   -1.1   -1.9    0.2    4.9    8.0    8.0    3.8    1.4   -0.4   -1.4    1.4    7.5
47022   -5.1   -6.3   -4.3   -1.9   -1.0   -2.4   -4.3   -5.4   -6.9   -8.0   -4.4   -1.3   -0.2   -1.8   -4.5   -6.3   -8.7   -9.4   -5.4    0.5    2.5    1.3   -2.2   -3.5   -5.1   -6.4   -2.3    3.8
47025    1.3    1.5    5.8    6.8    5.6    4.8    2.8    2.1    0.8    0.3    5.1    5.6    4.4    3.4    2.4    1.1    0.0   -0.4    4.9    6.5    6.9    5.8    2.9    1.5    0.7    0.9    6.8    9.6
47028    1.1   -0.6    2.1    7.0    7.2    6.4    3.6    0.7   -1.3   -2.4    1.2    7.0    9.1    8.0    4.3    1.2   -1.0   -2.1    1.7    7.0    9.6   10.0    5.3    1.9   -0.1   -2.2    1.6    9.5
47031   -5.1   -7.1   -6.1   -1.2   -0.4   -2.4   -4.8   -6.5   -7.7   -9.0   -6.2   -0.9    0.3   -1.2   -4.4   -6.9   -8.2   -9.9   -8.3   -1.3    2.1    0.6   -2.6   -5.1   -5.8   -6.4   -4.4    2.4
47035    2.9    1.5    3.9    8.2    8.4    7.5    4.8    2.7    0.9    0.0    3.1    8.0   10.5    9.3    5.8    3.1    1.0   -0.1    3.6    8.4   11.1    9.7    6.5    4.1    1.5   -0.2    3.5   10.7
47037    3.0    1.4    4.7    8.3    8.6    6.8    3.4    1.2    0.0   -0.7    3.7    8.4   10.5    8.5    4.0    2.1    0.6    0.1    4.4    9.0   11.8    9.8    4.7    2.4    0.7   -0.3    4.8   11.3
47039    1.2   -0.2    2.7    7.4    7.8    6.3    3.6    0.1   -1.3   -1.7    1.4    8.4    9.7    7.9    4.0    1.1   -0.9   -1.8    1.7    7.4   10.8    9.7    5.2    1.3   -0.2   -1.4    2.1   10.1
47041    0.6   -0.4    4.1    7.8    7.4    6.3    3.5    2.2    0.2   -0.7    3.9    8.4    8.3    6.0    3.4    1.1   -0.3   -0.9    3.2    7.9    9.1    7.1    4.1    2.0    0.8    0.0    4.9   11.3
47046    2.0    2.0    4.2    6.1    6.2    5.3    3.5    2.6    1.4    0.7    4.1    5.9    6.2    5.0    3.0    2.2    1.2    0.3    3.7    5.9    6.6    5.7    3.7    2.5    1.5    0.9    4.8    8.2
47050    4.3    2.6    4.5    7.8    8.5    8.4    5.3    2.6    1.0    0.1    3.4    7.5   10.1    9.5    6.1    3.2    1.1   -0.9    2.5    7.6   10.3    9.7    5.9    2.9    0.6   -0.6    2.6    9.1
47052   -0.7   -1.7    3.1    6.0    7.9    6.8    2.3   -1.5   -3.4   -4.6   -0.8    5.9    8.3    8.0    2.6   -0.1   -1.7   -2.2    1.1    6.1    7.6    7.2    3.0   -0.6   -2.4   -3.1    1.0    8.6
47055    2.9    2.0    4.4    6.0    7.0    6.9    4.7    3.6    2.6    1.7    5.2    7.7    8.3    7.2    4.2    3.5    2.6    2.1    3.7    6.4    6.9    7.9    6.5    4.7    3.3    2.5    6.4   10.1
47058    4.0    3.1    4.8    8.2    9.9    8.6    5.1    2.9    1.2   -0.1    3.4    8.1   10.2    8.5    5.0    3.1    0.7   -0.8    2.9    8.2   10.5    9.2    4.9    2.4    0.1   -0.6    3.1    9.5
47060    5.4    4.1    5.2    7.6    9.0    7.7    5.2    3.7    2.9    1.9    4.2    7.2    8.8    7.3    4.5    4.0    2.4    0.5    3.3    7.5    9.5    7.6    4.2    3.7    2.2    1.1    4.8    9.3
47061    3.2    3.0    4.3    4.6    4.9    5.1    3.2    2.8    3.2    2.3    5.3    6.5    6.6    5.6    4.3    3.3    3.0    2.3    4.0    4.9    6.0    5.8    5.1    3.9    4.4    3.0    7.0    9.2
47065    4.5    2.7    4.9    8.4   10.0    7.8    5.2    3.2    1.4   -0.3    2.9    7.9   10.1    8.1    4.4    2.5    0.7   -1.0    2.0    7.9   10.7    8.5    4.5    2.6    0.6   -0.1    3.6    9.9
47067    3.5    1.4    4.5    8.6   10.6    9.3    5.9    3.1    0.5   -1.7    1.4    7.0   10.2   10.0    5.9    2.7    0.3   -1.3    2.2    7.0    9.3    9.5    6.1    3.3    0.5   -1.1    1.8    8.7
47068    4.4    3.6    5.3    7.9    8.4    7.1    4.7    3.6    2.0    1.4    4.1    7.7    8.2    7.2    4.2    3.4    1.2    0.7    3.5    8.2    9.2    7.1    3.2    2.2    1.1    0.3    4.6   10.5
47069    7.1    4.8    6.3    9.4    9.7    8.6    5.9    4.5    3.3    2.1    4.4    8.7   10.4    9.0    5.2    3.7    3.2    1.8    4.4    8.8   10.3    9.4    5.5    3.6    2.2    1.7    4.6   10.0
47070    5.0    3.0    6.2   10.4   11.2    9.0    6.0    4.2    2.5    0.6    3.8    8.7   11.2   10.0    6.1    3.8    1.5   -0.8    3.9    8.5    9.9    8.7    5.1    3.6    1.5    0.0    3.7    9.5
47075    1.6    0.0    3.5    7.0    6.9    4.8    2.0    0.2   -1.7   -3.4    1.3    6.1    8.8    7.6    3.9    1.6    0.0   -1.3    1.8    5.2    6.9    6.4    3.1    1.0   -0.5   -2.1    2.0    7.6
47090    4.5    3.6    4.9    5.4    4.8    4.1    2.7    1.9    2.5    2.4    6.0    7.1    6.9    6.1    4.2    3.4    3.0    2.3    5.5    6.5    6.7    6.0    4.2    4.1    3.7    3.8    7.7    9.9
47095    2.0   -0.2    4.7    9.2    9.6    6.4    2.9    0.6   -1.8   -3.6    1.9    8.0   10.3    9.3    5.1    1.3   -0.8   -2.2    2.6    7.1    9.4    8.2    4.3    1.4   -1.0   -2.0    2.9    9.1
47098    4.3    1.6    6.2   11.7   13.1    8.8    5.5    3.5    0.7   -1.4    3.5    9.7   12.3   10.1    6.5    3.4    1.0   -1.4    4.1    9.8   11.3    8.6    4.9    2.8    0.9   -0.8    3.8   10.4
47099    3.0    1.3    6.0   10.9   11.8    9.4    5.5    2.9    0.3   -1.9    3.7    9.1   11.5   10.1    5.5    2.3   -0.1   -2.0    3.5    8.9   10.6    8.4    3.8    1.9    0.1   -1.6    3.4    9.8
47100   -0.3   -1.2    0.9    1.4   -0.1   -1.8   -2.2   -3.3   -6.1   -7.3   -2.0    2.6    2.0   -0.3   -2.1   -2.9   -4.6   -4.9   -1.7    1.9    2.0   -0.2   -1.3   -2.7   -3.8   -4.3    0.7    4.9
47101    4.0    2.1    5.1   10.5   10.9    6.3    4.5    1.7   -0.5   -1.8    1.3    8.4   11.7   10.7    6.4    2.9    0.7   -0.9    2.2    7.5   10.6    9.9    6.9    3.3    0.7   -1.0    2.1    9.2
47104    4.9    4.1    5.7    4.9    4.4    3.1    2.4    2.3    1.4    1.4    5.1    6.9    6.8    5.3    4.0    3.0    2.1    1.9    4.8    6.0    6.5    5.1    3.7    3.6    3.6    3.5    7.8    9.6
47105    5.5    4.5    5.7    5.8    5.1    4.1    2.7    2.5    1.1    0.9    4.8    7.5    7.6    6.1    4.5    2.9    2.1    1.7    4.4    6.5    7.2    6.0    4.2    3.7    3.8    3.5    7.6   10.0
47106    7.4    6.3    7.6    6.8    5.8    5.0    4.0    4.4    3.6    3.1    6.5    7.4    7.5    6.7    5.7    4.4    3.8    3.3    5.7    6.6    7.3    6.4    5.0    4.4    4.4    4.2    8.8   10.0
47108    5.8    4.5    6.1   11.0   12.3   10.0    5.9    4.6    2.8    1.5    4.4    9.3   11.1    9.3    6.4    4.4    3.0    1.5    4.5    9.3   10.5    8.2    5.1    3.9    2.4    1.1    4.5    9.8
47112    6.2    5.2    6.6   10.0   10.7    9.2    6.1    5.2    3.9    2.6    4.9    8.1    8.7    8.0    6.4    4.8    4.0    2.8    4.8    7.3    8.3    7.0    5.0    4.8    3.7    2.6    4.8    8.2
47114    5.6    4.0    6.8   11.1   12.0   10.5    6.7    4.5    2.3    0.5    4.5    9.3   10.9   10.4    7.2    4.5    2.4    1.0    4.6    8.1   10.0    9.7    6.6    3.7    1.8    0.1    4.0    9.4
47115    4.5    4.2    5.8    6.5    5.5    3.5    2.0    2.4    2.9    3.0    4.9    5.7    5.0    2.9    1.5    1.7    1.5    1.8    3.7    5.5    6.5    3.7    2.4    2.9    4.4    4.6    6.6    8.4
47119    5.6    4.1    6.9   12.0   12.7    9.9    6.3    4.3    3.1    1.0    5.9   10.2   10.7    8.3    5.6    3.6    1.8   -0.2    5.4   10.1   10.7    7.8    4.3    2.7    0.6   -0.9    5.3   10.4
47121    4.3    3.2    6.5   11.1   10.9    8.8    5.6    3.4    1.2   -0.5    3.8    9.2   11.0    9.0    5.5    2.9    1.3   -0.1    3.5    8.0    9.9    9.2    5.9    3.1    1.7    0.5    4.1    9.4
47127    4.3    3.2    6.3   11.4   13.0   11.6    6.4    4.0    2.1    0.5    4.5    9.5   11.2   10.5    5.5    2.4    1.1   -0.2    4.3    8.9   10.6   10.2    5.0    2.0   -0.1   -1.1    3.5    9.4
47129    3.9    3.0    6.8    9.6    9.7    7.3    5.3    4.0    2.5    1.2    4.9    8.4    8.9    6.7    3.5    2.3    1.0   -1.0    4.4    9.2    9.4    6.6    1.9    0.6   -0.8   -1.6    4.2    9.7
47130    6.0    5.6    7.6    7.6    6.4    5.1    3.3    2.8    2.5    2.2    5.9    7.3    7.0    6.0    3.9    3.3    2.6    1.6    4.3    5.9    6.0    6.2    3.6    3.2    3.0    2.8    7.6    9.4
47131    6.4    5.0    7.1   11.5   12.2    9.6    6.8    5.0    2.9    1.3    4.7    9.5   10.4    9.1    6.2    4.1    2.1    0.4    4.4    9.6   10.5    9.5    5.8    3.4    1.5   -0.4    3.3    9.2
47133    5.7    4.6    6.9   12.5   13.7   10.3    6.4    3.8    2.7    1.4    4.4   10.2   12.3   10.1    5.9    3.5    1.3   -0.3    3.9   10.4   11.6   10.1    5.4    2.8    0.6   -0.9    3.2    9.6
47135    5.5    3.8    6.7   10.7   12.2    9.6    5.5    2.3    2.1    1.0    4.2    8.3   10.7    8.8    4.9    1.9    0.2   -1.0    3.8    8.1   10.0    8.6    5.5    2.6    0.7   -0.9    2.8    6.9
47136    5.9    4.9    7.5   10.3   12.8   10.2    5.8    4.2    3.3    1.0    5.0    9.7   11.6    9.8    5.0    3.6    2.1    1.1    4.4    8.0    9.8    8.9    5.1    3.7    2.0    1.2    3.4    8.6
47137    6.9    5.5    7.6   12.2   14.3   11.8    7.4    4.1    3.6    2.2    5.3   10.7   12.7   11.0    7.1    4.1    2.4    1.5    4.5    9.2   11.3   10.3    7.2    5.2    2.8    1.4    4.1    9.1
47138    8.8    8.4    9.5   10.5   10.0    9.3    7.5    6.2    5.8    5.4    7.4    8.5    8.4    7.8    6.7    5.8    4.5    3.6    6.3    8.2    8.9    8.1    6.4    5.5    5.0    4.6    6.4    9.4
47140    5.0    4.9    7.2   11.4   10.1    7.1    5.5    4.8    3.4    1.8    5.2   10.0    9.1    6.9    4.2    3.4    2.6    1.6    4.8    9.1    9.0    6.7    3.8    2.6    1.1    0.3    3.7    8.9
47143    8.7    6.8    9.0   12.6   15.3   13.1    9.1    5.9    5.1    3.9    6.2    9.9   12.3   10.0    6.8    5.4    4.2    2.8    6.1    9.3   11.2    8.8    6.6    5.6    3.6    2.6    4.3    8.0
47146    5.9    5.1    6.3   12.0   12.8    8.8    6.1    4.5    2.7    1.5    4.9    9.6   11.1    8.3    4.9    3.1    1.2   -0.2    4.8    9.6   10.2    8.2    4.5    2.4    0.7   -0.6    3.9    9.1
47152    9.1    8.3   10.4   12.5   11.6   10.4    9.1    7.4    6.3    6.0    8.1   10.0    9.8    8.5    6.8    5.9    4.4    3.4    7.3    8.9    8.9    7.6    6.6    5.6    3.9    3.8    6.5    9.8
47155    9.7    7.8   10.4   14.0   15.2   11.4    9.7    7.7    6.1    5.0    7.2   10.7   11.2    9.4    7.2    6.6    5.6    4.6    7.0    9.4    8.7    8.2    6.8    6.0    5.0    3.7    4.7    8.6
47156    6.4    5.4    7.4   13.1   12.8    8.4    5.4    5.0    3.8    2.6    5.4   10.7   11.4    8.5    5.2    3.6    2.2    1.4    4.4   10.5   11.5    8.7    5.2    3.5    1.6    1.0    4.1    9.8
47159    9.9    8.7   10.9   15.0   13.7   10.6    9.5    8.1    6.1    5.4    8.3   11.5   10.8    8.6    7.2    6.6    5.9    5.1    7.4   10.1    9.8    8.2    6.8    6.1    5.0    4.8    7.5    9.9
47162    9.7    8.6   11.0   13.7   13.8   12.5   10.0    8.2    6.2    5.8    7.4   10.9   11.7    9.5    7.7    6.9    5.7    5.2    7.5    9.4    9.3    9.1    7.6    6.4    5.3    5.0    5.7    9.1
47165    5.7    5.3    7.5   11.0   10.0    7.1    5.5    5.2    4.6    4.0    6.0    9.0    8.8    6.9    4.8    3.5    2.5    2.2    5.3    9.4    9.4    7.4    4.8    3.1    2.3    2.0    5.6    9.0
47168    8.8    7.7    9.8   13.6   15.4   12.2    8.8    6.7    5.3    4.3    6.4   10.1   12.0    9.6    8.0    6.5    5.7    5.0    7.1    9.1   10.5    8.8    7.6    5.8    4.5    3.4    5.4    9.5
47169    5.5    5.9    7.4    8.8    7.5    5.0    4.6    4.9    5.0    4.4    5.6    6.8    6.5    5.0    4.3    4.3    4.1    4.1    6.3    8.2    8.2    5.3    4.2    4.1    4.1    4.3    6.1    9.0
47170    7.0    6.2    8.8   13.7   12.8    8.9    5.6    5.3    5.2    4.1    6.4   10.9   10.9    8.8    5.6    4.1    3.2    2.4    6.1   11.2   12.0    9.2    5.6    4.0    3.0    2.5    5.7   10.2
47172    4.8    3.6    6.3   11.0    9.4    6.0    5.0    4.7    3.3    2.2    4.8    9.1    8.3    5.8    3.7    2.2    0.4    0.2    4.0    9.7    9.2    6.1    3.2    1.5    0.1   -0.6    4.1    8.8
47174    6.2    4.1    8.5   14.1   14.8   10.1    6.2    4.2    2.4    0.7    4.7   11.1   12.3    9.6    4.9    2.7    0.9   -0.1    4.6   10.4   12.2    9.3    5.2    2.3    0.4   -0.4    3.4    9.7
47177    4.2    3.3    6.7   11.1   11.1    8.4    5.8    3.9    2.1    0.3    4.8    9.5   10.1    8.0    4.0    2.3    0.2   -1.6    4.4   10.0   10.3    7.7    3.1    0.5   -1.1   -1.9    4.0    9.4
47184    8.8    8.1   10.5   12.5   12.3    9.4    7.7    7.4    7.2    7.0    8.6    9.9    9.8    8.9    7.8    6.7    6.1    6.1    8.5   10.2   10.1    9.1    7.9    6.8    6.0    5.8    7.8    9.6
47185    8.3    7.7    9.5   10.8   10.0    8.1    6.8    6.9    7.1    7.0    7.4    8.3    8.1    7.4    6.4    6.4    6.1    5.8    7.4    8.6    8.7    7.8    6.7    6.5    6.4    5.5    6.9    8.0
47188    8.0    7.7   11.4   13.6   12.5    9.5    7.0    6.6    6.5    6.3    8.5   10.1   10.8    8.7    6.6    5.7    4.9    4.8    8.6   10.8   10.6    8.8    6.4    5.6    4.7    4.5    7.7    9.7
47189   10.2    9.4   12.7   15.1   14.9   12.0    9.3    7.8    6.9    6.7    8.7   10.9   11.7    9.7    7.8    6.9    6.2    5.9    9.4   11.5   11.7    9.4    7.5    6.5    5.3    5.3    7.9   10.3
47192    6.2    5.4    9.6   14.0   16.6   13.9    9.3    5.5    3.7    3.4    6.8   10.8   13.0   10.8    7.2    5.4    4.1    3.1    6.2    9.3   10.4    8.7    6.8    4.0    2.1    0.9    4.5    9.5
47201    4.8    3.4    7.3   10.4   10.7    8.1    6.0    4.7    2.6    0.3    4.9    8.8   10.2    8.9    5.6    3.8    1.4   -0.6    4.6    8.3    9.1    7.0    4.3    3.1    1.5    1.1    5.0    8.9
47202    4.8    2.6    5.6   11.3   13.2   10.2    6.3    3.6    1.6   -0.7    3.9    9.6   11.6   10.8    6.6    3.2    0.6   -0.8    3.4    8.8   10.9    9.8    6.2    2.0    0.6   -1.4    2.4    9.6
47203    4.4    2.7    5.8   11.8   13.3   10.8    5.7    3.7    1.2   -1.0    4.0    9.9   11.9    9.9    6.0    3.1    0.6   -1.6    3.3    9.4   10.9    9.4    4.8    2.0   -0.4   -2.3    2.7    9.5
47211    3.1    2.4    4.8    7.2    6.5    3.6    2.2   -0.2   -2.0   -3.2    1.0    7.1    8.7    6.3    2.7    0.6   -0.4   -0.8    1.8    5.9    7.9    6.0    3.3    1.0   -1.2   -2.3    2.8    8.4
47212    3.6    1.4    5.3   10.6   11.2    7.5    4.3    1.9   -0.2   -1.9    2.7    9.2   11.2   10.5    6.0    2.5    0.2   -0.9    2.4    8.2   10.4    9.4    5.8    2.2    0.1   -1.9    2.1    9.8
47216    1.3   -0.2    1.2    4.4    2.8    0.3   -0.9   -1.9   -3.7   -5.1   -0.9    3.7    3.2    0.0   -1.1   -2.1   -3.2   -3.5   -0.7    3.5    3.7    1.9   -0.9   -1.7   -3.1   -3.9    1.1    5.7
47217    3.4    2.9    4.5    7.9    6.7    4.6    2.0    1.1   -0.7   -2.8    1.3    7.3    8.3    5.5    1.8    0.2   -0.7   -1.3    1.2    6.4    8.4    6.6    3.0    0.9    0.1   -1.0    1.4    8.3
47221    2.1    1.2    5.7   10.1   11.4    8.7    3.7    1.6   -0.5   -2.6    3.3    8.3   10.2    9.0    3.6    1.0   -0.7   -1.9    3.1    7.0    9.1    8.4    3.7    0.6   -1.1   -2.0    2.9    8.4
47226    3.2    2.9    5.9   11.8   13.2    9.8    5.2    1.9    0.5   -0.8    3.7    9.8   11.4    9.5    4.1    0.9   -0.9   -2.2    3.1    9.3   10.9    9.5    4.1    0.2   -1.4   -2.8    2.3    9.0
47232    3.7    3.0    6.3   10.7   11.3    9.2    6.2    3.0    1.0   -1.1    3.9    8.9    9.9    8.7    4.4    1.8   -0.3   -2.0    3.8    9.6   10.2    9.0    3.9    0.4   -1.4   -2.9    2.8    9.3
47233 1003.3 1002.8 1005.6 1010.7 1011.2 1008.2 1005.3 1003.0 1001.2  999.3 1004.0 1008.7 1010.1 1008.1 1004.0 1001.1  999.4  997.7 1003.1 1008.6 1010.2 1008.0 1003.4 1000.2  998.4  996.6 1001.9 1007.1
47235    4.5    3.9    7.9   10.6   10.1    6.8    5.4    4.5    2.9    1.3    5.4    9.0    8.9    6.4    3.3    3.0    1.2   -0.1    5.8    8.5    9.1    6.1    2.7    1.7    0.7    0.0    5.1    8.6
47236    4.2    3.6    6.5   12.6   12.8    9.3    5.7    3.8    1.9    0.0    4.4   10.1   11.9    9.4    4.4    2.2    0.0   -1.9    3.1    9.8   10.9    8.9    3.4    0.2   -1.5   -2.5    1.7    9.2
47238    3.6    2.6    5.4   11.7   12.7    9.8    5.6    2.3    0.9    0.6    3.3    9.1   11.1    9.4    4.6    0.6   -1.5   -2.7    2.1    9.4   10.0    8.8    4.0    0.5   -1.7   -3.2    1.6    8.7
47243    5.0    4.3    6.9   10.0    9.3    6.5    5.8    5.2    3.5    1.7    5.1    8.6    8.4    6.2    4.5    3.0    2.0    0.7    4.9    9.5    8.9    6.3    3.6    2.2    0.9    0.3    4.8    8.5
47244    2.8    2.1    5.2   11.8   12.3    7.8    3.8    1.1   -0.5   -1.3    3.6    9.2   10.8    7.1    2.4   -0.7   -2.1   -3.4    2.3    9.2    9.9    7.1    1.9   -0.5   -2.1   -3.6    1.5    8.4
47245    5.7    4.5    6.9   11.6   11.4    7.4    5.6    4.3    2.6    1.3    5.0    9.4    9.8    6.9    4.0    2.3    1.1    0.3    5.4   10.3   10.3    7.2    3.4    1.9    0.3   -0.5    5.0    9.1
47247    4.5    3.6    6.4   12.6   13.6    9.4    5.9    2.8    0.6   -0.2    4.5   10.1   11.7    8.4    4.1    1.4   -0.6   -1.7    2.6    9.6   11.7    8.6    4.3    1.5   -0.7   -2.2    2.4    9.2
47248    2.5    0.9    5.3   11.2   12.1    8.0    3.3    0.6   -1.2   -1.5    2.5    8.3    9.9    6.8    2.3   -0.9   -2.9   -3.5    2.4    8.3    9.4    6.8    1.5   -0.5   -2.2   -3.5    0.5    7.6
47251    5.4    3.7    7.0   11.5   10.7    7.3    5.5    4.7    3.3    1.8    5.1    9.3    9.4    6.8    3.7    2.4    0.9    0.4    5.1   10.1   10.1    7.3    3.1    1.7    0.4   -0.7    5.0    9.4
47252    4.1    3.0    6.6   10.1    8.5    5.8    4.5    4.4    3.3    1.7    5.1    8.3    7.7    5.6    3.5    2.0   -0.1   -0.5    4.6    9.3    9.0    5.9    2.8    1.1   -0.3   -0.9    4.8    8.8
47253    9.8    8.3   10.8   14.8   16.2   11.6   10.0    8.5    7.3    6.1    8.1   11.4   11.9    9.7    7.6    7.2    6.1    4.8    7.7   10.5    9.8    9.0    7.4    6.6    5.4    4.6    6.5   10.7
47254    3.9    3.1    5.9   12.1   12.3    7.9    4.3    2.4    1.0   -0.4    4.1    9.5   10.4    7.7    3.5    0.5   -1.3   -2.1    2.3    9.6   10.6    7.8    3.6    0.9   -1.5   -2.5    2.0    8.9
47255    8.9    7.1   10.4   14.1   16.5   12.1    9.9    7.4    6.1    5.3    7.2   10.5   11.9    9.7    7.1    6.5    5.8    4.4    7.1    9.5    9.2    8.2    6.8    5.7    5.2    3.2    4.8    8.4
47256 1004.7 1003.3 1006.9 1012.7 1013.6 1007.9 1003.7 1002.3 1001.2 1000.4 1004.0 1009.4 1010.8 1008.2 1003.3 1001.3 1000.5  999.1 1003.7 1009.3 1011.1 1008.0 1003.7 1001.4  999.8  998.7 1003.0 1008.0
47257    6.8    5.0    8.9   13.4   14.9    9.5    6.9    6.1    4.8    3.5    6.8    9.7   10.4    7.7    4.8    3.9    2.8    1.7    5.7    9.0    9.0    6.6    4.3    3.6    2.1    1.2    5.8   10.1
47259    5.8    4.5    8.0   14.0   13.2    8.5    5.1    4.3    3.8    2.4    5.7   11.2   11.5    8.5    4.4    2.6    1.9    0.2    5.0   11.2   11.5    8.7    4.7    2.4    1.0    0.2    4.5   10.2
47260    5.1    3.8    7.9   14.3   14.2    9.2    5.6    4.0    3.1    2.0    5.6   11.6   12.5    9.0    4.5    2.4    1.2   -0.2    5.0   11.4   12.3    9.3    4.8    2.0    0.7   -0.2    4.6   10.5
47261    4.6    3.7    7.5   12.5   11.1    6.9    4.4    4.0    3.1    2.1    5.5   10.3    9.7    6.9    3.7    1.9    0.7   -0.6    5.0   10.5   10.6    7.2    3.6    1.6    0.8   -0.1    4.8    9.6
47262    6.1    4.6    9.3   14.4   15.4   10.6    6.3    4.4    3.1    2.1    6.2   10.7   12.2    9.9    5.8    3.1    1.6    1.3    6.2   10.3   11.2    9.6    6.0    3.1    1.6    1.0    5.4   10.4
47263    7.1    5.2   10.1   15.5   18.3   14.9    8.7    5.3    4.4    3.8    7.2   12.0   13.8   11.3    6.7    5.4    4.4    3.0    6.2   10.9   11.7    9.2    6.0    4.4    2.3    0.7    3.5   10.0
47264    5.5    3.1    8.2   14.7   16.1   12.2    6.9    4.0    1.6    0.4    4.9   11.6   13.3   11.1    6.3    2.6    0.4   -0.4    4.7   11.1   12.6   10.5    5.9    2.8    0.4   -1.4    3.6   10.0
47266    9.1    7.4   10.7   15.4   16.6   12.2    8.4    6.1    4.5    4.0    7.4   12.0   13.0   10.5    7.3    5.9    5.0    4.5    7.6   10.7   11.7    9.1    7.3    5.6    4.1    2.9    6.2   11.0
47268    5.3    5.0    8.4   11.0    9.6    6.6    5.2    4.9    4.5    3.9    6.4    8.3    8.2    6.3    4.2    3.1    2.5    1.8    6.3    9.7    9.7    6.7    3.9    2.6    2.4    2.4    5.9    9.1
47271    3.0    2.7    5.6    8.4    8.6    6.7    3.4    1.5   -0.8   -3.4    2.9    7.8    9.0    6.0    1.8    0.0   -1.8   -2.3    1.8    6.2    7.2    5.2    1.2   -0.3   -1.4   -1.6    2.1    8.1
47272    4.6    3.4    6.8    9.9   12.0    8.8    5.5    3.4    2.2   -0.1    4.5    8.9   10.5    9.1    4.2    2.2    0.7    0.2    3.7    7.6    9.1    7.8    4.2    2.7    1.7    1.2    4.0    8.4
47273    5.4    3.5    6.8   10.4   12.4   10.2    6.1    2.9    2.4    0.2    4.8    9.4   11.0    9.5    5.4    2.5    0.8   -0.5    3.9    7.9    9.8    9.0    5.4    3.0    1.2   -0.2    3.9    8.5
47276    3.2    3.4    6.6    9.8   10.8    7.2    3.5    2.3    0.8   -1.3    3.5    9.4   10.8    6.1    2.5    1.1   -0.2   -0.8    2.6    7.2    8.5    4.2    1.9    1.0   -0.3   -1.1    2.0    8.4
47277    6.7    6.1    8.4   10.1    8.2    6.3    4.3    3.7    3.4    2.8    6.4    8.3    7.3    5.9    4.1    2.8    2.1    1.7    5.3    7.5    6.9    5.4    3.4    2.7    3.3    3.2    6.6   10.0
47278    4.1    3.0    7.3   12.0   14.7   11.9    6.4    4.0    2.8   -0.1    5.2   10.9   12.7   10.8    4.8    2.6    1.1   -0.5    4.2    9.5   11.1    9.6    4.1    1.1   -0.6   -0.8    2.8    8.8
47279    7.9    6.3    9.4   13.0   15.2   13.1    8.5    5.2    4.7    3.5    7.0   10.5   12.9   12.0    7.6    5.8    4.1    2.8    6.3    9.6   11.3   10.7    7.2    5.4    2.9    1.6    5.1    8.4
47281    6.5    4.8    8.7   11.8   13.4   11.2    7.4    5.4    4.5    2.4    6.4   10.2   11.2    7.9    5.7    3.9    2.1    1.0    5.4    9.0    9.2    7.5    4.9    4.0    2.1    1.0    4.5    9.0
47283    6.6    6.4    8.8   11.0   11.8    9.1    7.8    5.7    5.0    4.1    6.5    8.8    9.1    7.2    5.3    4.1    2.2    1.3    5.5    8.3    8.3    6.5    4.9    3.6    1.9    1.7    4.8    8.2
47284    5.2    3.3    6.9   13.2   15.3   12.0    7.4    3.9    1.5    1.2    4.5    9.8   11.8   10.6    6.2    3.0    1.8    0.8    3.8    9.3   11.1    9.3    5.2    2.4    0.5   -0.7    2.4    8.7
47285    6.6    4.7    8.8   14.1   17.4   14.6    9.3    5.2    4.0    3.4    6.2   10.7   13.4   12.4    7.7    5.2    4.0    2.4    4.6    9.9   12.0    9.9    6.6    4.5    2.0    0.7    3.1    8.4
47288    7.9    6.5   10.7   15.0   17.4   14.0   10.5    7.7    7.3    5.2    8.4   11.6   13.3   11.5    7.6    5.9    4.7    2.7    6.7   10.3   10.9    8.5    7.0    5.1    4.1    1.8    4.9    9.9
47289    6.3    4.5    7.7   13.7   15.8   12.5    8.4    4.9    2.8    2.7    5.3   10.2   12.6   10.9    7.0    4.2    3.0    1.4    4.4    9.3   11.0    9.0    6.6    3.9    1.2    0.1    3.2    9.1
47294    9.3    8.4   11.4   14.6   14.8   12.1    9.8    8.4    6.5    5.9    7.8   11.1   11.9    9.2    7.5    6.5    5.2    4.8    7.8    9.5    9.4    8.9    7.4    5.8    5.1    4.9    6.2    8.8
47295    7.6    6.7   10.7   14.4   16.3   13.7    9.1    6.9    4.6    3.7    7.2   10.9   12.7    9.5    7.0    6.0    5.1    4.3    7.4   10.0   10.4    8.8    6.8    5.6    4.4    3.4    5.7    9.9
47299   10.8   10.3   10.0   10.8   11.0   10.3    8.9    8.4    8.4    8.4    8.6    8.5    8.6    8.8    8.5    8.4    7.9    7.9    8.3    9.0    9.5    9.3    8.7    8.4    8.0    8.0    8.2    8.7
  319    4.9    4.8    5.8    6.9    6.1    4.4    2.9    3.3    3.7    3.7    5.0    6.0    5.4    4.1    2.6    2.1    2.0    2.3    4.2    5.9    6.4    4.6    2.9    3.8    4.7    4.8    6.7    9.1
  322    0.9    0.0    3.1    7.5    6.1    4.5    0.0   -1.8   -3.0   -3.3    1.1    6.6    8.6    7.2    0.8   -0.4   -1.5   -1.9    0.8    5.7    7.9    6.4    1.3   -0.1   -1.0   -1.3    1.6    7.8
  328    7.6    7.6   12.7   14.5   13.6    9.4    6.8    5.8    5.8    5.7    8.3   10.3   10.6    8.3    5.5    5.0    5.0    4.7    9.1   11.2   10.9    8.3    5.3    4.5    4.2    4.2    7.2    9.7
  400    7.7    6.3    7.2   10.9   12.1   10.7    7.3    6.2    4.3    3.2    5.2    9.0   10.6    9.6    8.0    6.0    4.5    3.0    5.4    9.3   10.4    8.9    7.0    5.8    4.2    2.8    5.4    9.5
  433    7.0    5.8    7.7   11.7   12.6   11.2    8.0    6.3    4.6    3.5    6.1   10.0   10.7    9.6    8.1    6.0    5.0    3.3    5.9    9.3   10.0    8.7    6.6    5.6    4.4    3.0    6.3    9.8
  441    5.1    3.4    6.3   11.0   11.8    9.9    6.3    4.8    2.7    1.5    4.5    9.0   10.6    9.2    6.7    4.1    2.5    0.8    4.5    8.7    9.9    7.9    4.9    3.7    2.5    0.7    4.5    9.3
  497   -0.1   -1.9    0.2    1.6   -0.1   -2.2   -2.7   -4.5   -6.9   -6.4   -1.1    2.6    2.2   -0.1   -3.3   -4.8   -5.5   -5.0   -1.3    2.3    2.4    0.3   -4.0   -4.1   -4.0   -4.9    0.5    5.7
  498   -0.8   -2.0   -1.4   -1.4   -2.5   -3.9   -3.8   -4.6   -4.5   -4.5   -2.3   -0.2   -0.6   -2.7   -2.7   -3.6   -4.1   -4.1   -1.8   -0.3   -0.4   -1.4   -1.7   -2.3   -2.3   -2.7    0.6    3.8
  504    2.7    0.0    5.3   10.8   12.6    8.4    4.4    1.8   -0.4   -1.8    2.7    9.1   11.3   10.1    5.8    1.9   -0.2   -2.1    3.1    8.8   10.6    8.5    4.1    1.4   -0.5   -1.6    2.9    9.8
  516    4.3    3.6    6.1   11.6   12.7   10.0    5.4    3.0    1.8    0.1    4.3   10.0   11.1    8.8    4.0    2.2    0.4   -0.9    4.2   10.1   11.3    8.7    3.1    0.7   -1.2   -1.9    3.7   10.2
  517    2.7    2.4    4.3    4.7    4.6    3.8    1.8    1.5    0.7    0.7    5.9    7.3    6.9    5.7    3.3    2.4    2.0    1.9    4.8    6.6    6.9    5.6    3.2    3.0    2.8    2.1    7.6   10.2
  519    0.2   -1.7    3.4    8.9    7.6    4.0   -0.8   -1.8   -3.3   -3.3    0.9    7.5    8.9    6.8    0.9   -1.2   -1.0   -3.5    0.7    6.1    7.2    5.8    0.9   -0.4   -1.7   -2.8    1.9    8.1
  522    2.4    1.5    4.8    9.0    9.2    4.5    2.4    0.0   -2.0   -2.6    2.6    8.4   10.3    8.8    2.7   -0.3   -0.9   -1.2    2.1    8.3    9.9    8.4    3.8    1.0   -0.7   -1.7    2.2    9.5
  523    3.9    3.7    6.3    5.9    5.3    4.2    0.8    1.0   -0.4   -0.7    6.4    7.3    7.2    5.6    2.7    1.6    1.1    1.0    4.8    6.4    7.0    5.4    2.1    1.8    1.6    1.5    7.4    9.7
  525    0.3    0.2    2.0    5.5    5.5    2.1    0.5   -1.4   -2.9   -4.5    0.0    5.3    6.6    4.2   -0.2   -1.4   -1.9   -2.7   -0.8    3.9    5.6    4.8    0.6   -1.7   -1.9   -3.1    0.7    6.4
  526    2.3    1.2    4.6    8.6    9.6    6.8    2.6    1.1   -1.2   -2.6    1.3    7.6   10.1    7.5    2.0    0.8   -0.7   -1.6    1.3    6.3    9.0    7.5    2.8    0.6   -0.1   -1.6    1.5    8.1
  527    2.4    1.9    4.9    8.9    8.7    5.4    1.7    0.7   -1.3   -2.6    1.7    7.5    8.9    5.7    1.2   -0.3   -0.8   -1.8    1.8    6.4    8.1    5.9    2.0    0.1   -0.7   -1.2    1.9    7.8
  528    4.7    3.8    5.3    5.8    6.4    5.7    4.3    3.8    3.2    2.7    4.8    5.4    6.1    5.3    4.4    4.4    3.3    2.7    4.5    5.8    6.0    4.9    3.6    4.1    4.0    3.5    5.8    7.9
  529    4.7    4.4    5.9    7.9    6.0    4.4    1.6    1.5    1.1    0.3    5.0    7.9    7.7    5.8    1.8    1.5    1.0    0.5    3.7    6.8    6.6    4.9    0.9    1.2    1.0    0.8    7.0   10.7
  530    6.0    5.7    7.9    9.1    8.4    5.9    3.9    4.3    4.7    4.4    7.0    7.8    7.5    5.4    3.5    3.5    3.3    3.4    6.1    7.3    8.0    5.5    4.4    4.9    6.1    5.9    8.3    9.8
  531    1.5   -0.1    5.5   11.1   11.6    6.7    1.0   -1.0   -1.7   -2.3    2.6    9.8   11.4    9.8    2.3   -0.1   -1.0   -2.2    3.0    8.4   10.6    8.8    2.0    0.1   -1.1   -2.1    3.0   10.2
  532    3.9    1.6    5.9   10.9   12.3    9.2    4.8    2.9    0.9   -1.3    4.0    8.9   11.3   10.0    5.7    2.6    0.6   -1.3    3.8    8.9   10.6    8.2    4.3    2.2   -0.1   -1.2    3.6    9.6
  534    4.3    2.8    5.7   11.3   12.7   10.6    5.7    3.6    1.2   -0.8    3.7    9.6   11.1    9.4    5.5    2.6    0.3   -0.8    3.9    9.5   10.5    9.3    4.8    1.6   -0.9   -2.0    2.9    9.2
  535    0.2   -0.5    3.0    7.5    7.7    5.0    1.9   -0.9   -2.7   -4.2    0.4    7.6    9.0    7.6    0.9   -0.9   -2.0   -2.5    0.8    6.8    8.3    7.6    1.4   -0.6   -1.8   -2.9    1.4    8.2
  536    3.3    1.7    5.5   11.4   11.6    8.9    4.5    2.2   -0.7   -2.0    2.3    9.9   11.5   10.2    5.4    2.3    0.4   -0.9    2.9    8.5   10.5    9.3    4.3    1.3   -0.5   -1.7    2.1    9.7
  540    3.9    1.8    5.7   11.5   12.7    9.6    5.4    2.9    0.8   -0.8    4.4    9.6   11.6    9.4    5.2    2.2    0.8   -0.8    4.5    9.7   11.0    7.8    3.3    2.0    0.6   -0.9    4.3   10.1
  541    4.5    2.2    6.3   11.4   12.9   10.5    5.9    4.0    1.0   -0.8    4.1    9.6   11.8   10.9    6.1    2.6    0.9   -1.1    4.1    9.5   11.0    9.3    4.7    2.3    0.1   -1.1    3.5   10.1
  542    3.8    2.2    5.5   11.7   12.9    9.7    4.6    2.0    0.4   -0.8    2.9   10.0   11.6   10.8    5.5    2.1    0.3   -0.9    3.0    9.2   10.9    9.6    4.6    1.5    0.2   -0.8    2.3   10.3
  546    4.5    2.6    5.3   10.9   12.4    9.8    5.5    3.3    1.4   -0.7    3.4    9.2   10.6    8.8    5.6    2.6    0.9   -1.0    3.0    9.0   10.4    8.2    4.1    2.1    0.5   -1.4    2.5    9.3
  548    4.5    2.9    5.2   11.6   12.8   10.4    5.1    3.5    1.1   -0.8    3.4   10.0   11.6    9.8    6.1    3.2    0.7   -0.7    3.4    9.6   10.9    9.3    5.2    1.9   -0.3   -1.5    2.6    9.5
  549    4.0    2.8    5.5   11.9   12.7   10.5    5.5    3.0    0.8   -0.8    4.1   10.0   10.9    9.1    4.6    2.1    0.1   -1.6    3.4    9.8   10.4    8.6    3.3    0.9   -1.0   -2.1    2.9    9.9
  551    4.9    4.0    6.5   11.1   11.5    9.2    6.3    4.0    2.0    0.3    4.5    9.6   10.3    8.6    5.1    3.1    1.2   -0.5    4.4    9.8   10.8    8.6    4.0    1.7   -0.2   -1.1    4.2    9.7
  552    1.1   -1.0    3.7    8.1    7.3    4.7   -0.5   -1.6   -1.8   -2.1    1.3    7.4    9.4    8.3    1.4   -1.0   -1.0   -1.3    1.9    6.4    8.0    6.7    0.7   -0.9   -1.5   -2.3    2.6    8.6
  555    2.4    0.6    4.3   10.1    9.7    6.0    2.2   -0.1   -1.8   -2.5    1.4    8.8   11.1    9.4    3.5    0.6   -0.3   -2.0    1.6    7.4    9.8    8.8    4.1    1.5   -0.5   -1.0    1.6    9.5
  556    2.5    0.8    3.7    8.9    8.4    4.2    1.6   -1.0   -2.6   -3.2    0.7    8.1   10.3    7.6    2.2   -0.1   -0.8   -1.4    1.0    6.8    9.0    7.8    3.4    0.6   -1.1   -1.9    1.7    8.5
  557    1.8    1.3    3.0    6.0    5.1    2.3    0.9   -2.1   -3.0   -3.7   -0.3    6.9    7.7    4.0    1.1   -0.7   -1.7   -2.0    0.1    5.2    6.9    4.5    1.4   -0.7   -1.7   -2.4    1.6    8.6
  559    0.4    0.0    1.1    4.8    3.9    0.9   -0.6   -2.7   -3.5   -4.4   -1.5    4.9    6.4    2.5   -1.2   -2.5   -2.2   -2.5   -1.7    3.7    5.0    3.4   -0.6   -2.6   -3.2   -3.8    0.2    6.2
  560    1.2   -0.8    0.3    4.4    2.8    0.2   -0.9   -2.0   -4.0   -4.3   -0.9    5.5    6.0    1.3   -1.4   -3.0   -3.3   -3.0   -1.0    4.7    5.8    3.7   -0.1   -2.1   -2.5   -2.8    0.6    7.7
  561    2.2   -0.2    4.3    9.5    9.9    7.0    2.2    0.1   -2.2   -3.4    1.5    8.3    9.9    8.6    2.5    0.4   -1.0   -1.9    1.6    7.1    8.9    8.0    2.1    0.4   -1.4   -2.4    1.7    8.9
  562    2.4    1.0    4.7   10.0   10.9    7.7    3.5    1.0   -0.7   -2.0    2.1    8.5   10.3    8.5    3.2    1.1   -0.6   -1.7    1.8    7.1    9.6    8.1    3.7    1.3   -0.3   -1.3    1.9    8.9
  563    2.7    2.0    3.4    7.2    6.0    3.2    2.1    0.3   -2.1   -3.0    0.7    6.7    7.6    4.1    1.0   -0.8   -1.0   -1.4    0.4    5.7    7.5    5.1    1.9    0.3   -1.0   -1.9    1.7    8.4
  565    4.3    3.0    6.7   11.3   11.8    9.9    5.8    3.5    2.1    0.3    5.3    9.6   10.0    8.1    5.7    2.7    1.6    0.1    5.2    9.0    9.6    7.7    4.0    2.2    0.9   -0.7    4.9    9.7
  566    3.2    2.7    5.5    5.3    4.5    3.2    1.1    0.4   -0.8   -1.1    5.3    7.2    7.0    5.1    2.7    1.4    0.5    0.5    3.9    6.2    6.6    4.8    2.5    1.4    1.4    1.8    7.1    9.9
  571    4.6    3.6    6.8   10.7   11.3    8.6    5.8    3.9    2.6    1.0    5.4    9.2    9.7    7.8    5.0    3.3    1.8    0.8    5.4    9.2    9.7    7.1    3.5    2.3    0.8   -0.1    5.0    9.7
  572    5.4    3.6    7.4   12.1   13.2   11.1    6.5    4.3    1.8    0.4    5.8   10.4   11.4    9.6    6.4    3.5    1.7   -0.4    5.5   10.5   11.2    9.2    4.9    2.7    1.0   -0.5    5.2   10.6
  579    1.4    0.5    0.7    3.5    2.4    0.4   -1.7   -2.6   -4.5   -6.3   -1.7    3.3    3.3    1.2   -2.2   -3.3   -3.1   -3.7   -1.4    2.6    3.5    1.8   -2.7   -3.2   -3.6   -4.0    0.1    5.6
  580    5.0    4.2    6.1    6.6    5.1    3.6    2.1    2.2    1.2    1.1    4.9    7.3    7.1    5.5    3.5    2.6    1.7    1.8    4.7    6.6    6.8    5.4    2.9    2.8    3.2    3.1    7.1   10.3
  581    2.6    1.9    4.7    9.1    8.7    6.0    2.1    0.5   -1.3   -3.1    1.8    7.9    8.9    6.0    1.3   -0.3   -1.2   -1.5    1.1    6.8    8.0    5.0    0.8   -0.6   -1.4   -1.3    1.9    8.3
  583    1.2   -0.6    3.7    6.6    6.6    4.8    1.8   -1.6   -3.2   -4.8    0.8    5.0    6.2    5.7    1.4   -1.1   -2.2   -2.7    1.1    4.0    5.7    5.1    1.2   -1.4   -2.2   -3.4    0.9    5.7
  586    3.0    2.2    5.0    8.8    8.4    4.3    1.3   -0.7   -2.6   -2.4    2.2    7.9   10.5    7.7    3.0    0.8   -0.6   -1.4    2.6    7.1    9.0    7.6    4.0    1.3   -0.4   -1.0    2.9    8.6
  587    1.7   -0.3    2.3    6.0    5.5    2.8   -0.2   -2.0   -2.4   -3.1    0.4    6.8    7.8    5.5    0.4   -1.4   -1.4   -1.4   -0.1    5.5    7.4    5.8    0.9   -0.6   -1.5   -2.8    0.7    7.7
  588    2.0    0.2    5.4   10.3   11.0    7.1    1.9   -0.8   -2.4   -2.6    2.3    8.9   10.9   10.3    3.2   -0.2   -0.8   -2.0    2.8    8.2   10.3    9.2    2.8    0.1   -1.1   -2.4    2.6    9.8
  590    5.1    3.3    7.2   11.9   12.7   10.6    6.3    4.1    1.8    0.2    5.7    9.9   11.2    8.8    5.9    3.2    1.3   -0.3    5.5   10.2   10.8    8.4    4.5    2.3    0.8   -0.7    5.3   10.5
  593    3.4    2.4    3.7    3.7    2.9    2.1    1.1    0.1   -0.7   -1.3    3.2    5.7    4.9    4.1    1.9    0.6    0.2   -0.8    2.7    5.3    5.2    4.3    2.6    3.2    3.0    1.6    5.8    9.3
  594    1.0    0.2    2.2    4.7    4.4    2.0   -0.6   -2.4   -4.1   -4.3    0.1    6.7    6.0    4.4   -0.5   -1.8   -2.1   -2.1    0.1    5.2    7.7    5.1    0.3   -0.7   -2.6   -3.2    1.1    8.3
  595   -0.9   -1.1    0.4    0.9   -0.2   -1.2   -2.6   -3.1   -4.1   -4.7    0.7    3.8    2.4    0.5   -1.5   -2.0   -2.7   -3.2    0.3    2.4    2.9    0.9   -0.1   -0.3   -1.4   -1.4    2.6    7.2
  598    2.4    0.0    5.1   10.8   11.8    9.1    4.7    2.0   -0.6   -2.5    3.0    8.6   10.8   10.1    5.3    1.3   -0.6   -2.6    3.0    9.0    9.8    8.5    3.7    0.9   -0.9   -2.3    2.6    9.5
  601    4.4    2.8    5.6   11.1   12.8    9.5    5.4    3.6    1.8   -0.3    3.0    9.0   11.1    9.9    5.6    3.3    1.2    0.0    3.5    8.0   10.0    9.0    5.1    2.6    1.6    0.8    2.5    8.7
  602    4.1    3.7    6.6   12.0   12.9    9.3    5.4    2.7    0.8   -0.8    4.5   10.0   10.9    8.4    4.3    1.4    0.0   -1.7    4.0   10.2   11.1    8.5    3.4    0.5   -1.1   -2.5    3.2    9.7
  603    3.4    2.1    5.3   11.6   12.8   10.4    4.7    2.3    0.6   -1.4    3.3    9.6   11.1    9.6    3.5    0.9   -0.7   -2.2    3.3    9.0   10.5    9.6    3.3   -0.1   -1.8   -3.1    2.3    9.6
  604    4.6    3.9    7.1   12.1   13.5   10.4    6.8    3.6    1.9    1.3    5.0    9.9   12.0   10.3    5.4    2.3   -0.2   -1.3    3.4   10.0   11.1    9.8    5.6    1.9   -0.2   -1.5    2.8    9.2
  605    3.9    3.3    6.4   12.5   13.8   10.7    5.4    2.5    1.2    0.3    3.6    9.9   12.0   10.2    4.1    1.1   -0.7   -2.3    3.2   10.0   11.5    9.9    4.0    1.1   -0.7   -2.1    2.6    9.1
  606    5.7    5.3    7.0    8.2    8.7    6.5    6.1    5.1    4.3    3.6    5.3    6.7    7.4    5.8    5.0    4.2    3.2    2.6    5.7    7.1    7.3    5.2    4.0    3.5    3.1    3.3    5.4    8.2
  608    3.7    3.1    7.2   11.6   12.4    7.4    4.7    3.4    1.9   -0.1    5.0    9.9   11.0    6.8    2.5    1.9    0.8   -1.1    4.4   10.4   11.4    6.7    1.3    0.3   -0.8   -1.2    3.8   10.3
  610    3.6    2.6    6.7   11.4   11.3    7.9    5.2    3.4    1.4   -0.1    4.5    9.8   10.2    7.4    2.9    1.5   -0.3   -2.1    4.3   10.3   10.3    6.9    1.9   -0.2   -1.3   -1.4    4.1    9.9
  611    4.0    3.1    6.8   12.8   13.4    9.4    6.1    3.1    1.2   -0.9    4.2   10.4   11.7    8.9    4.3    1.6   -0.2   -1.7    3.2   10.6   11.7    9.4    3.5    0.4   -1.2   -2.8    2.3    9.9
  612    4.0    3.4    6.5   12.4   13.2   10.0    6.2    3.4    1.6   -0.2    4.1   10.2   11.6    9.7    4.8    1.9   -0.4   -1.3    2.9   10.6   11.5    9.7    3.9    0.3   -1.3   -2.1    1.9    9.4
  614    4.6    3.9    7.8   11.7   10.8    7.7    6.0    4.5    2.8    1.3    5.5   10.2    9.8    7.5    4.3    2.8    2.1    0.4    4.9    9.5    9.8    7.2    3.8    2.0    0.7    0.1    4.3    9.3
  615    3.9    3.8    5.5   12.4   13.1    9.8    5.6    3.2    1.2   -0.3    3.9    9.9   12.2    9.9    4.0    2.3   -0.5   -1.9    2.4    9.8   10.7    9.5    3.3    0.5   -1.3   -2.0    2.0    9.1
  616    4.2    3.1    6.8    9.6   10.2    7.2    5.3    3.7    2.7    0.9    4.9    8.5    9.0    6.7    4.0    2.7    1.6   -0.1    4.9    9.6    9.5    6.4    2.5    1.0    0.2    0.0    4.3   10.1
  617    4.5    3.9    6.3   10.5   11.2    8.5    5.9    3.5    1.4   -0.2    4.2    9.1    9.9    7.9    4.6    2.6    0.4   -0.8    4.4    9.4   10.3    8.1    3.8    1.1   -0.9   -1.7    3.6    9.4
  618    2.1    1.6    5.2   11.1   11.0    7.2    3.1    1.8   -0.4   -1.3    2.8    9.0    9.9    7.0    1.4    0.0   -1.9   -2.6    2.9    9.1    9.6    6.7    0.6   -2.1   -2.9   -3.0    1.7    8.8
  619    3.5    2.2    5.4   11.0   12.7    9.9    4.6    2.2    0.3   -1.6    3.6    9.4   10.8    8.8    3.3    0.8   -0.6   -2.3    3.0    9.1   10.7    8.7    3.0   -0.3   -2.2   -2.7    2.1    9.4
  623    4.5    3.4    6.4   12.0   12.9   10.3    6.3    3.3    1.4   -0.4    4.5   10.0   11.0    9.5    5.3    1.7   -0.2   -1.5    4.2   10.0   11.0    9.5    4.5    0.7   -0.8   -2.5    3.1    9.7
  624    2.6    2.3    5.0   11.3   12.1    8.9    3.8    1.6    0.1   -1.6    2.6    9.5   10.4    8.4    2.3    0.0   -1.1   -2.5    2.5    9.1    9.8    8.4    2.3   -0.9   -1.7   -3.3    1.9    8.8
  627    4.9    4.0    7.4    9.7    9.8    6.9    5.5    4.5    3.4    2.5    5.7    8.5    8.7    6.2    4.0    3.2    2.2    1.1    6.0    9.3    9.0    6.0    2.5    2.3    1.3    1.2    5.7    9.8
  628    4.3    3.4    7.2   11.3   11.7    8.7    5.9    3.8    2.1    0.4    5.3    9.7   10.5    8.3    4.0    2.2    0.5   -1.1    5.0   10.4   10.8    8.4    3.1    0.6   -0.7   -1.5    4.5   10.4
  630    2.9    2.4    5.7   11.0   12.6   10.6    4.3    1.7    0.0   -1.5    3.8    9.3   10.5    9.3    3.5    0.9   -0.6   -1.8    3.7    8.8   10.0    9.1    3.0   -0.4   -1.9   -2.6    2.7    9.3
  634    4.7    4.1    6.8   10.3   10.4    8.3    6.3    4.3    2.7    1.2    4.8    8.8    9.3    7.5    4.4    3.1    1.5    0.0    4.6    9.6    9.4    7.2    3.6    1.4    0.0   -0.6    4.2    9.6
  635    3.1    3.1    6.6   13.0   12.6    8.4    4.3    2.5    1.1   -0.4    4.5   10.4   11.5    8.5    2.7    1.3   -0.2   -1.8    3.5   10.1   10.9    8.0    1.9   -0.2   -1.5   -2.0    2.6    9.6
  636    2.5    2.3    6.1   11.5   12.7    9.0    4.1    1.1   -0.3   -1.1    3.8    9.4   11.4    8.8    1.8   -0.4   -2.1   -2.6    3.2    9.1    9.9    8.8    1.3   -1.7   -2.6   -3.8    2.5    8.6
  642    6.1    5.2    7.2   12.4   13.5   10.6    7.0    4.6    3.2    1.8    4.8    9.9   12.0   10.3    6.2    3.8    1.5    0.2    4.2   10.1   11.1   10.3    5.7    3.2    0.9   -0.6    3.5    9.3
  651    1.9    0.3    4.6    8.8    8.7    5.9    2.0    0.4   -1.8   -2.7    2.1    7.9   10.3    8.5    5.0    1.1   -0.5   -1.0    2.4    7.5    9.7    8.0    4.2    1.0   -0.4   -0.6    2.8    9.3
  652    2.8   -0.3    4.9   10.7   11.8    8.5    4.5    2.2   -0.7   -2.6    2.4    9.0   11.2   10.1    5.7    2.1    0.3   -2.1    3.4    8.8   10.3    8.8    4.2    1.6    0.7   -1.1    3.0    9.8
   96    6.7    6.6    7.5    7.8    6.9    6.1    5.4    5.2    5.1    4.9    6.4    6.3    5.7    4.7    4.2    4.2    3.9    3.9    5.6    5.9    5.9    4.7    4.7    5.1    5.7    5.9    7.3    8.2
  661    2.1    2.1    4.2    3.8    3.7    3.9    0.7    1.4    1.8    0.4    5.6    6.2    5.7    5.4    3.1    2.7    2.2    1.4    4.3    5.2    5.6    5.3    3.3    2.9    3.1    2.0    6.8    8.5
  670    4.8    4.1    5.0    5.1    4.8    3.9    2.6    1.8    1.5    1.1    5.9    6.9    6.8    5.7    3.8    2.6    2.5    2.6    4.7    6.0    6.6    5.6    3.2    3.5    3.3    3.2    7.5   10.3
  671    5.0    4.0    5.1    5.4    5.0    4.7    3.4    2.4    2.6    2.0    5.9    7.1    6.9    6.4    5.0    3.8    3.4    2.5    5.1    6.4    6.6    6.2    4.5    4.4    4.0    3.2    7.3   10.2
  695   -0.1   -1.5    0.2    2.4    1.7   -1.5   -3.3   -3.6   -4.2   -4.4   -1.2    1.4    2.9    1.2   -1.5   -2.2   -3.0   -3.8   -1.7    1.0    1.4    0.2   -1.5   -1.9   -2.0   -2.2    0.5    2.2
  699    3.5    2.7    6.0    9.6    7.8    5.0    3.6    3.5    2.6    1.8    4.4    7.4    7.0    5.0    2.5    1.2   -0.1   -0.3    3.7    8.3    7.8    5.2    2.5    1.0    0.0   -0.4    4.1    7.6
  701    2.8    2.5    4.6   11.9   12.9   10.2    4.2    1.0    0.1   -0.2    2.3    8.7   11.1    9.8    3.1   -0.2   -1.6   -2.8    1.9    9.4   10.5    9.0    2.7   -0.3   -1.7   -2.9    0.7    8.3
  702    4.5    3.8    6.1   12.1   12.6    8.5    5.1    3.2    1.7    0.4    4.4    9.8   11.1    8.3    3.7    1.9   -0.4   -1.6    3.9    9.5   10.3    8.1    2.7    0.7   -1.2   -1.6    3.3    8.9
  703    2.1    1.4    4.0   10.4   11.4    7.6    3.3    0.5   -0.8   -1.1    2.4    7.7    9.5    6.7    2.1   -0.8   -2.2   -2.7    1.9    8.1    8.5    6.5    1.1   -0.8   -2.1   -3.0    0.7    7.2
  704    4.7    4.7    7.6    8.8    8.3    6.5    5.4    5.5    4.7    3.6    6.1    7.4    7.4    6.1    4.4    3.6    3.2    2.6    6.4    8.2    7.7    6.0    3.7    2.8    2.8    2.2    6.7    7.9
  706    4.1    3.3    6.6   13.4   12.9    8.0    4.9    3.2    1.9    0.2    5.0   10.9   11.3    7.9    3.7    1.5    0.3   -1.1    3.5   10.9   11.3    8.3    3.1    1.2   -0.4   -1.4    3.4    9.9
  709    4.6    2.7    7.6   13.8   15.1   10.0    6.0    3.3    1.1    0.2    4.5   11.0   12.8    9.3    5.0    1.7    0.2    0.3    3.4   10.3   12.4    9.0    4.9    1.6    0.1   -0.7    3.0    9.9
  710    4.0    3.1    6.7   13.2   12.1    7.5    4.1    3.1    2.3    0.8    5.1   11.0   10.8    7.4    3.0    0.7   -0.4   -1.1    3.4   10.8   11.6    8.0    3.1    0.2   -0.5   -1.6    3.6   10.1
  711    3.5    2.3    6.1   13.3   13.1    8.3    4.4    2.9    1.8    0.7    4.1   11.0   11.8    8.5    3.6    0.6   -0.2   -0.5    3.0   10.6   11.7    8.9    3.7    0.8   -0.5   -1.2    2.4    9.3
  712    8.6    6.4    9.8   15.1   16.0   12.0    8.3    6.2    4.5    3.2    6.3   11.7   12.7   10.7    7.4    5.3    3.9    3.0    6.6   11.1   11.6    9.4    7.5    5.0    3.0    1.8    5.4   10.7
  713    7.1    5.0   10.2   16.1   17.0   12.1    8.0    5.7    3.7    2.1    7.1   12.6   13.5   10.9    7.1    4.7    3.4    2.4    6.9   11.9   12.6    9.3    6.9    4.3    2.1    0.9    5.7   11.6
  724    7.8    7.5    9.0   10.4    9.7    8.1    6.9    6.8    7.0    6.7    7.2    8.7    8.6    7.9    6.7    5.9    5.9    5.9    7.0    8.6    8.9    7.9    6.8    6.0    5.6    5.5    6.6    8.2
  727    4.8    4.7    7.8    9.9    8.4    5.3    3.0    2.8    2.4    2.3    3.9    5.8    5.9    4.5    2.5    2.2    2.0    1.6    4.4    6.9    6.5    4.7    2.6    2.6    1.5    1.3    3.5    5.7
  730    4.3    3.5    6.6   12.5   11.8    7.1    4.6    3.8    3.2    1.6    4.9   10.3    9.9    6.9    3.4    1.0   -0.1   -0.7    2.8   10.6   10.8    7.3    3.0    0.4   -0.4   -0.7    2.9    9.7
  731    4.3    3.3    6.4   13.3   12.4    7.5    3.9    3.2    2.4    1.2    4.7   10.5   10.9    7.7    3.6    1.7    0.1   -1.2    3.9   10.5   11.1    8.0    3.7    1.6    0.0   -0.9    4.1    9.7
  732    4.7    3.7    7.6   14.6   14.4    9.0    4.9    3.5    2.5    1.1    4.7   11.5   12.5    8.9    4.5    1.8    0.7    0.1    4.4   10.8   12.0    9.0    4.5    1.6    0.2   -0.4    3.7    9.8
  733    4.6    4.1    7.0   12.4   12.3    8.3    5.0    3.8    2.4    0.9    5.1   10.2   11.0    8.1    3.5    2.2    1.0   -0.5    4.2    9.7   10.2    7.6    2.7    1.1   -0.1   -0.8    3.4    9.2
  734    3.9    3.4    6.5   13.2   14.3    9.0    4.6    2.1    1.0   -0.2    4.8   10.9   12.5    8.7    3.5    1.1   -0.4   -1.7    4.6   10.9   11.3    8.2    2.7    0.4   -1.2   -2.4    3.9   10.1
  736    4.3    3.3    6.5   10.6    9.8    6.6    4.9    3.9    2.0    0.3    4.6    9.1    8.8    6.4    3.4    2.1    1.1    0.3    4.3    9.1    9.0    6.4    2.7    1.8   -0.1   -0.5    3.7    8.4
  737    4.9    4.2    6.3   11.2   10.8    6.7    5.2    4.5    2.4    0.9    4.4    9.2    9.5    6.5    3.9    2.6    1.5    0.1    4.2    9.4    9.4    6.5    3.3    2.4    0.6   -0.5    4.1    8.5
  738    4.6    3.3    6.8   11.4   10.7    7.0    5.2    4.4    2.6    0.8    4.8    9.4    9.6    6.8    3.7    2.1    1.1   -0.1    4.7   10.0   10.2    6.8    3.1    1.8   -0.1   -0.4    4.8    9.1
  741    4.2    3.4    6.5   14.0   13.7    9.0    5.1    3.6    2.0    0.9    4.7   11.5   12.3    8.8    4.3    1.6    0.0   -0.5    3.8   11.2   12.1    9.2    4.5    1.5   -0.7   -1.2    3.6   10.3
  745    4.7    3.3    7.2   12.9   12.1    7.4    4.4    3.5    2.7    1.7    5.2   10.2   10.5    7.6    3.7    1.6    0.9   -0.6    4.7   10.2   10.3    7.6    3.9    1.4    0.2   -0.4    4.2    9.4
  748    7.3    5.7   10.4   15.9   16.8   11.8    7.6    5.5    4.0    3.7    7.1   12.4   14.1   10.8    6.9    4.5    3.2    2.7    7.1   11.7   12.8   10.0    6.7    3.9    2.3    1.8    6.3   11.3
  751    6.1    5.5    9.0   10.8   10.0    6.5    4.1    4.1    3.8    3.5    5.5    7.4    7.9    5.9    4.0    3.7    3.2    2.8    6.0    8.0    7.7    5.9    4.0    3.8    2.9    2.6    5.2    6.9
  752    7.7    7.8   10.7   12.5   11.2    7.7    5.8    5.7    5.6    5.5    7.1    8.6    8.8    7.3    5.4    5.0    5.1    4.7    7.5    9.6    9.5    7.5    5.4    5.0    4.5    4.1    6.5    8.3
  754    4.8    3.8    8.1   12.6   10.6    7.3    5.1    4.9    3.6    2.4    6.5   10.5    9.5    7.3    4.0    2.1    0.4    0.4    5.4   11.0   10.4    7.6    3.8    1.2    0.3   -0.4    5.7   10.2
  757    2.1    1.6    4.1   11.3   11.8    8.2    3.7    0.7   -0.4   -1.1    2.2    8.8   10.4    8.0    2.6   -1.2   -2.6   -3.5    1.4    9.1    8.8    6.9    1.9   -1.2   -3.1   -4.4    0.9    8.1
  760    3.0    2.2    5.5   10.6    9.5    4.9    2.3    0.9   -0.1   -1.2    3.3    7.9    8.0    5.0    0.7   -1.2   -2.0   -2.2    3.4    8.9    8.1    5.2   -0.3   -1.7   -3.0   -3.3    2.5    7.5
  762    3.6    2.6    5.6   12.9   12.1    6.9    3.7    2.0    0.7   -0.6    3.3   10.2   10.4    6.6    2.3    0.1   -1.3   -2.4    2.2   11.0   10.5    6.8    2.1    0.4   -1.7   -3.1    1.4    9.8
  767    6.6    5.0    9.5   14.3   15.2   11.7    7.2    5.0    3.7    2.5    6.3   10.2   11.5    9.4    6.5    3.4    2.3    2.4    6.4    9.8   10.2    9.3    6.0    3.4    2.1    1.3    5.2    9.9
  768    4.3    3.4    6.8   13.4   14.3    9.5    5.7    3.3    1.2    0.1    4.5   10.8   12.4    8.9    4.3    1.5   -0.3   -1.3    2.7   10.4   12.5    9.0    4.3    1.7   -0.4   -1.8    2.7    9.7
  769    5.3    4.6    7.8   10.1    9.0    6.8    5.7    5.3    4.9    3.9    6.3    8.0    8.0    6.4    4.6    3.4    2.5    2.0    6.1    9.7    9.2    6.8    4.1    2.7    2.3    1.6    6.1    9.3
  770    2.7    1.8    6.2   13.2   12.3    6.9    3.1    1.6    1.0   -0.6    4.4   10.6   11.0    7.1    1.8   -0.6   -1.2   -1.7    3.1   10.6   11.5    7.3    1.4   -1.2   -1.6   -2.6    3.0    9.6
  771    4.8    4.6    8.0   10.3    9.5    6.6    4.7    4.4    4.0    3.1    6.5    8.4    8.6    6.4    3.6    2.6    2.2    1.6    6.0    9.2    9.2    6.8    3.4    2.2    1.9    1.9    6.2    9.1
  775    3.5    2.4    6.6   11.7   10.2    6.3    3.8    3.4    2.4    1.4    4.8    9.8    9.3    6.3    2.9    0.7   -1.1   -1.2    3.4   10.4   10.0    6.5    2.7    0.0   -1.3   -2.0    3.7    9.4
  779    8.0    7.4   10.4   12.2   11.5    9.3    7.5    7.1    7.2    7.0    8.3    9.4    9.4    8.7    7.2    6.4    6.2    6.1    8.1    9.6    9.8    8.8    7.0    6.3    5.7    5.6    7.6    8.9
  780    8.3    8.1   13.1   15.9   15.0   10.5    7.5    7.1    6.5    7.2    9.0   11.3   11.7    9.3    6.2    5.3    4.8    5.0    9.3   12.4   12.1    9.3    6.1    5.1    4.5    4.4    8.2   11.0
  781    7.8    7.5   10.5   12.4   12.0    9.6    7.4    7.4    6.8    6.5    8.2    9.5   10.2    9.0    7.4    6.5    5.2    5.2    8.3    9.8    9.9    8.9    6.9    6.0    5.4    5.1    7.2    9.1
  782    5.3    5.3    7.6    8.5    6.2    3.9    2.1    0.8    0.6   -0.6    0.7    2.7    2.9    1.4    0.4   -0.5   -0.5   -0.3    2.1    4.4    3.6    1.5    0.1   -0.9   -1.4   -1.4    0.2    3.2
  788    5.5    4.6    7.2   13.7   13.4    8.4    5.3    4.4    3.2    1.8    5.2   11.4   11.9    8.4    5.0    2.7    1.1    0.4    3.8   11.2   11.9    8.6    4.9    2.4    0.8   -0.2    3.3   10.5
  789    5.1    4.6    7.6   10.2    8.8    6.6    4.9    4.7    4.0    3.7    6.0    7.9    7.6    6.0    3.7    2.8    2.3    2.2    5.8    9.5    8.5    6.5    3.6    2.6    2.2    2.0    6.1    9.2
  801    3.6    3.9    5.8    9.2    9.0    5.9    3.3    1.9    0.5   -1.1    2.8    8.8    9.4    6.1    2.5    1.0   -0.2   -0.2    2.1    6.8    7.5    4.6    1.5    0.8   -0.1   -0.5    1.6    8.3
  803    3.7    3.4    6.8   10.3   12.3    8.7    4.4    2.5    1.5   -0.5    4.4    9.5   11.3    7.3    3.1    1.4    0.1   -0.1    4.0    8.1    9.2    7.1    2.6    0.8   -0.7   -0.4    3.3    8.5
  804    7.0    7.0    8.7    9.6    8.9    7.6    5.4    4.4    4.2    3.7    6.5    8.2    7.5    6.4    4.8    3.9    3.1    2.4    5.8    7.4    7.7    6.7    4.7    4.3    4.6    4.3    7.1    9.3
  810    6.2    4.6    8.5   13.1   15.5   13.1    8.6    4.4    3.7    2.0    5.5   10.1   12.4   11.7    7.2    4.1    2.7    1.0    4.8    9.6   11.1    9.5    5.7    3.5    1.3    0.4    3.3    7.9
  811    6.8    6.4    9.3   11.7   12.4    9.6    7.9    5.8    5.0    4.3    7.4    9.5   10.0    8.1    5.9    4.5    2.6    1.6    6.1    9.1    9.5    7.2    5.2    3.9    2.6    2.3    5.7    9.7
  812    6.2    4.4    9.8   14.1   17.1   14.0    8.7    4.1    4.1    2.9    6.5   10.8   12.7   11.7    6.9    4.0    2.9    1.7    5.8   10.3   11.5    9.0    5.8    2.8    0.9    0.1    3.7    8.5
  813    6.1    4.5    9.1   13.5   16.1   12.8    8.4    5.1    5.0    3.0    5.8   10.0   12.0   10.1    5.8    3.6    2.7    1.2    4.8    9.4   10.8    7.5    5.0    3.1    2.1    0.3    3.3    8.5
  815    4.9    3.6    7.1   10.9   13.8   10.6    5.8    3.0    2.3   -0.1    4.8   10.3   12.1   10.6    4.7    3.0    1.5    0.3    4.4    8.3   10.6    9.1    4.4    2.7    1.4    0.6    3.7    9.4
  817    3.4    3.2    4.4    6.7    5.3    2.4    0.9    0.7   -0.7   -2.4    2.1    6.9    6.0    3.3    0.2   -1.2   -2.1   -2.1    1.6    4.7    4.8    3.4   -1.0   -1.0   -0.9   -1.6    2.9    8.3
  822    4.8    4.0    7.6   13.0   14.7   12.1    7.0    3.4    2.6    1.4    4.9   10.0   11.9   11.1    5.2    2.4    1.2    0.7    4.3    9.5   11.1    9.9    5.6    2.5    0.2   -1.0    3.2    8.6
  823    4.6    2.7    7.2   11.3   14.3   11.4    6.4    3.6    2.0    0.4    4.7    9.7   11.8   10.1    5.4    2.6    1.5    0.7    4.2    8.7   10.3    8.9    4.5    2.2   -0.2    0.4    2.6    7.9
  825    7.0    5.2    9.1   13.2   15.6   13.1    8.2    5.2    4.4    2.9    6.7   10.7   12.9   11.4    6.7    5.1    3.4    1.9    6.1   10.0   11.6   10.2    6.0    4.6    2.8    1.6    4.7    8.6
  826    5.8    3.7    7.6   11.9   13.8   10.4    5.2    3.7    2.6    1.4    5.3    9.3   11.6    6.7    3.3    2.0    1.4    0.2    4.8    8.6    9.9    7.0    3.2    1.8    0.8    0.1    4.2    8.5
  827    7.5    5.9    8.8   13.1   15.9   12.7    8.0    5.3    4.6    3.7    6.0   10.0   12.1    9.2    6.0    5.0    3.8    2.2    5.8    9.6   11.2    8.1    5.7    4.8    2.8    2.0    4.4    8.1
  828    8.8    6.4   10.1   14.2   17.1   14.2    9.9    6.2    5.3    4.1    6.9   10.9   13.1   11.6    7.8    5.6    4.2    3.3    6.4   10.3   11.8    9.0    6.8    5.3    3.8    2.5    4.3    8.5
  830    5.8    5.4    8.6   10.2    9.6    7.4    5.4    4.4    3.7    2.4    6.5    8.9    8.4    6.2    4.0    3.1    0.9   -0.1    5.2    8.3    9.2    6.8    3.0    1.4    0.1    0.3    4.8    9.5
  832    6.3    5.0    8.1   12.3   14.8   12.4    7.3    4.6    3.7    1.5    5.7   10.9   13.1   11.8    6.7    4.7    3.5    1.8    4.9    9.2   11.5   10.5    6.2    3.8    2.3    0.8    3.6    8.5
  834    3.8    2.3    5.5    9.9   11.3    8.7    4.0    1.3    0.9    0.1    3.4    7.9   10.1    8.2    3.5    0.9   -0.3   -1.5    3.0    7.2    9.2    8.0    3.9    0.9   -0.5   -1.9    2.5    7.0
  835    4.2    3.3    6.6    9.6   10.4    6.9    2.8    2.2    0.7   -1.5    4.2    9.0   10.6    7.9    2.6    1.1    0.0   -1.0    3.7    7.3    9.4    7.5    2.0    0.5    0.1   -0.2    3.8    8.8
  836    2.6    1.5    5.2    8.8   10.5    8.0    2.7    0.9    0.6   -1.5    2.8    7.6    9.5    5.7    1.6    0.1   -1.4   -1.7    2.1    6.1    7.6    5.1    1.4   -0.3   -1.7   -1.5    2.2    6.1
  844    5.3    5.7    8.0   10.5    9.0    6.7    3.9    3.4    2.8    1.7    6.3    9.1    8.1    6.6    3.2    2.1    1.4    1.3    5.1    7.9    7.7    5.6    2.2    1.7    2.0    2.1    6.6    9.9
  850    7.3    7.1    9.5   10.1    9.9    9.4    6.8    5.6    4.8    5.2    7.8    7.9    8.5    7.5    5.2    3.6    2.9    3.2    6.8    7.4    8.0    6.9    4.7    3.6    3.4    3.1    6.7    8.8
  853    5.1    3.1    4.5    8.2   10.1    8.1    3.8    1.1    0.4   -0.6    2.1    5.6    7.6    5.0    1.8    0.6    0.2   -0.4    2.1    5.1    6.3    4.4    1.9    1.3   -0.1    0.2    2.4    4.6
  871    2.1    2.0    3.6    4.4    3.9    0.7   -2.0   -2.8   -3.8   -4.4   -4.2   -1.6   -1.8   -2.3   -4.5   -4.1   -3.8   -4.4   -1.9   -0.6   -1.3   -2.9   -4.0   -5.4   -5.7   -6.8   -4.3   -2.2
  875   -4.2   -5.6   -4.3   -4.7   -6.0   -6.1   -6.5   -6.8   -7.3   -7.6   -4.5   -2.7   -3.9   -4.4   -4.4   -4.9   -6.7   -6.5   -4.1   -3.2   -3.2   -4.9   -4.5   -4.1   -3.8   -3.5   -1.4   -0.6
  876    6.7    5.2    6.9    7.0    5.5    4.3    3.1    3.5    3.0    1.9    5.8    7.4    7.0    6.0    4.6    3.5    3.1    2.3    5.0    6.3    6.4    5.5    3.8    3.7    3.8    3.1    8.3   10.2
  877    3.8    2.4    5.7   12.4   13.3   10.9    5.3    2.8    0.4   -0.9    3.7   10.7   12.0   10.6    4.8    2.0   -0.1   -0.9    3.9   10.1   11.0    9.7    4.2    0.8   -0.7   -1.5    3.0   10.6
  878    0.2   -0.5    0.9    1.8    0.3   -1.3   -2.0   -2.5   -3.0   -3.1   -2.0    1.6    1.1   -0.2   -1.8   -2.3   -2.7   -2.7   -1.4    1.8    2.0    0.3   -0.4   -0.9   -1.4   -2.1    1.8    4.4
  887    4.2    3.4    6.9   12.2   13.4   10.4    6.0    3.3    1.5   -0.5    4.2   10.0   11.7    9.9    4.3    1.7   -0.3   -1.5    3.5   10.1   11.1   10.2    4.0    0.6   -1.1   -2.4    2.5    9.2
  900    6.4    5.3    8.1   11.7   12.5   10.0    6.7    5.0    4.4    3.4    5.7    8.5    9.0    7.1    4.3    3.3    1.6    1.0    5.6    8.0    7.7    6.0    3.6    2.8    1.4    1.1    4.9    8.2
  901    9.6    8.8   10.1   11.2   10.5    9.4    8.7    7.1    5.9    6.2    8.1    9.4    9.2    7.7    6.9    6.6    5.7    5.3    7.2    8.6    8.9    6.9    6.4    6.3    5.1    4.8    6.9    9.1
  907    9.2    8.0    9.8   12.5   13.2   12.5   10.2    8.2    6.5    5.7    7.3   10.2   11.3    9.9    8.1    7.4    6.1    5.4    7.0    8.4    8.9    8.9    8.2    7.0    5.3    4.6    5.4    8.7
  908    7.7    6.3   10.8   13.8   14.3   11.2    9.0    7.5    6.1    5.2    8.1   10.9   10.8    9.4    6.9    6.0    5.1    4.0    7.8    9.3    8.7    8.6    6.3    4.8    4.2    3.5    6.2    8.6
  909    9.9    8.6   10.1   12.1   12.4   10.2    9.0    7.6    5.5    4.8    6.5    9.3    9.4    7.7    6.8    6.1    5.3    5.3    6.5    8.3    8.7    7.3    6.4    6.4    5.2    5.3    6.1    7.8
  912    4.7    2.6    7.2   13.9   15.3   11.7    6.6    3.1    0.3    0.1    4.5   10.7   12.7   10.6    5.9    2.4    0.4   -0.1    3.9   10.3   11.8    9.3    5.3    2.4    0.4   -1.2    3.3    9.6
  915    4.7    3.6    9.2   14.2   17.2   13.7    7.7    4.0    2.8    1.9    6.6   10.6   13.3   11.3    6.3    3.2    3.3    1.4    5.3    9.8   11.0    8.7    4.9    1.9    0.9   -0.3    3.2    8.5
  917    7.1    5.6   10.2   15.6   17.7   14.4    8.4    5.9    4.4    3.5    7.2   12.4   13.9   10.4    6.4    5.8    4.6    3.6    7.0   11.0   11.3    9.1    6.0    4.7    3.2    2.3    4.9   10.7
  918    7.7    5.8   10.5   14.6   14.9   12.1    8.6    6.8    4.5    4.1    7.4   11.2   12.3    9.4    6.2    5.7    4.3    3.1    7.1    9.7    9.6    8.7    5.9    4.8    3.6    3.0    5.2   10.0
  919    7.2    5.4   10.3   14.9   17.9   14.9    9.5    5.5    4.8    3.4    7.2   11.5   13.6   11.8    6.9    5.0    3.8    2.8    6.6   10.9   12.0    8.9    6.1    4.2    2.8    1.9    3.7    8.9
  920    6.5    5.1   10.0   14.4   18.1   14.5    9.0    5.6    4.2    3.5    7.2   11.1   13.5   10.7    6.7    5.1    4.1    3.1    5.9   10.2   11.2    8.7    6.0    4.0    2.3    0.7    3.3    9.0
  923    9.0    8.3   10.1   12.6   11.9    9.6    8.6    7.4    5.9    5.8    7.6    9.8    9.4    7.7    6.3    5.9    5.2    4.7    7.2    8.6    9.2    7.0    5.6    4.9    4.5    4.6    7.4    8.4
  932    7.2    5.3    9.2   16.1   17.5   13.3    8.8    5.3    3.3    2.3    7.0   12.5   13.6   11.2    7.4    5.4    4.5    3.2    6.4   11.0   12.0    9.3    7.2    4.8    2.7    1.4    5.2   11.1
  936    6.5    5.0    9.5   13.9   16.6   13.9    8.0    5.0    3.9    3.6    6.3   10.4   12.6   10.8    5.9    4.7    3.9    2.7    5.8    9.4   10.6    8.5    5.1    3.7    2.0    0.4    4.0    8.6
  940    9.1    7.8   10.4   14.2   13.9   10.3    8.5    7.6    6.1    5.4    7.6   10.8   10.1    8.3    6.3    5.8    4.8    4.0    6.9    9.7    9.0    7.8    6.4    5.6    4.6    4.0    6.5    9.6
  946    3.7    1.9    7.2   12.8   13.9   10.4    5.5    1.7    0.1   -0.4    3.4    9.0   10.6    9.2    4.2    0.8   -0.7   -1.2    3.7    8.9   10.1    8.2    3.6    0.7   -1.0   -2.0    2.3    8.5
  790    8.3    8.2    9.8   13.9   14.9   10.8    7.4    5.8    5.1    4.5    6.7   10.2   11.4    8.8    7.1    5.5    5.3    5.1    6.9    9.9   10.4    8.8    6.9    5.2    4.4    3.2    6.0   10.0
10111    0.8   -1.0    1.4    5.5    6.5    4.5    1.6    0.3   -1.5   -2.7   -0.3    3.5    5.2    4.4    1.3   -0.5   -2.0   -3.2   -0.3    3.0    4.3    2.7    0.4   -1.3   -2.3   -3.0   -0.1    3.6
10112    3.5    1.9    5.1   10.4   11.4    8.8    5.0    3.5    1.2   -0.3    3.6    8.5   10.1    8.2    4.2    1.9    0.4   -0.9    3.6    8.2    9.4    6.6    2.7    1.3   -0.3   -1.4    3.2    8.7
10121   -5.9   -7.0   -4.9   -5.0   -6.1   -7.3   -7.5   -8.7   -9.4   -9.8   -7.1   -4.5   -4.4   -5.6   -6.7   -7.2   -7.8   -8.1   -7.5   -6.4   -5.4   -5.9   -6.3   -7.0   -7.2   -7.6   -4.1   -2.1
10122   -0.3   -1.2    0.8    0.3   -0.8   -1.9   -1.7   -2.9   -3.0   -3.3   -0.7    2.0    1.5    0.1   -0.7   -1.2   -1.7   -1.9   -1.3    0.0    0.5   -0.1    0.1   -0.5   -0.7   -1.1    2.2    4.9
10131   -4.3   -5.7   -3.4   -2.8   -4.2   -5.8   -6.5   -7.0   -8.2   -9.0   -6.0   -2.8   -2.1   -4.7   -5.8   -6.2   -6.9   -7.1   -6.2   -4.7   -4.0   -4.8   -5.8   -6.3   -6.5   -6.7   -3.3   -1.0
10132    1.5    0.5    3.4    4.5    2.8    0.5   -0.4   -0.8   -2.3   -3.6    0.8    4.8    5.1    1.5   -0.1   -0.7   -1.1   -1.1    0.7    2.8    3.5    1.6    0.0   -0.7   -1.4   -1.6    3.0    6.4
10141   -1.8   -3.1   -0.2    3.0    3.3    1.6   -2.0   -4.0   -5.4   -6.8   -3.2    0.4    1.9    0.8   -1.8   -3.7   -5.0   -5.8   -3.0   -1.3    0.1   -0.1   -2.4   -4.0   -5.4   -6.4   -3.1    0.6
10142    4.3    3.0    6.9   10.9   10.8    8.6    4.3    2.0    0.2   -1.3    3.8    8.7    9.9    8.4    4.9    2.5    0.9    0.4    4.4    6.9    8.5    7.4    3.9    2.0    0.1   -0.8    3.3    8.9
10151    1.1    0.3    2.2    6.0    6.4    2.8    0.5   -0.9   -2.2   -3.5   -0.4    3.7    5.2    3.1    0.0   -1.9   -3.5   -4.0   -0.5    3.5    4.5    3.0   -0.6   -2.6   -3.8   -4.6   -0.8    2.6
10152    4.4    3.7    6.5   11.8   11.9    8.0    4.9    3.3    2.0    0.3    4.5    9.6   10.8    8.2    3.7    2.1    0.1   -1.0    4.0    9.6   10.2    8.2    3.3    0.9   -0.5   -1.6    3.3    8.5
10161    0.3   -0.6    1.5    5.0    5.7    2.5   -0.4   -2.2   -2.5   -3.3   -0.8    2.4    4.1    2.5   -0.4   -3.0   -3.9   -4.7   -0.8    1.9    3.5    2.3   -0.5   -2.5   -4.0   -5.2   -1.7    1.7
10162    2.5    1.8    4.3    8.7    9.4    5.9    2.5    0.5    0.2   -0.9    2.7    6.8    8.3    6.1    2.2   -0.1   -1.2   -2.6    2.3    6.3    7.8    5.9    2.3   -0.2   -1.5   -2.9    1.5    6.1
10171   -0.2   -1.2    1.4    4.6    5.4    3.1   -0.3   -2.3   -2.9   -4.2   -1.2    2.2    3.9    2.5   -0.5   -2.5   -3.7   -4.6   -1.2    1.1    2.3    1.8   -0.3   -2.4   -3.2   -4.4   -1.7    1.8
10172    4.9    4.3    7.7   12.1   12.7    9.8    5.6    3.7    2.8    1.3    5.2    9.8   11.3    9.3    5.5    2.9    1.7    0.4    5.4    8.8   10.0    8.7    5.3    2.7    1.6    0.3    4.2    9.5
10181    3.2    2.4    4.9    8.9    8.2    3.5    1.0    0.6    0.3   -0.3    2.2    6.1    6.7    3.7    0.9    0.0   -0.7   -1.5    2.2    5.8    6.1    3.9    1.0   -0.5   -1.4   -2.2    1.5    4.9
10182    5.2    4.1    7.8   13.2   12.4    7.3    4.3    3.7    3.2    2.3    5.7   10.6   10.8    7.4    3.6    2.2    1.1   -0.2    5.7   10.5   10.6    7.7    3.8    2.0    0.8    0.1    5.3    9.5
10192    0.4   -0.8    1.5    4.6    5.0    1.2   -2.0   -3.7   -5.0   -5.7   -2.5    1.2    2.6    0.6   -2.2   -3.7   -4.6   -5.2   -2.9    0.6    1.9   -0.1   -2.6   -4.1   -5.6   -6.5   -3.6    0.0
10201    2.1    1.0    2.8    6.7    5.9    1.7   -0.2   -0.7   -1.5   -2.3    0.4    4.1    4.5    2.1   -0.5   -1.7   -2.9   -3.7    0.5    4.5    4.6    2.2   -0.8   -2.3   -3.5   -4.4    0.0    3.3
10202    4.7    3.4    6.2   11.7   10.9    6.0    3.7    3.0    1.9    0.7    4.5    9.4    9.5    6.1    2.7    1.2    0.0   -0.7    4.7    9.9    9.7    6.5    2.7    0.9   -0.6   -1.6    4.3    8.7
10211   -1.5   -2.6   -0.7    2.1    2.8   -0.7   -3.9   -5.6   -6.6   -6.9   -4.5   -1.5   -0.2   -1.1   -3.8   -6.4   -7.4   -8.3   -4.6   -1.0   -0.2   -1.8   -4.4   -6.4   -7.7   -8.5   -5.5   -2.0
10212    0.4   -0.6    1.4    4.8    5.4    1.7   -2.0   -3.5   -4.4   -4.7   -2.3    1.2    2.6    1.3   -1.8   -4.2   -5.0   -5.8   -2.2    1.6    2.5    0.6   -2.5   -4.4   -5.4   -6.3   -3.2    0.7
10221    2.2    1.6    3.7    6.0    5.6    3.4    1.3   -0.1   -0.7   -1.2    1.3    4.2    4.4    2.0    0.5    0.1   -0.8   -1.1    0.7    2.5    2.8    1.3    0.7    0.6    0.4    0.2    1.8    4.2
10222    4.9    4.4    7.0    9.8    9.8    6.9    4.2    2.8    2.1    1.1    4.7    8.1    8.7    5.4    3.3    2.6    1.6    1.2    4.2    6.6    6.7    4.1    2.8    2.2    1.7    1.4    4.5    8.0
10231   -2.0   -3.7   -1.2    1.3    1.9   -0.8   -4.7   -6.8   -8.1   -8.7   -6.0   -3.3   -1.6   -2.9   -5.4   -7.0   -7.7   -8.1   -6.5   -3.7   -2.7   -4.0   -5.6   -7.3   -8.6   -9.4   -7.3   -4.1
10232    0.8   -0.6    1.6    4.7    5.4    1.9   -1.6   -3.7   -5.0   -5.7   -3.1    0.4    2.2    0.6   -2.1   -3.9   -4.5   -4.9   -3.3   -0.1    1.1   -0.5   -2.4   -3.9   -5.3   -6.2   -4.0   -0.4
10241   -2.1   -3.2   -0.9    1.3    2.6    0.8   -2.3   -4.3   -5.1   -6.5   -3.8   -0.7    1.0   -0.1   -2.9   -4.5   -5.5   -6.3   -4.2   -2.2   -1.3   -1.5   -3.6   -4.5   -4.9   -5.3   -3.9   -1.1
10242    3.6    2.8    6.2    9.4   10.6    7.8    3.9    2.1    0.8   -0.8    3.1    7.6    9.2    7.3    4.0    1.9    0.5   -0.2    3.2    6.2    7.3    6.1    2.8    1.2    0.6    0.1    2.4    7.1
10251   -0.1   -1.4    0.4    3.1    5.0    1.9   -1.6   -3.8   -4.8   -5.1   -3.2   -0.5    1.1    0.5   -1.8   -4.0   -4.5   -5.2   -3.3   -0.6    0.6   -0.8   -3.2   -4.4   -5.0   -5.7   -4.2   -1.9
10252    5.9    4.5    7.8   12.2   14.1   10.3    5.7    3.4    2.2    2.2    4.8    8.7   10.0    8.7    5.6    3.5    2.5    1.8    4.8    8.4    9.6    7.1    4.2    2.2    1.1    0.3    3.8    7.1
10261   -2.9   -3.2   -0.6    1.7    0.9   -2.3   -4.9   -5.5   -5.7   -6.1   -5.3   -3.4   -3.1   -4.9   -6.7   -7.2   -7.4   -7.6   -5.0   -3.6   -3.7   -5.2   -6.5   -7.0   -7.3   -7.5   -5.5   -3.9
10262    4.1    3.8    6.7    8.2    7.3    4.2    2.0    1.3    1.2    0.8    2.2    3.8    4.4    2.7    1.2    0.5    0.0    0.0    2.6    4.4    4.5    2.9    1.1    0.3   -0.4   -0.7    1.4    3.1
10272    2.8    2.6    4.8    6.1    5.4    2.4    0.4   -0.2   -0.1   -0.4    0.6    2.1    2.5    0.8   -0.4   -1.1   -1.4   -1.6    1.0    2.7    2.6    1.1   -0.4   -1.2   -1.9   -2.1   -0.1    1.3
10281   -0.1   -1.0    0.8    4.9    4.7    0.9   -2.4   -3.3   -4.0   -4.7   -1.9    1.8    2.8    0.8   -2.8   -4.2   -5.3   -6.5   -2.6    1.4    2.5    0.4   -2.9   -4.6   -5.8   -6.7   -2.8    0.4
10282    4.8    3.7    7.1   13.1   12.6    7.4    4.3    3.1    2.2    1.0    5.2   10.6   11.1    7.6    3.3    1.6    0.4   -0.5    4.6   10.3   11.0    7.9    3.4    1.6    0.2   -0.8    4.4    9.4
20111   -1.1   -3.2    0.4    3.4    4.2    1.4   -1.7   -3.5   -4.9   -5.9   -2.1    1.9    3.3    2.3   -0.6   -2.5   -4.1   -5.3   -2.0    0.4    1.9    1.0   -1.0   -2.9   -4.2   -4.6   -1.3    2.1
20121    2.1    0.6    3.0    7.6    8.8    6.6    3.2    1.5   -0.3   -1.7    1.6    5.8    7.1    5.2    2.2    0.5   -1.0   -2.1    1.4    5.4    6.5    4.4    1.2   -0.3   -1.6   -2.4    1.3    5.6
20131    1.9    1.1    2.5    7.2    7.8    5.9    3.0    1.7    0.1   -1.2    1.9    5.5    6.1    4.5    2.0    0.9   -1.0   -2.0    1.4    5.1    5.8    3.6    0.9   -0.6   -1.6   -2.4    1.5    5.4
20141   -3.2   -4.0   -1.9   -0.5    0.2   -1.7   -5.0   -6.1   -6.7   -7.9   -4.8   -1.9   -1.2   -3.4   -5.3   -6.2   -7.1   -7.4   -5.7   -3.5   -3.1   -4.3   -5.6   -5.7   -6.0   -6.2   -3.9   -0.9
20151    2.2    1.4    4.0    7.7    7.0    3.9    2.0    1.0   -0.1   -1.2    1.7    5.7    6.5    4.1    1.2    0.1   -1.7   -2.0    1.5    5.6    6.0    3.9    0.4   -1.3   -2.2   -2.7    1.2    4.8
20161    1.2    0.1    2.1    6.2    7.0    3.2    0.3   -1.1   -2.2   -2.9   -0.4    3.6    5.5    3.6    0.2   -2.1   -3.4   -4.1   -0.4    3.7    4.3    2.8   -0.6   -2.5   -3.8   -4.5   -0.8    2.8
20171    2.8    1.8    3.6    8.5    9.1    4.9    1.5   -0.1   -1.0   -1.5    1.5    5.8    7.2    4.4    1.1   -0.9   -2.0   -3.0    1.5    5.9    6.4    4.3    0.4   -1.2   -2.4   -3.4    0.4    4.9
20181    1.6    0.7    2.3    6.4    6.9    2.8    0.2   -0.8   -2.0   -2.8   -0.1    4.0    5.0    2.5   -0.2   -2.0   -3.1   -3.8    0.2    4.0    4.2    2.5   -0.7   -2.4   -3.4   -4.1   -0.4    3.0
20191    3.7    2.6    5.0    8.2    6.9    3.9    3.0    2.8    2.2    1.0    3.7    6.3    6.0    3.9    2.1    1.1    0.0   -1.1    3.6    6.9    6.4    4.3    1.9    0.3   -0.6   -1.4    3.4    5.8
20201   -0.1   -1.0    0.8    4.9    4.7    0.9   -2.4   -3.3   -4.0   -4.7   -1.9    1.8    2.8    0.8   -2.8   -4.2   -5.3   -6.5   -2.6    1.3    2.5    0.4   -2.9   -4.6   -5.8   -6.7   -2.8    0.4
20211    2.7    1.5    4.2    7.9    8.4    3.8    0.4   -1.0   -1.8   -2.4    0.5    4.6    6.0    3.7    0.2   -1.4   -2.3   -3.1    0.1    3.8    5.5    3.3    0.5   -1.6   -2.8   -3.4   -0.3    3.4
20221    4.8    3.3    6.3    8.8   10.2    6.9    3.5    1.7    1.1    0.3    2.5    5.3    6.6    5.3    3.8    1.9    0.9    0.2    3.0    4.5    5.0    4.7    3.4    1.6    0.3   -0.4    1.9    4.6
20231    2.9    2.3    4.8    7.2    6.3    2.3    0.3    0.2    0.1   -0.3    1.8    4.6    4.7    2.5    0.4   -0.4   -1.1   -1.6    2.0    4.6    4.6    2.6    0.2   -1.1   -1.6   -2.1    1.3    3.6
20241    3.1    2.4    4.9    7.5    6.8    2.7    0.4    0.2    0.1   -0.2    1.9    5.0    5.1    2.9    0.6   -0.3   -0.9   -1.5    2.1    4.8    4.9    2.9    0.4   -1.0   -1.6   -2.1    1.3    3.8
20251    0.6   -0.2    1.7    4.1    5.5    3.6    0.9   -1.1   -2.5   -3.6   -2.0    0.5    1.2   -0.5   -2.3   -3.2   -3.7   -4.1   -1.5   -0.1   -0.8   -1.7   -2.3   -2.7   -3.1   -3.6   -2.0   -0.6
20261    1.4    0.5    2.9    5.4    5.5    3.7    0.4   -1.1   -1.5   -2.6    0.2    3.7    5.1    1.6   -0.6   -1.3   -2.1   -2.5   -0.7    2.0    2.3    1.2   -0.1   -0.5   -0.6   -1.0    0.6    3.5
20271    2.8    1.7    3.7    7.5    9.0    5.8    2.4    0.2   -0.3   -0.7    1.3    4.9    7.0    5.6    2.7    0.2   -1.3   -2.1    1.0    4.6    6.2    5.1    3.0    0.8   -0.8   -1.8    0.5    3.7
20281    1.8    0.5    2.4    5.6    7.6    4.6    1.1   -1.2   -1.9   -2.3   -0.3    2.7    4.8    4.1    1.3   -0.9   -1.9   -2.6   -0.5    2.4    3.7    2.7    0.6   -0.9   -2.2   -3.0   -1.1    1.2
20291    0.4   -0.9    0.9    3.7    5.7    4.2    0.7   -1.5   -2.8   -3.8   -1.7    1.2    2.6    1.6   -1.5   -2.6   -3.4   -4.3   -1.8    0.7    1.0   -0.3   -2.1   -2.4   -3.2   -3.9   -2.9   -1.4
20301    5.7    4.2    6.9   10.5   12.2    9.8    6.4    3.2    1.4    0.9    3.1    6.9    8.3    6.4    4.1    3.2    2.6    1.9    3.7    5.6    5.4    4.4    3.1    2.8    1.6    1.2    1.8    4.6
30111    0.4   -1.5    1.7    5.5    6.8    4.2    0.8   -0.9   -2.5   -3.7   -0.5    3.5    5.1    4.3    1.0   -1.1   -2.5   -3.6   -0.4    2.6    4.2    2.9    0.4   -1.7   -2.7   -3.5   -0.3    3.5
30121   -2.4   -4.4   -0.9    1.8    2.4   -0.3   -3.0   -4.7   -6.0   -6.9   -3.5    0.2    1.7    0.8   -1.9   -3.7   -5.2   -6.4   -3.4   -1.3    0.1   -0.6   -2.3   -3.9   -5.2   -5.5   -2.4    0.7
30131   -0.4   -1.9    1.2    3.7    3.1   -0.5   -1.6   -2.8   -4.1   -4.9   -1.7    2.6    4.0    1.7   -0.6   -2.0   -3.2   -3.4   -1.6    0.5    1.5    1.4   -0.4   -1.6   -3.1   -3.6   -0.3    3.4
30141    0.5   -0.5    1.8    5.1    5.6    1.7   -1.9   -3.3   -4.4   -4.9   -2.0    1.6    3.2    1.5   -1.8   -4.1   -5.0   -5.8   -2.0    1.9    2.9    0.7   -2.6   -4.2   -5.2   -6.2   -2.9    0.8
30151    3.0    2.0    4.4    9.0    8.5    3.7    1.1    0.1   -0.9   -1.8    2.1    6.7    7.4    3.9    0.3   -1.0   -2.2   -3.2    1.7    6.8    7.3    4.1    0.3   -1.3   -2.7   -3.8    1.1    5.7
30161    2.0    0.5    2.6    5.2    7.4    5.4    1.5   -1.0   -1.7   -2.5   -1.0    2.2    3.6    2.8   -0.2   -1.2   -2.2   -2.9   -0.7    1.3    2.5    0.7   -0.6   -1.4   -2.1   -2.9   -2.2   -0.6
30171    1.0    0.2    2.1    4.4    5.7    3.7    1.0   -0.9   -2.2   -3.3   -1.6    0.9    1.4   -0.4   -2.1   -2.9   -3.5   -4.0   -1.2    0.2   -0.8   -1.6   -2.2   -2.6   -3.1   -3.5   -1.6   -0.2
30181    1.1    0.2    2.2    4.6    6.1    4.1    1.4   -0.5   -2.1   -3.2   -1.7    1.1    1.8    0.0   -1.8   -2.7   -3.3   -3.7   -1.1    0.4   -0.2   -1.3   -1.9   -2.3   -2.7   -3.4   -1.8   -0.2
30191    4.3    2.4    4.8    8.1   10.3    8.5    4.5    1.6    0.8   -0.3    1.2    4.7    6.2    5.0    2.2    1.4    0.7    0.0    1.6    3.9    4.5    2.6    1.6    1.2    0.4   -0.2    0.1    1.9
30201    0.5   -0.8    1.4    4.7    5.5    1.8   -1.9   -3.6   -4.7   -5.1   -2.6    0.8    2.2    1.1   -1.5   -3.9   -4.6   -5.2   -2.6    1.0    2.3    0.7   -1.9   -4.1   -5.2   -6.1   -3.5    0.4
30211    1.8    0.6    3.0    6.3    8.2    4.8    0.6   -1.5   -3.2   -3.4   -1.0    2.6    4.3    3.1    1.2   -0.8   -1.6   -2.2   -0.9    2.0    2.8    1.6   -0.3   -1.9   -3.2   -4.0   -1.8    1.3
30221    2.2    0.9    3.4    6.8    8.2    4.6    0.7   -1.5   -2.9   -3.5   -0.8    2.8    4.5    3.1    0.6   -1.5   -2.1   -2.7   -0.9    2.0    3.0    1.2   -0.3   -1.7   -3.2   -4.0   -1.5    1.8
30231    5.8    4.0    6.7   10.1   12.6   10.7    6.4    2.9    1.4    1.1    3.0    6.6    8.4    7.3    4.3    3.2    2.5    2.1    3.3    5.6    5.9    4.6    3.1    2.8    1.7    1.0    1.5    4.0
30241    6.1    4.4    8.0   11.7   13.7   10.3    5.7    3.0    1.3    1.0    4.3    8.1    9.6    8.0    5.2    4.0    3.3    2.6    4.5    6.6    7.3    5.7    4.5    2.8    1.9    1.1    3.2    6.8
30251    5.2    3.8    6.7    8.8   10.3    8.4    4.6    2.0    0.4   -0.2    2.6    5.5    6.8    5.5    3.8    2.6    2.1    1.7    3.3    4.2    4.7    4.1    3.0    2.7    1.5    0.4    1.6    4.4
40111    0.7   -1.2    1.6    5.7    6.8    4.5    1.7    0.3   -1.5   -2.8   -0.1    3.7    5.5    4.7    1.4   -0.5   -2.1   -3.2   -0.2    3.2    4.5    2.9    0.5   -1.2   -2.4   -3.0    0.2    3.8
40121    1.1   -0.7    2.9    6.8    8.1    5.0    2.5    0.9   -0.7   -2.2    0.5    4.9    6.8    6.1    2.8    0.2   -0.8   -2.3    1.0    4.1    5.6    4.4    2.2    0.3   -1.0   -1.3    1.4    5.3
40131    1.6   -1.0    3.9    7.7    8.4    4.9    1.3   -0.9   -2.3   -3.5    1.6    6.2    7.6    6.1    2.6    0.0   -2.1   -3.2    1.6    4.8    6.4    4.7    1.6   -0.2   -1.6   -2.0    1.9    6.4
40141   -1.6   -3.1   -0.1    3.5    4.4    2.2   -1.7   -3.8   -5.3   -6.4   -2.8    1.2    2.7    1.6   -1.7   -3.5   -5.1   -5.8   -2.5    0.0    1.6    0.6   -2.2   -4.3   -5.2   -6.3   -2.8    1.3
40151    1.3    0.3    1.9    6.6    7.5    5.5    2.3    0.9   -0.8   -2.2    1.0    4.8    5.7    4.1    1.4   -0.1   -1.9   -2.9    0.7    4.3    5.2    3.2    0.2   -1.2   -2.3   -3.1    0.8    4.5
40161    2.2    1.3    3.1    5.6    6.2    5.2    2.8    1.5    0.3   -0.7    1.1    4.0    5.2    4.7    3.0    1.5    0.4   -0.6    1.5    3.5    3.9    3.3    1.9    1.1    0.3    0.1    2.0    4.4
40171   -1.5   -3.2   -0.1    2.3    1.6   -1.9   -2.6   -4.4   -5.8   -6.5   -2.6    1.3    3.2    1.4   -1.0   -2.4   -4.0   -4.7   -3.0   -0.4    1.3    0.6   -0.8   -2.5   -4.0   -4.1   -0.8    2.2
40181    1.4   -0.3    2.8    6.6    7.2    3.1    0.7   -1.0   -2.3   -3.1   -0.4    4.8    6.7    5.6    2.4    0.2   -1.6   -2.4    0.5    3.7    5.1    4.3    2.3    0.2   -1.3   -2.3    0.7    5.4
40191    3.5    1.5    5.5   10.0   10.6    6.9    2.8    0.7   -0.9   -1.9    2.3    8.0    9.6    8.1    4.2    1.5   -0.2   -1.0    3.2    6.9    8.5    6.9    3.7    1.0   -0.4   -1.8    2.7    8.5
40201   -2.0   -3.4   -0.4    2.3    2.0   -0.8   -3.4   -4.2   -5.6   -6.8   -3.4    0.5    1.7    0.0   -2.1   -3.9   -5.3   -5.5   -3.6   -1.6   -0.4   -0.5   -2.2   -3.4   -4.7   -5.4   -2.2    1.1
40211   -3.6   -4.7   -2.5    0.2    0.2   -3.0   -5.5   -6.1   -7.6   -8.9   -5.4   -1.4   -0.4   -3.0   -5.2   -6.3   -7.0   -7.5   -5.9   -3.5   -2.1   -2.8   -4.4   -5.0   -6.3   -7.0   -3.4   -0.6
40221   -2.3   -3.4   -1.5   -0.7   -2.0   -3.7   -4.8   -5.1   -6.3   -7.1   -4.1   -1.2   -1.2   -3.2   -3.9   -4.6   -5.1   -5.2   -4.1   -2.4   -2.2   -3.5   -3.7   -4.2   -4.6   -4.6   -0.9    1.4
40231   -2.9   -4.0   -2.3   -1.7   -3.0   -4.4   -5.5   -5.7   -6.8   -7.5   -4.6   -2.1   -2.1   -3.9   -4.5   -5.1   -5.7   -5.7   -4.7   -3.3   -3.1   -4.2   -4.3   -4.7   -5.1   -5.1   -1.4    0.6
40241    1.4    0.8    2.6    6.1    5.7    3.3    1.3    0.0   -1.3   -2.4    0.6    4.3    5.0    3.1    0.4   -0.7   -2.5   -2.6    0.7    4.5    4.7    3.1   -0.3   -2.0   -2.8   -3.4    0.5    4.0
40251    0.1   -1.0    0.7    4.2    5.1    1.8   -1.4   -3.3   -4.0   -4.2   -2.4    0.9    2.6    1.5   -1.3   -3.9   -5.2   -6.1   -2.4    1.3    2.4    1.1   -1.4   -3.6   -5.0   -5.9   -3.1    0.0
40262    4.7    3.6    7.3   11.6   12.0    7.1    3.0    1.1   -0.4   -1.0    3.5    8.2    9.6    6.7    2.8    1.0   -0.2   -0.4    3.5    7.9    9.1    6.5    2.7    0.8   -0.9   -1.7    2.5    7.3
40271    1.1   -0.4    2.8    6.1    7.0    3.6   -0.1   -2.5   -4.0   -5.0   -1.5    2.2    3.4    2.1   -0.5   -1.9   -2.7   -3.4   -1.4    1.0    2.0    0.3   -1.0   -2.9   -4.5   -5.3   -2.4    1.2
40281    3.7    3.2    6.2    8.5    6.7    3.1    1.8    1.9    1.9    1.3    3.4    5.4    5.3    3.3    1.4    0.7    0.3    0.0    3.8    6.0    5.8    3.6    1.5    0.4   -0.1   -0.3    3.1    5.1
40291    0.9    0.7    0.2   -0.1   -0.4   -0.7   -0.7   -0.6   -0.8   -0.9   -0.8   -1.1   -1.4   -1.5   -1.5   -1.7   -2.1   -2.2   -2.1   -2.2   -2.0   -1.7   -1.4   -0.9   -0.2    0.1    0.4    0.8
40301    0.4   -0.4    1.6    3.0    1.7    0.2   -1.7   -2.5   -2.8   -3.0   -0.8    1.5    1.2   -0.8   -1.6   -2.0   -3.0   -3.0   -2.0   -0.6   -0.3   -0.8   -1.1   -1.5   -1.7   -1.9    0.3    2.4
40311    3.2    2.6    4.5    6.2    5.9    4.3    3.2    1.2    0.5   -0.1    2.1    3.4    3.8    2.4    0.9    0.2   -0.6   -0.9    1.6    2.6    2.2    1.5    1.4    0.9    0.1   -0.1    1.9    3.2
40321    4.7    3.3    5.7    9.5   11.0    8.4    5.6    3.1    1.9    0.6    2.8    5.9    6.4    4.6    2.4    1.2    0.9    0.1    2.9    5.1    4.2    2.6    1.7    1.1    0.8    0.3    2.4    4.6
40331    5.1    3.5    6.2   10.3   12.2    8.7    4.3    1.9    0.2   -0.2    2.9    7.1    8.5    6.9    4.1    2.2    1.5    0.7    2.8    6.0    6.6    4.7    2.8    1.2   -0.5   -0.6    2.0    5.7
40341    4.5    2.9    5.3    8.3   10.6    7.5    5.2    2.3    1.0    0.0    1.4    4.9    6.0    4.7    2.2    1.4    0.8    0.2    1.7    3.6    3.3    2.9    1.8    1.4    0.7   -0.1    0.2    1.4
40351    5.2    4.3    5.8    8.4    8.4    6.4    5.1    3.8    2.2    1.4    3.1    5.3    4.9    3.9    2.6    1.6    1.1    0.7    2.8    3.9    4.0    3.6    2.6    1.6    1.1    1.1    2.2    3.5
40361    3.7    3.0    4.9    8.0    9.0    5.8    3.9    2.6    1.1    0.0    1.6    4.4    4.2    2.7    1.2    0.0   -0.4   -0.8    1.5    3.1    2.5    1.8    1.0    0.3   -0.2   -0.2    0.9    2.5
