2016032212+000HOUR     2016032221LST
STNID    18H    42H    66H    90H
STNID 032315 032415 032515 032615LST
47003    9.3    6.7    9.6   11.6
47005   -2.3   -2.2    1.0    4.5
47008    9.8    7.2    9.7   12.1
47014    5.2    5.7    8.6   12.2
47016    1.4    2.2    4.9    8.6
47020    6.3    7.3    9.1   12.5
47022   -0.5   -0.2    2.5    5.7
47025    8.6    7.1    8.5   11.4
47028    8.3   10.1   10.8   14.5
47031    0.8    1.2    2.7    5.8
47035   10.0   11.6   12.3   14.3
47037    9.3   10.6   11.6   14.8
47039    9.4   10.9   11.7   14.9
47041    9.8   10.6   10.6   14.0
47046    8.1    8.1    8.7   11.1
47050   10.0   10.6   11.0   12.8
47052    8.7    9.2    8.3   11.3
47055    8.2    9.2    8.3   12.5
47058   11.1   11.3   11.4   13.4
47060   10.3    9.7   10.4   11.6
47061    6.2    7.8    7.0   11.0
47065   11.3   11.1   11.4   13.3
47067   12.1   11.5   10.6   13.3
47068    9.5    9.5    9.9   12.4
47069   11.1   11.5   11.4   12.7
47070   12.7   12.5   11.2   12.9
47075    8.7    9.5    7.7   10.6
47090    6.5    7.8    7.6   11.7
47095   11.1   11.0    9.4   12.1
47098   14.8   13.7   12.6   14.0
47099   12.7   12.2   11.5   12.7
47100    2.2    3.3    3.0    7.2
47101   12.6   12.0   10.8   12.9
47104    6.2    7.7    6.8   11.0
47105    6.9    8.5    7.6   11.9
47106    7.8    8.3    7.9   11.2
47108   12.7   11.7   11.1   11.7
47112   11.1    9.5    8.9    9.5
47114   13.3   11.7   10.6   12.1
47115    7.1    6.3    6.8   10.0
47119   13.6   12.0   11.8   12.5
47121   12.8   12.3   10.9   12.8
47127   13.8   12.1   11.5   12.9
47129   10.8    9.9   10.3   11.5
47130    7.8    7.8    6.7   10.2
47131   13.4   12.0   11.9   12.6
47133   14.5   12.9   12.2   13.1
47135   13.2   11.3   10.4   11.3
47136   13.9   12.6   10.8   13.3
47137   15.4   13.3   11.9   13.4
47138   11.0    9.5    9.2   12.0
47140   12.0   10.7    9.9   10.3
47143   15.8   12.4   11.5   13.5
47146   13.9   12.2   11.5   12.0
47152   13.1   11.0   10.1   11.9
47155   16.4   12.4   10.0   12.5
47156   14.8   12.7   12.8   12.4
47159   15.6   12.3   10.8   12.6
47162   15.5   13.1   11.0   12.4
47165   11.4    9.8   10.5   10.2
47168   15.6   12.3   10.7   12.4
47169    8.9    7.7    9.3   10.6
47170   14.9   12.3   12.7   12.4
47172   11.6    9.6   10.6   10.2
47174   15.7   13.2   12.8   13.2
47177   11.9   10.7   11.0   11.3
47184   13.1   10.7   11.0   10.8
47185   11.3    9.0    9.8    9.4
47188   14.2   11.6   11.4   11.1
47189   15.8   12.3   12.7   11.7
47192   17.2   13.6   11.5   13.2
47201   11.7   11.0   10.0   10.8
47202   14.1   12.4   11.6   12.8
47203   14.3   12.6   12.0   13.1
47211    8.3    9.5    8.8   11.3
47212   12.8   12.1   11.1   12.8
47216    5.2    4.4    4.9    7.3
47217    8.3    9.3    8.4   10.6
47221   12.7   10.9    9.8   11.6
47226   13.9   12.3   11.7   12.6
47232   12.5   11.2   11.5   12.9
47233 1011.3 1010.1 1010.0 1010.5
47235   11.6   10.2   10.2   10.2
47236   14.0   12.6   11.8   12.4
47238   13.7   11.9   11.0   11.9
47243   10.7    9.5   10.0   10.1
47244   13.6   11.9   11.2   11.7
47245   12.8   11.0   11.2   11.3
47247   14.9   12.4   12.2   12.3
47248   12.9   10.6   10.1   10.5
47251   12.7   10.8   11.2   11.1
47252   10.6    8.9    9.9    9.8
47253   17.6   13.2   11.1   13.6
47254   13.6   11.6   11.6   11.8
47255   17.1   12.5   10.1   13.2
47256 1013.6 1010.9 1011.1 -999.0
47257   16.1   11.4    9.7   12.3
47259   14.9   12.7   12.5   12.0
47260   15.6   13.4   13.1   12.2
47261   13.2   11.3   11.4   10.7
47262   16.1   13.1   12.1   12.8
47263   18.8   14.5   12.2   15.2
47264   16.3   13.7   12.9   13.4
47266   17.6   14.0   12.6   13.9
47268   11.0    8.9   10.1   -1.9
47271    9.8    9.5    8.0   11.1
47272   12.8   11.0    9.9   11.6
47273   13.7   11.8   10.5   12.4
47276   12.5   11.6    9.2   12.9
47277   10.4    9.4    8.6   12.1
47278   15.2   13.3   11.8   13.8
47279   15.9   13.4   12.0   13.6
47281   14.8   12.1   10.2   13.4
47283   12.9   10.1    9.0   13.1
47284   15.8   12.4   12.0   12.6
47285   18.3   13.7   12.7   14.2
47288   17.7   13.8   11.6   14.0
47289   16.4   13.1   12.0   12.9
47294   16.5   12.9   10.5   12.6
47295   17.2   13.6   11.5   13.6
47299   10.2    8.0    8.6    7.6
  319    7.7    7.4    6.9   10.0
  322    8.6    9.6    8.2   10.6
  328   15.6   11.7   12.2   11.8
  400   12.8   11.6   11.2   12.1
  433   12.2   10.7   10.2   11.0
  441   11.7   10.3    9.8   10.9
  497    2.2    3.1    3.4    7.8
  498   -1.7    1.2    0.4    5.1
  504   12.5   11.5   10.6   12.2
  516   12.9   11.3   11.4   12.7
  517    5.7    7.4    7.3   11.6
  519    9.5    9.2    8.1   10.0
  522   10.9   11.4   10.4   12.5
  523    6.3    7.7    7.1   10.5
  525    7.4    8.2    6.9    9.3
  526   10.3   10.3    9.2   11.3
  527    9.5    9.8    8.7   10.3
  528    7.2    6.8    7.2   10.1
  529    7.3    7.8    6.7   11.6
  530    8.1    7.8    8.2   10.8
  531   12.7   12.3   11.1   13.1
  532   12.9   11.9   11.2   11.8
  534   13.4   11.7   11.2   12.5
  535   10.0   10.6    9.3   11.3
  536   13.2   12.1   11.2   12.8
  540   12.8   11.8   11.3   12.1
  541   13.4   12.2   11.7   12.4
  542   13.3   12.1   11.2   12.8
  546   12.9   11.3   11.2   12.3
  548   14.1   12.5   12.0   13.1
  549   12.7   11.3   10.9   12.4
  551   12.2   11.0   11.5   12.6
  552    9.5    9.9    8.6   11.2
  555   11.3   12.0   10.2   13.1
  556    9.5   10.9    9.5   11.8
  557    6.2    8.6    7.5   10.5
  559    5.0    7.2    5.9    8.6
  560    4.2    6.8    6.4    9.3
  561   11.3   10.5    9.5   11.6
  562   12.1   11.1   10.0   11.7
  563    7.5    8.8    8.3   10.2
  565   11.7   10.2    9.8   11.1
  566    6.2    7.8    7.1   11.1
  571   11.4   10.1    9.9   11.6
  572   13.6   12.2   12.0   13.4
  579    4.2    4.1    4.3    7.4
  580    6.6    7.6    7.0   11.9
  581    9.7    9.4    8.5   11.0
  583    9.1    8.0    7.6    9.0
  586    9.8   10.7    9.3   11.4
  587    7.7    9.3    8.6   10.2
  588   12.6   12.0   11.0   12.6
  590   13.0   11.5   11.2   12.3
  593    3.9    6.1    5.6   10.6
  594    5.9    8.9    8.9   12.1
  595    1.8    3.8    3.9    8.3
  598   12.4   11.3   10.5   11.8
  601   12.9   11.3   10.5   12.0
  602   13.2   11.5   11.6   12.6
  603   13.2   11.7   11.1   12.8
  604   13.5   12.0   11.3   12.6
  605   13.8   12.1   11.6   12.4
  606   10.0    8.2    8.8    9.8
  608   13.0   11.5   12.4   13.6
  610   12.3   10.9   11.3   12.5
  611   13.7   12.1   12.1   13.1
  612   13.3   12.0   11.9   13.0
  614   11.0    9.8    9.3    9.7
  615   13.8   12.8   11.7   12.9
  616   10.8    9.7   10.2   12.0
  617   12.2   10.9   11.3   12.6
  618   12.4   10.8   11.0   11.7
  619   13.0   11.5   11.3   12.8
  623   13.3   11.8   11.4   12.7
  624   12.2   10.7   10.2   11.9
  627    9.8    9.0    9.5   10.8
  628   11.6   10.5   11.1   12.6
  630   13.1   11.1   10.8   12.4
  634   11.1    9.8   10.5   12.2
  635   13.6   12.2   11.3   12.1
  636   12.9   11.4   10.8   12.1
  642   14.0   12.4   11.7   12.7
  651   10.3   10.6    9.7   11.9
  652   12.9   12.3   11.4   12.8
   96    7.5    6.5    6.4    9.0
  661    5.2    6.4    6.1   10.0
  670    6.1    7.4    6.4   11.6
  671    6.3    7.5    7.0   11.5
  695    4.1    4.1    3.4    5.4
  699   10.8    9.5   10.1    9.7
  701   13.4   11.3   10.6   12.6
  702   14.1   12.6   11.4   12.5
  703   12.0   10.3    9.3   10.6
  704    7.8    6.5    7.1    8.4
  706   13.8   11.6   12.1   13.0
  709   15.8   13.5   13.2   13.6
  710   14.1   12.3   12.7   12.4
  711   14.4   12.6   12.8   11.6
  712   16.7   13.4   12.6   13.9
  713   16.9   13.5   12.6   14.3
  724   10.5    8.9    9.2    9.5
  727    9.7    6.7    7.3    6.4
  730   13.0   10.8   11.4   11.5
  731   13.3   11.4   11.5   10.4
  732   14.8   12.7   12.2   11.9
  733   13.4   12.1   10.9   11.2
  734   13.7   12.7   11.6   12.4
  736   10.4    9.5    9.6   10.2
  737   11.6   10.6   10.4   10.9
  738   11.7   10.3   10.6   10.9
  741   14.7   12.6   12.6   12.9
  745   13.2   11.3   11.4   10.6
  748   16.9   13.8   12.7   14.2
  751   10.3    7.4    7.7    7.2
  752   12.1    9.1   10.0    9.5
  754   12.1   10.2   11.3   11.4
  757   12.3   11.2   10.3   10.8
  760   10.8    9.0    9.4    9.6
  762   12.1   10.7   10.6   11.4
  767   16.2   12.4   11.3   12.8
  768   15.1   12.4   12.5   12.8
  769    9.9    8.0    9.3    9.8
  770   13.8   11.8   12.4   10.9
  771   10.3    8.9   10.3   11.2
  775   11.8    9.7   10.3   10.2
  779   11.8    9.2    9.5    9.1
  780   15.6   12.1   12.5   11.9
  781   12.6    9.9   10.2    9.7
  782    8.6    3.7    4.9    4.9
  788   14.6   12.8   13.3   13.2
  789   10.0    8.3    9.5   10.9
  801   10.0   10.0    8.2   12.2
  803   12.9   11.5    9.8   12.8
  804    9.3    8.1    7.8   11.3
  810   16.3   12.8   11.7   13.9
  811   12.6    9.9    9.4   13.6
  812   17.5   13.4   12.4   14.0
  813   16.3   12.3   11.1   13.3
  815   14.1   12.7   11.1   13.5
  817    6.1    6.6    5.6    9.3
  822   15.4   12.8   12.1   13.7
  823   15.0   12.4   11.1   12.6
  825   16.2   13.4   12.4   14.3
  826   15.8   12.3   11.3   14.4
  827   16.4   12.8   12.0   14.5
  828   17.2   13.4   12.2   14.0
  830   11.6   10.2    9.6   13.6
  832   15.5   13.5   12.4   14.4
  834   12.3   10.7   10.0   11.0
  835   11.6   11.3   10.2   12.9
  836   12.1   10.5    8.5   11.1
  844    9.4    9.0    8.4   12.3
  850   11.3    9.5    8.9   11.8
  853   11.4    8.0    7.5    9.2
  871    4.7   -0.7   -0.6   -1.3
  875   -4.3   -2.5   -2.2    2.1
  876    7.0    7.7    7.0   10.9
  877   13.9   12.3   11.5   13.1
  878    1.9    1.8    2.7    7.5
  887   13.3   11.9   11.4   12.3
  900   13.3    9.8    8.7   11.9
  901   11.5   10.1    9.5   11.5
  907   14.0   11.7    9.8   11.5
  908   14.9   11.4    9.5   12.3
  909   14.1   10.8    9.8   12.3
  912   15.4   12.7   12.4   12.7
  915   17.3   13.3   11.9   14.1
  917   17.2   13.6   11.2   14.5
  918   15.5   13.1   10.4   13.0
  919   17.9   13.6   12.5   14.6
  920   18.3   13.7   11.6   15.3
  923   12.6   10.1    9.4   11.2
  932   17.3   13.5   12.1   14.3
  936   16.9   12.7   11.0   13.6
  940   14.2   10.4    9.3   12.0
  946   13.8   10.8   10.4   11.3
  790   14.6   11.4   10.6   12.1
10111    8.1    6.8    6.1 -999.0
10112   12.0   10.6    9.9 -999.0
10121   -4.3   -2.4   -5.1 -999.0
10122    1.2    3.4    0.6 -999.0
10131   -1.5   -0.3   -3.3 -999.0
10132    5.5    6.2    3.1 -999.0
10141    5.6    4.0    2.6 -999.0
10142   12.2   10.6    9.1 -999.0
10151    8.0    6.7    6.4 -999.0
10152   12.4   11.2   11.0 -999.0
10161    7.0    5.7    5.2 -999.0
10162    9.9    8.7    8.3 -999.0
10171    6.9    5.7    3.7 -999.0
10172   13.0   11.7    9.9 -999.0
10181   10.2    8.2    8.3 -999.0
10182   13.5   11.5   11.6 -999.0
10192    7.1    4.3    4.1 -999.0
10201    8.4    6.0    6.5 -999.0
10202   12.3   10.0   10.2 -999.0
10211    4.3    1.9    2.3 -999.0
10212    6.7    4.4    4.6 -999.0
10221    6.6    5.6    3.4 -999.0
10222   10.5    9.2    6.5 -999.0
10231    4.0    0.5    0.0 -999.0
10232    7.2    3.7    3.2 -999.0
10241    4.8    3.3    0.8 -999.0
10242   11.2    9.9    7.3 -999.0
10251    6.9    2.8    2.4 -999.0
10252   14.5   10.0    9.1 -999.0
10261    2.3   -3.2   -2.1 -999.0
10262   10.5    4.9    5.9 -999.0
10272    7.4    3.1    3.9 -999.0
10281    6.7    4.9    5.4 -999.0
10282   13.4   11.7   12.3 -999.0
20111    5.8    5.0    3.2 -999.0
20121   10.2    8.5    7.8 -999.0
20131    9.1    7.2    6.9 -999.0
20141    3.7    1.2   -1.2 -999.0
20151    9.4    7.4    7.4 -999.0
20161    8.5    6.8    6.3 -999.0
20171   10.0    8.3    7.7 -999.0
20181    8.6    7.1    6.3 -999.0
20191    9.3    7.2    8.0 -999.0
20201    6.7    4.9    5.4 -999.0
20211   10.3    7.4    6.5 -999.0
20221   13.2    8.7    6.3 -999.0
20231    7.5    5.6    5.9 -999.0
20241    8.3    6.4    6.6 -999.0
20251    7.3    3.3    1.4 -999.0
20261    7.4    6.5    3.4 -999.0
20271   10.0    7.9    7.4 -999.0
20281    8.8    6.1    4.7 -999.0
20291    7.1    4.5    2.8 -999.0
20301   13.5    9.5    6.6 -999.0
30111    8.4    6.8    6.0 -999.0
30121    4.2    3.6    1.6 -999.0
30131    6.4    5.6    3.3 -999.0
30141    7.1    5.0    5.1 -999.0
30151   10.0    8.5    8.5 -999.0
30161    8.7    5.7    3.9 -999.0
30171    7.6    3.4    1.6 -999.0
30181    7.8    3.9    1.9 -999.0
30191   11.2    8.0    5.6 -999.0
30201    7.1    4.1    4.8 -999.0
30211   10.1    5.2    4.1 -999.0
30221    9.9    5.6    4.2 -999.0
30231   13.2    9.5    6.3 -999.0
30241   14.9   10.2    7.0 -999.0
30251   12.5    8.4    5.7 -999.0
40111    8.2    6.8    6.2 -999.0
40121    9.2    8.0    6.8 -999.0
40131    9.1    8.1    6.5 -999.0
40141    6.4    4.8    3.8 -999.0
40151    9.0    7.1    6.7 -999.0
40161    8.6    7.7    5.5 -999.0
40171    4.7    5.0    2.3 -999.0
40181    9.1    7.9    5.9 -999.0
40191   11.6   10.3    8.9 -999.0
40201    5.4    3.8    1.6 -999.0
40211    4.3    2.6    0.8 -999.0
40221    0.9    0.4   -1.7 -999.0
40231    0.0   -0.2   -2.4 -999.0
40241    7.7    6.3    6.5 -999.0
40251    6.5    4.1    4.7 -999.0
40262   12.5   10.0    9.9 -999.0
40271    8.8    5.0    2.7 -999.0
40281    8.7    6.5    7.0 -999.0
40291    0.7   -0.2   -1.1 -999.0
40301    4.0    3.2    0.6 -999.0
40311    7.3    5.6    4.1 -999.0
40321   12.3    7.8    5.7 -999.0
40331   13.4    8.8    6.8 -999.0
40341   11.8    7.9    5.0 -999.0
40351    9.7    7.1    5.4 -999.0
40361   11.4    6.3    4.8 -999.0
