2016032212+000HOUR     2016032221LST
STNID     6H     9H    12H    15H    18H    21H    24H    27H    30H    33H    36H    39H    42H    45H    48H    51H    54H    57H    60H    63H    66H    69H    72H    75H    78H    81H    84H    87H
STNID 032303 032306 032309 032312 032315 032318 032321 032400 032403 032406 032409 032412 032415 032418 032421 032500 032503 032506 032509 032512 032515 032518 032521 032600 032603 032606 032609 032612LST
47003   64.8   64.8   58.4   44.7   36.0   46.8   60.5   67.8   71.2   74.9   67.3   57.2   60.4   68.1   84.4   83.1   69.8   64.8   59.0   50.2   50.9   59.5   64.3   67.1   63.9   66.5   57.8   57.9
47005   88.5   88.6   80.2   67.3   59.7   63.6   77.1   86.5   93.1   92.6   84.2   68.4   62.9   69.9   80.8   89.5   94.3   89.9   77.5   62.2   54.9   55.3   72.7   80.2   87.3   85.1   75.5   60.8
47008   67.7   65.8   49.0   36.3   37.3   52.7   52.6   59.5   66.4   67.3   53.0   45.7   62.6   75.4   77.9   75.2   71.6   65.5   51.2   47.3   51.3   65.0   60.3   56.8   60.0   60.6   51.2   46.1
47014   87.2   86.3   72.5   65.6   59.8   62.9   72.7   77.2   84.0   87.3   75.6   65.6   62.6   65.3   78.7   84.8   91.8   92.3   78.9   63.4   57.8   58.6   77.5   87.1   92.6   93.4   77.4   61.5
47016   74.8   72.7   72.0   53.8   39.8   39.8   51.7   64.5   73.5   75.2   72.6   52.8   40.9   40.9   55.6   67.3   76.1   75.7   75.2   50.2   38.9   37.1   59.1   70.0   77.4   77.1   71.9   48.1
47020   71.0   71.5   66.9   52.4   38.5   35.6   48.4   67.1   71.3   75.8   70.3   50.9   39.1   37.2   56.7   68.8   75.0   76.5   71.5   47.6   34.6   28.2   52.4   69.9   73.5   76.7   71.9   49.7
47022   64.0   66.4   64.5   55.0   46.2   49.1   51.7   60.8   68.5   70.1   66.6   54.4   47.8   48.2   54.6   61.3   71.2   73.9   69.0   48.9   40.8   37.8   45.3   54.3   61.4   67.1   61.9   46.9
47025   76.7   73.3   63.1   54.6   59.3   62.8   73.4   66.5   68.1   71.6   63.3   60.4   68.2   67.3   74.5   79.8   81.3   79.8   71.2   57.6   58.4   59.9   76.5   79.4   77.3   75.5   64.8   51.3
47028   71.5   71.3   64.6   36.9   35.9   35.8   48.2   65.6   73.4   78.6   69.9   39.3   30.4   32.1   51.4   68.8   74.4   79.2   72.9   41.6   30.2   29.4   56.4   71.9   74.6   87.5   75.9   42.2
47031   71.5   76.3   68.5   50.7   40.2   42.3   56.1   65.3   73.3   79.1   71.8   54.1   41.5   43.9   59.7   71.1   77.1   85.1   78.3   50.5   35.4   36.9   52.2   65.3   65.9   76.7   68.9   48.2
47035   57.9   56.3   49.5   35.6   36.9   33.8   39.1   42.0   50.0   55.4   50.8   38.4   31.6   32.1   40.7   47.3   57.2   61.5   53.7   38.1   31.4   35.7   46.4   52.3   65.9   71.7   60.7   40.5
47037   65.3   64.8   54.3   44.9   43.7   43.9   52.1   62.1   65.0   67.6   57.2   48.1   41.8   44.2   54.5   64.4   66.7   68.1   58.7   47.0   38.9   43.2   59.9   69.5   68.7   75.4   62.2   43.6
47039   72.8   76.0   67.0   47.8   41.6   42.8   51.0   67.4   75.3   77.4   71.7   46.0   41.3   40.0   54.6   67.6   76.7   80.7   73.4   46.7   38.5   37.1   51.6   71.1   74.9   82.0   76.5   46.4
47041   81.3   78.3   58.1   39.9   50.9   52.6   61.5   67.2   67.1   72.2   61.4   36.9   42.3   53.0   70.6   82.5   86.2   85.0   71.0   41.7   46.7   54.4   71.1   80.6   82.2   80.3   64.2   35.8
47046   81.5   78.0   69.0   59.3   65.5   67.2   70.2   70.3   75.9   70.9   67.1   51.7   56.6   64.7   71.6   76.4   78.9   77.2   71.3   58.4   57.3   62.1   75.2   78.9   80.4   80.5   69.6   55.1
47050   65.8   65.2   55.4   40.4   40.0   35.0   42.4   53.2   61.3   66.0   60.3   45.5   37.7   36.1   46.2   58.0   66.9   74.6   67.3   47.9   38.3   39.5   58.8   68.7   75.5   82.7   75.6   48.3
47052   83.6   83.5   72.8   45.0   29.0   30.7   53.0   68.8   77.6   82.9   75.4   42.1   31.5   31.7   59.7   77.7   82.6   84.4   79.3   47.4   37.8   38.4   61.2   75.4   80.8   85.4   75.8   40.4
47055   81.7   84.3   70.9   63.2   55.1   59.7   69.4   67.5   65.4   64.8   51.6   43.5   45.0   57.2   73.2   78.1   80.5   80.6   74.4   62.6   58.9   57.8   59.3   68.7   70.4   72.2   56.3   43.6
47058   67.4   70.9   58.1   42.9   33.9   34.1   44.4   56.7   62.9   67.3   61.9   43.5   37.9   39.6   59.9   60.6   72.1   82.0   76.2   50.4   38.7   37.5   57.1   75.5   86.8   91.6   80.5   47.2
47060   71.2   70.4   61.1   52.3   51.3   54.8   60.2   62.2   65.9   69.2   63.9   57.3   52.7   57.1   71.8   70.2   71.9   81.0   73.1   61.2   55.3   58.4   72.4   76.4   85.9   90.1   75.5   57.8
47061   84.6   84.9   73.8   74.9   60.9   61.4   69.5   66.5   70.4   61.7   47.9   44.6   46.9   54.5   62.4   72.6   72.2   74.5   69.3   67.2   64.1   65.2   66.4   67.6   62.9   66.8   57.1   47.5
47065   60.2   64.9   59.6   43.7   38.2   39.9   45.9   49.6   55.6   63.1   62.9   46.5   39.7   40.2   52.3   65.2   63.6   69.8   71.0   53.8   36.7   43.8   53.0   62.3   70.0   72.4   70.9   49.0
47067   78.3   81.6   70.9   44.8   34.5   33.3   43.5   50.2   63.2   73.1   67.3   45.0   32.3   30.6   47.8   62.4   76.2   83.2   77.9   55.7   40.6   37.2   52.4   64.9   78.6   84.1   78.9   48.7
47068   70.6   69.6   60.9   42.0   33.6   40.5   50.8   60.4   61.9   67.8   61.2   41.4   34.8   40.9   61.6   69.5   74.4   77.1   67.9   43.8   36.2   43.9   65.5   74.8   79.3   84.8   70.3   42.5
47069   57.4   63.3   56.0   43.0   42.6   41.0   46.9   49.0   51.4   57.6   52.6   43.1   41.3   41.0   52.9   62.1   61.3   63.9   58.7   47.2   41.1   44.1   54.9   62.2   73.1   76.2   62.8   51.3
47070   85.9   87.2   68.8   42.4   34.9   37.1   46.8   51.6   59.6   70.1   61.5   39.5   35.4   38.1   51.6   64.6   79.7   87.3   75.2   56.8   48.2   52.0   71.3   74.3   85.8   90.9   80.8   54.6
47075   86.1   88.8   76.0   61.8   61.2   61.0   71.2   75.7   82.1   86.2   71.7   46.6   37.7   46.7   63.8   72.1   79.1   86.4   75.2   61.3   50.9   55.4   68.6   80.1   83.9   88.6   77.3   53.9
47090   84.8   83.3   77.2   84.4   77.1   79.0   82.1   76.2   69.5   62.5   48.1   52.7   55.5   56.0   69.3   71.2   70.9   72.6   64.2   66.0   64.8   66.4   76.4   72.6   64.5   63.9   52.5   50.8
47095   82.9   87.7   71.5   46.6   42.5   50.7   57.9   73.0   80.5   87.2   66.6   29.1   23.0   25.4   47.4   67.3   75.3   82.5   65.6   45.0   35.5   37.2   60.9   70.7   82.0   84.2   62.1   35.8
47098   76.0   81.4   65.3   37.0   24.2   36.6   52.7   57.8   59.9   71.0   53.8   25.9   20.4   25.9   41.7   53.0   64.1   74.8   57.0   35.9   29.0   39.4   52.4   60.2   69.8   74.9   57.9   33.9
47099   84.3   85.4   66.0   33.4   24.0   32.2   47.4   51.8   59.1   74.6   51.0   27.3   23.4   28.8   43.8   58.6   74.6   80.4   61.8   40.4   33.8   41.5   61.1   72.1   79.2   85.3   69.2   39.1
47100   96.1   95.5   84.2   82.8   92.1   95.4   86.3   82.9   92.4   89.1   70.8   47.4   66.3   75.9   76.1   82.9   91.1   89.4   78.2   67.0   71.9   85.2   83.3   81.5   85.1   85.2   64.7   44.3
47101   80.8   86.7   73.3   53.2   50.5   68.4   69.0   83.9   90.2   90.8   76.6   34.8   26.5   33.1   62.4   72.6   84.1   87.2   71.2   47.9   39.0   43.9   61.0   74.3   85.7   88.8   75.0   42.0
47104   88.4   86.2   73.2   82.1   89.8   87.7   85.9   79.3   77.9   74.5   59.4   52.0   58.0   62.2   71.1   76.1   76.1   75.0   68.1   66.9   68.9   73.2   79.4   73.5   67.8   64.5   49.7   49.5
47105   84.8   79.9   69.4   75.9   83.7   80.8   78.2   72.5   71.4   70.0   57.6   44.5   49.4   55.5   63.0   68.6   71.3   70.6   62.3   59.7   62.1   68.4   71.1   68.4   62.8   60.2   45.9   45.1
47106   81.5   79.1   71.2   78.0   80.3   85.3   80.9   79.6   73.3   70.1   59.2   55.8   57.5   59.7   68.5   75.0   75.5   74.1   65.3   65.5   65.9   71.3   77.0   75.0   71.9   66.6   51.3   50.8
47108   78.2   83.2   67.0   37.1   24.8   31.6   57.0   52.6   56.5   60.5   47.1   27.6   24.8   34.2   49.7   53.2   60.9   67.4   50.6   35.2   31.2   37.9   56.4   66.7   73.4   76.4   55.9   32.8
47112   93.2   90.9   75.9   50.4   35.9   42.6   60.4   57.8   65.3   69.7   57.5   42.2   47.1   58.6   64.0   66.7   71.5   77.5   66.5   56.6   52.5   60.5   77.2   77.1   81.0   84.4   75.8   58.6
47114   68.0   77.0   61.3   42.3   34.1   39.3   59.4   67.9   76.6   80.5   59.4   30.3   24.6   25.8   43.1   57.6   71.1   77.6   62.1   42.3   33.3   29.5   42.7   54.3   71.6   78.3   63.9   38.3
47115   54.6   52.8   60.0   58.4   65.9   68.3   68.5   58.7   49.5   52.1   56.4   56.8   59.6   62.9   60.2   56.0   56.6   55.2   52.5   50.6   47.9   58.2   62.8   67.9   62.9   60.1   57.9   53.2
47119   86.4   92.1   77.9   40.1   27.1   35.2   52.7   65.0   63.0   73.2   54.4   29.6   27.6   37.9   57.3   68.1   76.8   85.2   62.7   37.2   29.2   38.3   60.6   81.5   87.8   90.9   67.8   33.8
47121   72.1   80.9   71.1   44.1   41.9   46.5   68.5   71.2   77.0   86.2   67.0   29.0   21.7   33.4   57.4   71.4   77.1   84.8   69.0   44.0   36.0   36.4   55.4   70.4   79.4   83.5   74.2   40.7
47127   71.5   78.2   60.8   39.6   26.8   23.0   55.9   68.0   74.5   83.8   62.9   26.8   21.5   23.1   45.8   61.5   71.4   79.4   60.6   35.9   27.0   26.2   45.7   61.8   73.4   80.0   60.5   35.1
47129   98.2   92.8   79.6   52.1   41.1   53.2   58.5   64.0   68.9   78.7   67.2   47.2   39.8   53.9   73.9   79.6   87.6   93.0   78.5   47.5   42.1   53.6   79.1   89.1   93.6   94.5   77.8   48.9
47130   84.3   82.0   64.0   66.1   70.6   79.5   88.7   88.1   81.3   77.9   65.0   55.2   57.9   61.8   71.2   76.7   77.9   77.7   68.5   63.3   66.4   67.9   78.6   81.0   77.9   77.3   58.1   51.3
47131   65.5   74.3   64.5   41.0   25.6   26.1   40.0   61.8   72.3   77.7   56.6   26.3   25.4   25.3   36.1   49.5   61.3   74.8   54.9   30.5   25.3   25.0   37.7   50.0   65.0   78.2   61.4   30.5
47133   81.0   86.9   76.2   48.6   29.8   31.3   46.2   64.1   79.7   84.9   67.5   36.6   29.0   32.0   43.7   60.7   74.7   83.0   65.7   38.3   30.7   33.0   45.5   63.1   77.5   87.0   70.9   39.8
47135   60.6   75.6   62.5   45.7   34.4   24.9   38.1   65.2   75.5   81.3   67.5   37.0   24.5   27.7   42.4   61.9   69.7   77.1   60.8   39.1   28.1   31.8   44.5   52.0   63.6   72.0   54.8   39.9
47136   67.2   76.2   64.6   49.1   39.5   48.0   62.6   74.0   72.9   81.2   61.1   24.8   22.3   32.4   57.5   66.9   73.1   80.6   65.7   41.4   39.1   43.8   66.3   70.4   81.2   83.4   67.0   40.9
47137   54.7   69.3   61.3   42.4   29.8   24.4   42.0   71.2   79.4   79.3   62.2   29.5   21.1   25.1   46.6   62.9   68.5   76.1   63.8   40.5   28.8   30.9   45.3   52.1   62.2   66.5   55.6   37.0
47138   72.0   74.3   67.8   62.8   65.5   61.7   76.0   80.7   76.5   67.8   60.1   56.8   60.0   56.0   61.3   65.3   68.1   73.7   62.3   58.5   59.0   61.5   66.0   73.3   73.8   76.4   64.6   49.4
47140   96.1   96.2   84.7   62.1   54.2   62.4   65.2   60.7   66.8   78.5   70.0   50.3   53.0   56.7   75.7   78.8   82.1   89.1   77.6   56.8   51.6   57.8   77.0   78.9   86.2   90.4   84.9   61.4
47143   57.5   72.8   68.5   48.3   31.3   38.2   52.6   70.3   79.3   79.9   67.0   42.1   28.7   37.8   58.7   65.1   70.8   76.4   65.4   46.7   39.2   53.2   69.1   69.5   77.5   74.6   68.0   46.2
47146   84.3   91.8   84.3   52.6   40.8   42.8   53.2   57.9   74.5   85.2   69.3   43.6   37.0   42.0   60.7   71.6   79.6   83.1   62.3   39.9   39.4   39.2   62.2   74.9   82.5   86.3   67.5   43.6
47152   74.0   78.9   65.3   53.2   59.9   61.4   68.0   75.8   76.8   72.5   56.0   41.4   45.6   48.8   60.0   68.0   73.0   77.1   57.0   54.2   57.4   62.3   69.8   78.1   82.8   83.9   66.5   45.4
47155   53.9   65.3   50.3   39.8   34.9   60.4   64.8   52.8   62.9   67.7   56.1   36.1   31.6   45.7   55.1   57.2   62.4   65.5   55.8   47.1   54.8   57.2   63.2   74.0   74.9   80.4   73.6   50.0
47156   78.1   83.1   74.0   43.6   33.9   41.4   53.9   57.0   65.5   71.4   62.3   37.4   36.4   38.4   53.5   67.8   77.0   79.2   64.8   35.9   34.1   39.2   53.6   66.8   79.3   80.3   65.0   40.3
47159   63.6   68.9   62.7   48.0   55.7   69.2   72.1   70.6   77.9   74.3   53.9   40.9   47.5   54.7   61.6   62.5   65.2   67.9   58.3   53.5   56.1   60.3   68.4   73.0   76.4   78.5   67.5   59.6
47162   69.1   75.4   59.7   47.0   49.8   59.8   74.0   55.7   67.5   75.2   63.1   40.9   37.0   52.4   61.5   68.7   73.2   75.8   63.0   56.1   59.0   59.6   69.3   72.9   82.8   84.6   74.3   58.1
47165   90.3   88.1   77.7   57.2   54.2   55.1   66.8   68.3   70.0   71.2   64.8   52.7   51.7   53.7   67.8   74.7   78.7   79.7   63.9   48.5   52.3   53.9   66.9   72.6   75.8   73.7   58.0   50.1
47168   49.4   59.0   48.2   37.2   31.0   30.7   34.3   41.9   49.3   56.9   52.0   32.5   30.3   42.0   54.9   58.9   62.7   66.4   56.9   51.1   49.1   53.1   55.7   52.7   60.2   62.7   48.9   32.7
47169   91.0   86.4   77.7   69.7   62.2   65.1   66.3   64.5   63.7   61.5   62.6   57.8   56.7   63.8   66.4   66.1   65.2   67.0   66.7   61.6   62.6   63.7   64.6   63.2   60.0   60.2   57.0   54.6
47170   83.1   86.3   74.2   49.2   49.2   49.3   64.4   65.0   67.5   70.5   65.6   43.1   50.0   51.1   61.3   71.1   77.4   79.7   68.2   37.9   43.5   50.1   65.1   71.4   76.8   76.4   63.8   42.8
47172   95.9   99.6   90.7   59.7   55.8   61.7   67.8   69.1   75.0   81.9   76.2   54.5   53.3   56.8   72.5   80.6   91.5   93.9   80.4   46.2   52.3   54.8   72.6   80.3   88.0   91.7   74.4   55.1
47174   58.6   71.6   54.6   33.8   28.2   27.1   43.7   52.2   61.5   70.9   62.5   31.0   26.2   36.0   47.4   61.7   71.2   77.1   61.7   34.7   28.3   45.6   49.0   58.1   71.9   75.3   54.5   30.7
47177   93.0   90.4   74.8   41.0   30.0   40.8   47.7   60.2   69.4   79.6   63.3   35.8   30.3   37.8   65.3   73.5   82.5   88.9   69.0   37.4   32.0   39.7   68.0   82.1   88.7   92.1   73.8   40.0
47184   75.4   70.7   58.5   59.5   57.6   52.9   55.2   54.5   52.6   58.0   53.9   52.3   54.2   53.5   57.5   61.1   62.7   62.7   52.0   49.9   49.0   52.1   54.7   55.1   55.7   55.1   46.5   45.1
47185   76.7   71.5   66.4   68.5   66.0   61.1   58.7   56.3   57.3   56.8   57.0   62.5   61.0   61.1   61.5   61.7   64.4   62.6   57.1   54.8   57.0   60.0   60.0   58.3   59.0   56.9   51.8   53.6
47188   73.4   70.6   54.4   51.8   47.7   52.0   53.5   56.0   53.7   57.4   53.8   51.5   45.0   55.5   61.6   63.9   66.0   63.7   54.0   49.7   45.0   52.7   61.6   62.5   63.3   60.8   48.8   44.5
47189   63.5   62.1   51.7   44.6   45.3   51.8   53.6   60.2   59.8   60.8   52.2   47.7   46.3   51.6   58.0   62.2   61.2   62.5   49.3   45.1   44.3   50.9   59.3   59.3   58.7   60.9   49.1   45.1
47192   67.4   73.1   53.7   32.0   25.7   28.2   34.9   38.9   54.8   67.0   51.7   27.7   20.4   31.5   59.3   69.5   74.8   79.1   65.9   44.5   41.6   54.5   65.8   73.9   78.9   78.8   61.1   32.9
47201   69.3   68.7   47.4   27.4   24.9   30.7   35.8   32.8   41.5   51.0   36.7   26.2   28.4   34.5   40.6   46.8   60.0   69.3   52.3   41.5   40.0   43.2   60.4   59.0   68.1   70.0   58.8   43.1
47202   81.2   89.1   67.6   42.0   25.4   39.4   53.7   75.0   82.8   86.2   67.1   29.3   22.4   26.1   47.1   70.0   81.2   84.0   65.6   41.2   30.9   29.2   45.1   68.3   82.1   89.7   73.1   36.9
47203   77.0   82.6   70.3   37.4   23.5   24.6   55.8   62.9   74.8   79.1   63.4   26.3   19.4   23.5   40.2   59.9   71.7   79.1   62.9   34.6   27.1   22.3   39.6   60.5   78.6   84.5   67.1   31.4
47211   81.5   81.1   74.4   62.1   65.8   73.2   72.4   80.8   83.1   84.2   66.6   37.9   34.8   52.7   63.3   72.7   79.0   82.6   75.9   54.1   47.0   56.9   73.3   79.8   83.0   85.6   72.4   39.0
47212   70.6   82.9   69.4   41.1   39.1   59.4   57.1   72.2   81.2   89.3   69.7   24.0   22.9   22.4   48.1   67.4   74.5   82.3   66.2   39.7   31.2   31.7   49.1   62.4   74.7   85.2   70.0   35.1
47216   98.4  100.8   83.4   69.8   77.8   96.2   95.4   92.3   94.1   92.2   72.1   46.6   58.0   81.6   85.9   89.2   94.0   97.1   79.3   57.0   61.0   76.3   89.3   86.7   86.4   85.5   70.2   43.7
47217   78.7   75.5   73.3   59.0   70.0   70.3   70.6   69.6   72.5   72.4   58.9   32.4   38.7   52.6   66.4   70.0   71.9   75.6   65.1   43.3   42.1   46.7   64.7   65.7   69.8   71.6   63.2   31.9
47221   79.0   81.9   59.9   44.8   34.0   40.3   67.8   76.7   84.9   87.8   62.2   31.0   25.0   24.8   58.8   73.2   81.0   86.2   65.8   44.8   35.8   32.9   55.6   69.3   83.6   84.4   66.3   41.7
47226   84.7   85.1   71.0   42.5   29.5   26.8   45.5   70.8   84.0   88.1   68.7   31.7   24.4   30.0   47.7   71.8   81.2   86.5   68.0   36.5   25.2   31.4   47.3   69.8   82.6   88.9   66.6   37.8
47232   91.3   89.5   77.3   52.1   36.2   40.7   52.4   70.9   77.1   82.4   65.0   38.1   34.8   34.0   60.1   76.5   85.2   87.6   64.2   37.8   36.5   35.4   60.7   80.1   87.8   90.6   69.6   37.2
47233 1087.1 1085.3 1072.0 1046.8 1027.3 1034.9 1045.6 1057.7 1069.1 1073.3 1055.6 1032.8 1028.4 1028.4 1048.6 1070.5 1076.2 1080.8 1061.8 1038.5 1030.2 1029.9 1050.6 1069.9 1080.8 1085.5 1063.0 1035.0
47235   97.1   94.9   75.6   52.6   42.5   56.5   63.2   64.3   68.6   77.3   64.1   48.4   41.3   53.8   74.6   76.7   82.8   84.8   66.9   56.0   44.1   54.9   75.6   77.7   83.3   88.8   73.1   57.9
47236   95.0   93.1   80.0   44.5   30.5   34.6   48.4   59.5   73.2   79.0   66.2   35.8   31.0   31.3   60.2   79.2   87.4   92.5   75.5   39.7   32.8   34.2   63.4   85.7   92.3   97.5   86.9   45.0
47238   79.1   84.4   76.2   46.1   32.3   29.2   43.0   61.5   78.7   86.4   71.8   37.3   25.6   32.0   44.7   67.9   80.1   84.1   66.3   35.0   30.4   33.7   48.2   70.8   84.3   86.8   67.8   35.7
47243   88.4   90.1   76.5   59.5   49.1   55.6   56.7   57.3   63.2   74.4   61.8   51.1   46.0   50.9   65.1   74.4   79.4   85.2   64.4   44.5   46.2   51.5   63.9   72.6   80.8   82.8   64.9   51.8
47244   83.3   87.4   78.8   43.6   36.3   37.0   56.3   67.0   75.9   84.7   70.6   37.5   29.7   41.4   63.5   78.3   86.0   87.4   68.2   33.0   32.0   37.8   62.8   80.6   87.2   87.8   72.2   37.2
47245   90.7   96.9   87.9   50.7   42.4   50.4   60.4   66.1   74.0   84.6   72.6   45.2   43.0   43.0   65.7   79.8   86.1   89.8   67.3   38.1   40.3   40.5   65.4   78.2   86.7   90.6   70.6   46.0
47247   74.7   76.2   67.4   38.0   30.6   31.4   45.0   59.5   70.8   79.4   61.9   34.3   24.5   35.5   52.2   68.1   76.2   82.6   64.1   34.2   24.5   34.1   50.5   67.0   77.7   79.7   64.9   34.6
47248   82.9   89.5   69.9   44.1   39.2   38.9   53.7   71.5   80.6   88.2   73.0   38.5   33.0   42.8   62.7   79.3   85.9   88.9   66.3   34.0   32.9   43.0   65.8   80.2   88.5   89.7   66.7   37.2
47251   88.1   94.4   82.1   48.2   37.4   48.4   61.7   63.5   70.7   76.9   66.7   43.0   38.7   43.0   66.8   76.5   85.5   84.7   67.7   36.8   36.9   42.2   67.4   75.6   82.9   87.7   66.8   45.2
47252   90.9   95.2   80.2   55.5   47.6   53.3   59.4   58.6   64.0   74.0   65.5   50.2   45.1   48.8   63.3   71.0   83.1   89.5   69.2   42.5   46.6   48.0   63.5   70.4   76.3   83.1   59.8   50.1
47253   65.8   71.1   61.8   42.0   37.7   57.0   66.0   61.4   69.4   67.1   53.7   36.1   36.1   45.3   53.9   58.4   63.3   69.6   55.3   47.5   54.2   56.8   66.0   71.4   75.2   79.9   70.6   47.3
47254   83.5   85.8   76.1   40.2   32.5   39.4   53.4   64.6   73.4   82.1   66.9   37.4   31.9   36.9   57.2   76.2   84.6   88.0   70.3   34.4   31.3   37.1   55.2   74.5   87.2   88.5   73.3   38.0
47255   63.4   73.3   60.3   44.9   35.2   58.4   66.6   59.6   71.9   74.6   61.5   41.6   32.1   46.7   55.8   61.2   65.9   72.8   59.8   48.9   56.9   61.0   68.9   76.6   79.0   85.6   79.3   53.0
47256 1067.5 1078.2 1061.4 1035.0 1033.1 1028.6 1050.1 1058.9 1066.5 1074.3 1064.6 1037.1 1028.5 1033.6 1052.0 1068.1 1079.0 1086.3 1065.9 1038.8 1026.9 1039.3 1051.9 1065.2 1079.8 1085.4 1059.2 1035.1
47257   73.8   79.2   69.7   46.4   40.7   64.4   73.5   77.0   81.3   78.2   58.7   42.2   40.2   52.7   63.3   71.3   75.8   79.5   62.2   49.5   55.2   66.2   75.7   79.8   85.4   87.3   69.8   46.3
47259   81.0   87.6   77.1   42.4   39.6   40.9   55.4   61.8   66.1   72.2   63.9   37.8   39.3   41.1   57.8   73.0   79.3   83.1   66.8   35.8   38.5   43.3   60.2   75.5   80.2   82.1   64.7   38.9
47260   80.1   90.0   73.1   37.7   35.5   37.6   53.6   62.8   68.4   74.3   64.0   34.8   32.3   40.0   56.2   73.7   79.9   85.3   66.6   34.9   33.0   41.7   58.3   76.9   80.9   83.3   64.3   35.4
47261   90.5   91.5   80.6   51.5   51.1   50.8   63.2   64.9   69.0   73.0   67.9   44.2   47.2   50.2   64.9   76.5   82.8   85.9   70.2   40.4   44.5   51.7   69.0   78.5   80.0   77.4   63.6   43.4
47262   73.2   85.3   64.7   46.9   37.6   38.4   53.8   61.8   68.3   77.2   64.5   41.6   39.2   49.2   58.0   72.6   80.4   86.3   69.8   52.9   48.9   54.5   60.8   72.2   81.0   84.8   62.9   37.6
47263   71.8   80.6   56.7   36.3   27.2   33.8   51.0   50.9   66.5   77.6   59.2   33.4   25.9   33.7   65.5   70.6   76.8   83.4   67.9   45.7   42.3   57.6   72.9   77.9   84.8   88.0   78.3   44.3
47264   62.3   77.9   58.4   38.1   33.6   34.5   43.6   59.5   74.0   82.6   66.8   34.4   27.0   37.4   53.8   68.6   78.3   81.9   65.4   35.6   28.0   39.7   54.6   62.9   75.7   79.4   60.8   34.5
47266   60.8   71.7   57.9   45.2   35.5   39.9   47.5   55.8   61.8   73.9   64.4   40.5   36.5   48.3   67.7   74.4   79.5   82.2   70.1   56.2   52.3   67.0   70.1   66.8   72.3   75.5   60.0   41.7
47268   87.4   86.9   68.7   50.9   50.9   48.9   57.2   58.9   61.1   64.7   59.5   51.9   46.6   49.7   62.4   67.5   71.3   78.5   57.5   40.1   45.0   51.5   63.8   68.0   69.9   68.1   51.7   40.9
47271   81.3   85.0   67.2   49.3   50.9   57.4   74.1   72.6   77.6   82.6   57.1   26.6   26.5   49.5   68.4   81.5   85.2   88.0   70.2   44.5   45.0   57.6   79.8   86.8   89.7   86.4   68.5   38.6
47272   66.9   74.4   64.1   49.6   37.1   44.7   61.5   73.0   76.2   77.4   53.3   27.5   25.3   28.4   64.1   72.2   79.5   79.5   66.1   42.9   38.6   39.7   65.2   69.4   73.7   75.6   65.0   39.3
47273   60.0   66.7   57.2   42.8   28.8   25.4   45.8   70.9   73.7   75.5   48.9   27.1   21.8   25.3   42.4   63.2   70.9   78.7   59.3   37.8   29.0   27.0   45.5   54.1   61.1   67.6   52.2   36.6
47276   76.7   85.8   67.8   46.4   43.6   59.1   78.0   83.2   79.3   82.6   66.2   28.9   23.9   53.7   67.9   74.2   78.4   84.5   69.8   48.2   46.8   60.8   76.0   81.8   88.7   89.6   72.8   41.9
47277   78.7   80.2   59.4   53.0   58.6   71.7   84.7   83.0   76.4   74.7   58.8   47.0   53.8   57.5   68.1   73.7   76.1   76.9   60.9   58.7   60.0   63.8   74.1   79.3   78.5   76.6   60.7   43.8
47278   74.6   84.3   68.3   43.1   29.9   34.3   59.7   77.2   80.1   87.7   66.1   25.4   16.2   28.9   60.0   74.1   80.3   88.6   69.0   37.3   32.5   40.5   71.0   80.2   87.9   89.6   71.2   38.5
47279   66.9   77.1   60.8   44.5   30.0   32.5   44.6   69.5   80.9   86.8   66.6   37.9   25.5   29.9   57.9   68.6   75.9   84.2   68.1   44.6   35.6   43.7   62.7   66.4   74.1   76.6   61.8   44.1
47281   81.7   86.3   72.0   53.8   40.9   51.2   69.7   81.7   80.6   84.9   69.1   37.8   29.8   54.1   66.7   77.3   81.4   86.9   67.8   48.2   53.1   61.2   74.1   83.5   87.1   88.1   70.9   44.5
47283   82.2   86.6   71.7   57.3   52.1   57.8   71.9   83.0   82.1   81.0   65.9   45.7   47.3   51.4   66.8   74.2   82.0   84.6   66.9   52.9   58.7   63.2   73.9   83.9   88.0   89.6   69.3   43.6
47284   75.3   84.6   62.4   34.3   29.0   27.9   38.6   57.7   75.6   82.8   64.0   35.0   26.4   30.0   51.9   72.3   83.5   86.8   69.5   37.3   29.4   39.8   61.9   70.1   80.4   81.7   62.6   37.3
47285   70.7   81.2   58.1   33.9   21.9   25.2   30.5   48.6   65.1   76.8   57.5   31.8   22.3   25.9   56.0   69.1   77.1   82.4   70.0   40.4   32.7   46.4   65.1   71.2   78.7   80.9   69.1   39.6
47288   73.4   85.6   60.4   39.2   27.5   44.2   52.0   65.7   74.0   79.1   57.2   36.5   26.2   33.9   55.9   66.4   76.7   85.4   61.4   40.6   44.4   61.4   66.4   76.5   84.5   89.2   76.9   42.6
47289   52.4   67.2   49.3   27.4   21.9   22.4   26.7   38.8   56.1   67.9   55.4   25.1   20.7   25.0   46.0   58.7   65.3   71.9   58.8   32.6   28.7   40.9   50.2   52.1   61.9   67.3   50.0   27.6
47294   62.5   68.1   53.3   38.4   37.1   55.8   66.3   58.3   69.2   67.9   57.8   37.3   31.6   47.9   57.5   64.3   67.0   68.9   58.0   48.4   48.5   55.4   60.9   67.5   75.6   77.8   71.2   54.9
47295   56.9   70.3   55.3   38.9   33.0   35.7   42.4   41.8   55.0   70.1   59.2   34.2   26.3   43.4   58.4   66.8   70.7   74.9   62.3   52.7   47.9   56.5   60.5   64.6   75.1   76.7   59.5   36.6
47299   79.9   81.5   74.4   72.5   68.8   64.1   57.8   61.4   55.6   55.3   55.9   55.8   57.6   58.6   58.1   59.9   57.8   58.1   57.5   55.2   52.0   54.3   54.5   56.8   53.9   53.3   53.9   53.7
  319   53.4   56.9   64.6   66.4   69.2   68.1   69.4   58.2   57.4   58.6   60.3   62.4   63.1   59.9   56.2   58.8   60.1   61.0   60.7   53.9   47.0   56.7   58.6   66.6   69.6   67.4   57.0   56.3
  322   84.3   89.5   71.8   56.4   61.6   70.0   76.3   77.4   79.1   80.5   59.2   34.3   30.6   38.9   64.1   74.0   77.2   82.8   69.6   55.8   46.4   51.3   68.4   78.3   85.7   88.6   67.0   43.0
  328   67.7   65.1   51.8   48.3   51.6   53.6   52.8   56.6   55.9   57.6   53.8   50.0   49.1   53.3   56.9   61.1   62.5   62.4   50.6   45.7   46.9   54.0   57.3   57.2   60.5   60.5   49.4   46.5
  400   72.6   76.6   67.2   39.1   26.5   28.7   52.1   52.9   55.9   59.6   48.6   27.9   24.8   32.8   44.6   53.0   56.9   65.3   53.1   35.4   29.6   32.0   49.9   60.4   69.4   73.7   56.6   33.5
  433   86.3   88.3   67.8   36.4   30.7   34.4   52.9   54.6   62.3   66.6   49.9   30.5   35.2   49.2   56.7   61.6   70.1   77.6   58.2   43.7   38.0   49.2   70.4   77.0   82.0   84.8   68.1   40.6
  441   85.9   87.2   64.0   35.2   30.5   35.1   52.6   52.8   61.1   66.8   50.5   31.3   32.5   42.3   51.3   61.4   71.3   78.9   60.9   44.7   39.5   47.6   69.6   75.1   80.2   84.1   70.3   41.8
  497   94.1   93.0   79.4   76.8   87.4   93.2   91.3   87.8   87.9   86.1   70.6   48.4   61.4   73.3   81.3   86.5   89.7   89.4   78.0   64.5   70.2   84.0   87.9   84.1   83.1   81.1   65.6   43.9
  498  107.2  106.0   99.3  103.7  104.4  101.9  100.8   97.8   93.5   82.5   66.6   60.3   81.4   85.0   76.9   83.3   88.4   92.2   85.7   80.7   83.6   87.6   82.5   76.3   79.0   80.1   63.7   49.1
  504   80.2   82.0   64.4   38.7   23.9   36.3   58.0   66.8   71.4   76.3   56.9   24.1   19.8   24.3   43.6   59.2   71.9   78.8   58.6   35.4   27.3   36.0   53.9   65.0   76.2   80.5   60.4   31.4
  516   92.4   92.0   80.7   51.5   32.6   37.3   58.7   76.5   82.5   86.1   68.5   35.1   31.3   36.1   66.1   77.7   87.0   88.8   67.3   39.5   30.6   33.6   66.2   83.9   90.5   90.4   71.7   35.9
  517   92.1   94.6   83.1   84.2   80.1   80.7   87.9   81.8   81.2   74.3   52.5   49.7   56.2   60.7   77.0   80.2   79.7   80.5   71.0   67.6   67.6   73.2   84.2   78.8   72.5   74.2   57.1   49.4
  519   93.2   97.0   81.2   56.9   57.4   72.7   82.3   85.5   86.4   88.9   67.7   36.3   32.7   37.8   70.1   84.7   85.4   91.1   77.8   53.9   47.9   49.9   76.7   87.3   93.1   95.0   74.6   41.9
  522   75.7   83.0   68.5   51.0   49.0   70.4   68.2   78.5   84.6   88.0   68.8   31.2   27.7   33.7   62.6   73.6   78.8   83.1   68.7   48.7   39.6   42.2   64.0   70.0   80.3   86.3   69.9   40.9
  523  101.3   96.9   80.0   87.5   91.1   94.2  101.0   95.9   97.9   86.4   61.8   59.8   65.0   69.0   87.7   92.2   96.4   88.9   75.5   71.8   73.8   80.8   96.1   89.4   86.1   81.8   59.5   56.0
  525   88.7   92.9   78.6   62.0   68.0   82.2   82.3   82.5   92.5   93.5   64.0   40.1   42.1   53.9   79.9   86.0   91.6   91.3   75.7   59.4   57.7   58.1   73.0   84.3   90.4   95.1   70.7   47.5
  526   73.4   81.2   66.9   45.1   45.4   53.0   72.5   74.2   79.1   84.2   59.5   27.9   23.4   34.1   69.5   75.5   78.4   82.3   69.1   44.3   36.3   38.1   59.9   70.7   77.6   83.8   69.5   39.7
  527   82.7   85.4   73.2   55.6   57.5   65.0   80.9   80.7   82.4   90.1   67.2   36.3   32.6   51.2   77.1   81.9   84.7   88.1   72.5   50.2   45.4   54.8   77.5   82.9   86.2   87.3   73.2   46.3
  528   68.7   71.2   59.3   48.3   44.2   51.1   60.1   64.1   61.7   63.7   58.7   49.5   44.4   51.6   63.2   67.9   70.1   69.6   64.0   53.1   48.2   54.5   65.0   70.7   72.2   75.5   66.7   54.6
  529   98.6   95.2   79.1   74.4   85.4   93.3  103.0   99.1   95.2   88.0   71.5   59.8   60.7   70.4   88.1   92.5   91.5   92.6   79.6   70.8   74.0   81.4   96.6   94.9   88.0   86.4   66.0   48.0
  530   60.0   60.5   64.0   62.6   64.4   66.6   69.5   64.5   58.2   61.0   60.2   61.3   60.1   59.7   60.0   62.0   63.2   63.4   55.6   53.4   47.0   54.7   60.1   70.1   69.5   68.4   58.8   58.2
  531   92.9   91.2   78.6   50.8   42.5   63.2   79.1   88.9   86.3   90.1   72.1   32.5   26.6   32.7   67.5   81.8   87.9   90.2   75.9   48.5   39.1   42.5   72.5   84.6   91.3   92.3   73.5   40.3
  532   87.2   91.0   76.0   42.5   32.0   42.1   64.8   69.2   70.6   76.3   58.7   32.4   28.0   33.6   57.2   66.2   76.8   83.0   65.5   43.6   36.1   42.7   60.5   72.5   84.6   87.3   69.2   40.3
  534   93.5   97.3   87.9   54.4   39.5   41.2   74.2   82.2   94.5   96.6   80.0   39.2   33.3   39.1   59.1   78.4   91.9   94.0   76.7   46.6   38.5   39.4   57.9   80.7   97.0   98.7   81.8   43.6
  535   95.2   94.5   86.2   77.4   76.5   81.6   88.4   90.6   93.9   94.8   77.8   42.3   37.6   50.7   85.2   88.9   91.1   94.6   83.3   57.6   49.0   52.2   79.6   84.5   92.9   96.9   80.1   44.6
  536   82.4   90.6   77.0   50.9   48.5   59.5   70.3   82.1   90.8   92.7   79.0   37.5   30.5   35.9   61.9   75.9   86.6   91.0   76.6   50.3   41.4   42.0   62.1   73.1   88.9   93.1   81.2   46.9
  540   83.9   90.2   69.5   32.9   23.6   30.1   51.2   52.4   60.2   66.5   50.2   24.8   22.5   31.6   49.1   54.3   66.2   75.6   57.4   35.0   30.1   36.5   59.0   67.6   76.2   83.1   64.1   33.2
  541   84.6   89.0   72.1   40.6   25.7   34.3   62.2   73.0   75.0   80.3   58.6   28.2   22.4   26.9   55.1   70.3   76.1   83.6   62.1   38.1   29.7   34.3   57.8   73.8   83.5   88.6   66.4   36.3
  542   87.6   87.3   72.2   42.4   29.3   39.5   61.8   79.2   83.6   85.0   69.8   28.1   23.7   25.8   54.1   74.9   82.0   84.9   69.7   40.4   30.7   33.4   58.0   74.9   85.3   89.8   77.2   36.0
  546   74.8   82.3   71.5   37.8   20.8   26.0   55.2   63.5   69.4   73.1   58.7   25.0   19.6   26.1   44.5   62.0   68.7   77.0   57.9   32.7   24.1   23.8   47.8   63.4   76.5   82.8   65.8   30.4
  548   86.0   91.3   83.4   49.2   32.4   37.5   67.8   75.1   86.6   90.8   75.2   35.3   28.0   32.2   49.0   67.6   82.5   89.5   73.1   44.7   35.4   32.1   48.3   69.4   87.4   93.3   77.6   40.8
  549   97.2  100.6   90.6   51.0   36.4   39.6   69.5   81.1   86.4   89.7   74.6   38.2   35.6   40.2   66.1   79.4   90.5   95.6   77.5   45.7   39.2   38.6   67.6   88.2   98.6  100.5   82.4   41.0
  551   92.8   92.5   83.4   48.7   32.6   37.5   52.6   71.8   78.0   84.3   69.3   35.2   31.7   35.8   60.5   75.3   86.9   91.8   69.9   38.7   31.9   34.3   62.1   83.7   91.0   93.1   73.4   35.9
  552   94.7   96.3   79.4   59.0   60.6   64.4   85.1   90.9   91.6   95.4   73.4   40.0   33.9   35.4   71.5   86.9   89.0   91.6   74.5   56.2   48.6   48.4   81.7   91.7   97.8   98.2   72.6   47.9
  555   86.6   89.6   77.7   57.0   56.4   68.4   78.6   85.0   86.3   86.6   73.1   35.0   27.7   35.0   66.2   78.2   84.6   88.0   77.4   54.2   42.9   47.6   69.7   81.1   90.7   93.9   80.4   45.4
  556   91.6   95.5   85.8   64.5   63.5   78.0   82.1   91.3   95.2   95.9   82.6   38.9   31.8   49.9   71.8   84.5   91.4   95.7   87.6   58.0   47.0   56.1   78.7   89.7   95.2   97.8   86.3   49.4
  557   93.1   90.8   83.5   69.7   77.6   82.3   82.7   90.1   93.7   96.7   71.7   44.3   44.0   62.0   72.8   81.3   90.3   93.1   83.9   61.0   55.1   68.6   85.3   86.9   90.9   95.1   76.2   43.9
  559   94.5   95.2   86.7   70.6   76.6   87.5   86.9   89.7   97.3   96.2   72.3   43.5   45.0   66.2   84.9   89.1   94.1   96.0   85.0   62.1   60.3   68.4   88.5   92.4   95.5   98.8   77.0   47.6
  560   96.3   97.3   90.1   76.7   88.9   87.5   89.8   88.9   94.4   92.6   68.2   44.2   52.4   74.7   81.1   90.2   94.8   97.1   83.7   57.1   57.7   65.0   77.5   82.0   86.5   91.1   66.7   37.2
  561   93.3   98.9   83.8   56.3   57.8   70.4   83.6   92.0   98.0   99.1   81.2   39.4   34.4   41.1   83.8   90.5   94.2   98.0   84.0   55.3   47.8   47.8   79.9   89.0   95.6   98.5   84.5   47.2
  562   83.3   87.9   74.6   51.9   45.1   56.4   75.7   82.5   88.1   92.8   73.2   37.1   30.6   35.5   66.6   78.7   86.3   91.5   80.3   52.4   42.9   42.2   60.8   75.4   85.7   91.2   81.0   48.5
  563   87.4   89.5   75.6   58.8   66.1   81.2   82.4   82.2   86.3   87.5   66.4   35.0   41.6   65.5   76.9   84.4   87.3   88.9   74.8   53.1   51.6   64.2   77.1   83.0   86.1   87.3   68.9   38.3
  565   81.7   81.2   67.2   34.0   24.0   30.1   46.1   56.2   62.6   68.6   50.4   26.1   27.7   38.3   51.8   64.4   68.6   75.4   57.5   38.1   33.3   39.7   62.5   76.0   80.4   84.4   65.1   33.6
  566  100.6   95.6   80.2   87.9   93.0   93.4   97.8   92.3   95.3   86.2   63.5   58.9   65.4   70.3   84.5   86.9   89.7   88.5   74.9   71.7   73.4   81.7   91.3   87.0   79.6   78.6   58.5   56.3
  571   78.5   78.0   64.2   32.4   23.5   33.0   45.4   51.1   54.3   60.2   43.0   25.7   22.1   33.2   52.5   56.7   64.8   69.6   52.8   32.8   27.6   34.6   58.2   68.6   75.2   78.2   59.0   29.3
  572   74.3   79.7   64.5   35.3   21.9   25.4   50.5   56.2   59.2   66.1   46.7   24.5   21.6   27.6   44.3   58.2   65.2   72.7   50.9   30.9   25.0   27.9   49.9   63.4   75.8   79.6   55.9   29.6
  579   98.6   96.3   87.0   76.9   91.3   96.5  100.4   95.4   96.4   92.7   80.8   56.2   65.2   77.5   91.8   95.8   96.6   94.7   85.0   65.7   69.7   81.0   97.6   95.4   93.7   94.3   76.6   52.8
  580   89.8   86.7   76.5   78.3   85.7   88.9   88.9   83.3   80.6   76.8   67.4   55.6   55.7   64.4   76.8   78.6   80.7   79.5   68.1   67.1   63.7   73.9   84.1   77.8   74.2   66.3   54.1   49.3
  581   77.8   84.8   68.1   55.9   58.1   65.4   79.2   79.6   78.5   81.5   58.3   35.5   36.2   53.5   74.3   81.1   84.0   85.5   70.4   52.7   49.0   61.6   79.8   82.7   85.2   84.3   66.9   43.5
  583   90.0   92.6   69.6   59.2   63.9   66.9   73.5   81.7   88.1   90.0   67.3   43.2   38.9   40.5   66.6   83.7   87.6   91.0   70.3   58.2   51.5   46.5   62.9   81.8   87.0   88.9   71.6   52.4
  586   77.8   82.1   70.8   55.9   57.6   72.6   70.2   80.9   84.5   84.4   65.3   30.7   23.5   38.2   59.9   71.1   78.9   82.0   66.1   47.6   40.7   44.5   67.5   74.5   81.9   85.4   69.5   39.6
  587   82.3   83.8   73.6   64.7   67.1   65.2   73.0   77.5   81.6   82.1   60.5   35.1   29.3   50.7   60.4   77.1   78.8   85.1   69.4   47.2   42.4   52.6   73.0   79.6   84.6   86.6   71.0   41.0
  588   92.1   94.2   71.3   45.9   37.2   51.6   69.7   89.8   95.5   96.1   75.1   29.4   22.3   25.7   60.6   82.6   92.0   95.3   69.7   41.9   32.6   37.1   64.8   82.5   91.8   95.1   68.8   35.4
  590   77.0   81.5   64.6   32.3   19.5   24.0   47.9   53.2   56.4   66.6   43.9   23.1   21.1   30.0   47.7   56.3   65.7   74.2   49.3   28.7   23.8   30.7   53.8   69.2   76.7   81.8   54.0   27.4
  593   93.4   92.9   82.0   83.1   88.6   89.7   88.9   87.0   87.9   82.5   59.6   48.5   61.5   65.6   73.6   80.3   85.8   88.6   77.8   66.0   68.3   78.8   84.3   79.7   79.1   78.8   59.5   42.0
  594   97.6   97.8   85.8   80.4   76.5   69.8   84.8   94.3   88.7   85.4   61.0   41.0   54.9   50.0   79.5   86.2   89.0   92.3   76.4   58.3   52.5   67.5   77.9   83.3   82.0   84.2   66.6   44.0
  595  103.6  103.9   89.4   96.3   95.9   90.1   89.0   93.0   92.4   74.9   50.9   44.8   69.5   68.7   75.1   75.7   82.7   90.2   72.0   67.0   72.8   82.6   77.4   73.7   68.9   70.2   58.2   43.2
  598   90.6   92.4   75.8   39.3   29.5   39.1   56.6   68.2   74.5   81.8   61.2   31.3   28.6   31.3   51.7   70.1   76.6   88.1   66.2   41.0   37.2   42.7   61.6   76.5   86.6   90.2   68.5   38.9
  601   60.9   67.5   57.1   39.8   28.1   35.5   56.4   68.4   69.0   73.2   56.6   25.1   19.3   21.2   47.9   60.0   68.2   73.6   59.8   38.3   32.3   29.9   50.1   64.9   72.6   73.6   64.5   37.5
  602   82.8   83.7   71.1   45.5   30.2   32.4   53.0   74.4   82.8   84.7   62.0   29.6   28.4   33.0   49.5   70.4   80.1   83.0   60.4   33.7   28.2   31.3   51.9   70.3   81.1   86.4   66.6   32.5
  603   86.4   92.3   73.2   43.8   33.2   32.2   60.0   81.7   90.0   96.5   71.3   32.8   28.2   34.3   57.9   77.8   87.6   92.9   70.8   40.7   31.5   36.4   56.5   81.2   88.6   94.7   67.5   39.0
  604   91.7   93.7   84.6   55.3   39.4   36.4   50.8   73.7   89.8   95.8   81.6   45.9   32.9   39.2   54.4   75.7   87.8   93.6   75.6   43.6   35.5   40.7   56.3   76.9   90.4   94.9   78.0   43.1
  605   79.8   84.9   73.5   46.3   34.7   28.7   46.6   67.6   81.6   90.2   73.5   40.0   27.2   32.2   53.0   70.8   80.7   85.6   67.5   36.4   28.4   34.0   54.8   71.9   80.8   85.0   66.1   37.3
  606   86.4   80.7   70.4   57.0   50.6   58.5   56.1   59.0   62.1   64.5   58.0   50.8   51.8   61.7   65.5   70.5   76.7   77.3   65.9   55.6   57.5   63.8   69.6   76.1   77.9   77.4   68.8   57.4
  608   94.0   88.4   74.1   44.4   32.2   51.8   55.8   70.2   79.4   89.6   73.8   40.3   37.3   48.5   72.3   76.7   77.7   87.2   69.0   40.6   37.3   49.3   79.0   84.0   91.1   90.8   72.1   42.4
  610   85.4   83.2   68.1   35.2   24.0   36.5   44.1   53.6   61.4   70.7   54.9   30.2   25.3   33.8   62.8   68.5   76.2   81.2   60.4   31.6   26.2   34.8   63.9   75.7   81.0   84.0   65.5   34.2
  611   86.3   86.9   71.7   43.6   25.9   33.6   44.9   65.4   76.4   80.0   63.8   29.5   26.9   29.2   47.7   65.9   80.2   84.3   67.6   32.2   26.8   29.5   49.9   69.0   82.0   87.8   74.1   33.2
  612   85.2   86.0   74.8   41.9   23.5   26.1   42.3   62.8   73.1   75.1   65.6   30.9   24.6   24.1   48.5   69.0   78.8   83.4   70.5   32.3   24.1   25.3   50.2   74.3   86.3   88.9   79.5   36.5
  614   97.2   95.4   79.7   58.6   49.9   57.6   62.0   64.3   71.1   81.4   64.6   46.8   46.7   52.6   72.5   81.9   87.4   91.9   71.8   53.7   46.6   53.0   73.7   83.3   88.4   91.9   79.2   58.0
  615   87.7   88.1   83.8   45.1   28.6   27.0   42.2   58.0   71.2   80.1   67.5   34.3   27.0   26.4   52.0   71.7   81.5   86.1   74.6   37.1   31.0   28.9   55.0   76.1   83.4   88.9   81.1   40.0
  616   90.5   87.9   73.8   46.3   33.5   45.9   50.4   57.6   63.2   73.5   59.2   39.6   33.0   45.8   65.2   69.4   78.0   85.3   67.9   39.2   38.0   44.8   70.4   78.5   85.0   85.7   69.5   39.3
  617   88.8   87.2   80.6   57.0   37.2   42.0   55.3   72.2   78.4   83.5   66.4   41.0   36.2   38.1   60.9   75.5   84.2   85.6   65.6   41.7   35.8   37.4   59.7   76.8   85.1   87.3   72.4   39.9
  618   92.8   92.5   74.1   39.7   26.2   36.3   48.0   62.1   71.3   81.7   65.8   33.2   26.7   31.0   64.0   76.2   85.7   89.7   65.5   35.1   27.2   32.5   66.8   84.6   90.9   95.2   78.9   41.6
  619   94.4   96.6   88.1   57.4   41.2   42.0   75.1   90.8   98.9   99.2   80.5   41.9   36.5   44.0   67.0   86.8   93.5   96.5   79.3   48.9   39.3   44.9   67.7   89.9   97.4   98.7   81.4   47.2
  623   79.0   80.3   69.5   42.4   29.4   28.2   46.6   75.0   79.8   83.4   63.5   28.6   26.0   31.3   46.7   63.7   77.2   80.9   60.5   33.6   26.9   30.2   47.5   66.4   79.1   83.6   64.6   33.2
  624   88.0   90.7   79.0   47.9   33.4   33.2   58.1   79.6   88.2   93.7   74.6   33.8   30.6   35.0   60.2   77.9   86.1   92.0   71.7   38.6   31.5   36.5   59.0   80.9   88.7   92.7   73.9   39.9
  627   80.1   78.2   60.7   39.1   33.5   44.6   46.4   52.1   56.9   61.9   51.6   34.7   31.3   46.3   57.2   63.3   72.0   78.0   62.6   40.0   37.5   47.4   61.2   69.8   75.4   75.9   61.9   42.5
  628   78.5   76.3   62.9   35.2   22.8   29.9   36.7   52.2   57.9   66.0   50.1   27.9   23.3   25.9   50.1   60.5   68.2   74.5   53.2   27.9   24.0   26.5   51.7   66.7   72.6   77.5   58.4   29.1
  630   88.6   91.5   76.2   49.5   33.1   34.0   73.0   83.5   92.4   94.4   72.0   33.9   28.7   34.9   59.2   76.4   85.9   91.0   71.1   42.9   33.0   36.5   59.3   80.2   91.4   92.9   73.2   41.0
  634   81.6   77.8   67.6   43.8   29.8   37.0   42.0   54.7   59.6   66.7   54.6   34.9   28.4   33.5   55.5   62.7   71.9   76.4   57.4   34.6   30.3   34.9   56.7   69.6   75.8   78.3   62.7   33.0
  635   97.1   96.8   80.1   46.7   35.9   42.6   56.6   60.9   71.6   81.1   64.6   37.7   35.7   38.7   68.1   81.4   87.1   91.8   72.8   41.6   35.6   39.8   71.9   86.6   92.8   95.3   81.4   48.2
  636   93.1   96.0   78.0   48.7   29.7   30.2   49.3   71.7   83.6   89.9   67.9   35.4   29.1   28.8   57.3   77.6   86.5   90.8   67.2   40.0   32.3   30.1   59.7   81.0   90.2   94.5   69.9   40.2
  642   78.8   83.1   72.5   47.1   29.9   28.2   40.7   59.0   75.1   83.2   66.1   35.0   26.5   29.3   43.8   61.1   74.1   81.6   62.1   36.4   29.7   30.5   45.9   64.4   77.5   84.9   67.4   36.9
  651   91.9   94.1   80.9   64.5   66.5   64.6   82.3   89.6   89.5   92.3   78.8   44.6   35.6   42.2   59.9   77.3   88.8   90.7   76.7   55.2   45.1   54.2   69.2   80.4   91.4   89.1   73.2   48.7
  652   80.2   84.8   69.1   38.2   25.0   38.8   55.3   62.1   67.7   77.7   58.6   29.5   20.9   26.5   44.3   59.8   72.5   79.0   60.9   40.7   31.9   37.8   57.0   66.8   75.9   79.0   61.4   35.9
   96   60.2   53.1   54.0   53.7   57.8   58.6   61.1   53.2   48.3   52.8   56.9   55.5   57.9   58.3   56.5   53.1   53.5   57.3   52.9   50.0   50.8   51.0   50.8   54.7   54.9   55.3   53.0   51.4
  661   84.5   86.5   77.8   81.0   77.8   72.4   77.5   72.1   70.6   64.5   46.9   48.5   53.3   55.9   66.6   69.3   70.8   72.3   65.6   67.4   68.7   69.2   75.3   70.9   67.5   71.1   53.8   51.9
  670   95.5   94.8   84.0   89.2   88.6   90.0   95.4   88.5   87.0   80.6   57.9   58.4   65.3   67.7   81.0   85.1   85.8   86.2   75.9   71.3   72.8   78.0   90.9   83.5   75.9   76.6   60.0   51.0
  671   87.6   89.9   79.0   84.2   80.3   80.3   86.8   82.3   76.4   73.2   52.3   52.6   57.4   57.6   72.1   79.6   78.9   82.2   67.1   65.3   66.0   66.1   78.5   77.0   70.2   70.7   53.3   48.2
  695   89.0   90.9   90.1   82.4   83.1   82.5   68.5   79.4   71.0   65.0   59.2   49.1   41.1   42.4   64.1   70.9   69.0   72.6   80.9   66.5   60.7   60.6   73.1   69.6   69.0   61.8   54.4   53.5
  699   99.7  100.2   89.2   64.6   63.5   64.7   74.4   75.3   78.9   82.5   75.6   60.0   59.0   61.5   78.2   85.1   91.9   92.9   79.7   54.2   60.4   60.3   78.2   83.7   87.5   87.7   71.6   60.6
  701   84.0   91.6   79.8   48.7   40.0   32.2   57.4   75.7   87.5   94.6   80.4   43.3   30.5   37.1   63.2   83.8   90.5   94.2   74.7   38.9   33.1   39.0   64.6   85.1   92.8   95.1   74.7   41.8
  702   94.0   95.6   86.7   50.4   39.2   42.2   55.1   60.1   72.1   82.5   68.7   42.2   37.5   39.8   65.7   81.9   87.1   90.2   72.2   42.1   37.2   38.2   69.7   84.7   91.4   93.8   78.1   47.0
  703   87.1   93.4   87.2   54.8   49.2   45.8   63.2   78.4   88.8   94.6   84.3   47.5   39.4   50.7   71.8   87.5   92.1   95.5   73.3   45.1   44.0   46.8   72.9   87.2   93.4   95.7   76.1   46.5
  704   96.2   95.9   84.0   71.7   63.7   65.9   70.5   71.9   71.3   77.7   70.0   64.7   63.1   61.4   74.1   78.9   83.1   83.2   71.0   64.4   66.4   63.7   71.9   76.9   78.0   80.3   66.8   66.2
  706   92.3   95.2   85.7   48.4   42.0   51.0   70.8   75.7   82.3   87.1   77.1   44.5   42.8   48.4   70.4   86.0   93.2   95.3   78.7   43.4   42.5   49.1   72.0   88.5   95.6   97.1   80.8   47.4
  709   68.4   79.3   59.3   34.1   28.3   30.3   43.8   56.8   70.1   78.9   61.5   32.1   24.6   35.9   50.9   67.8   76.4   81.6   65.7   37.9   24.9   45.5   53.4   65.2   74.1   81.5   60.1   33.2
  710   92.8   95.2   85.6   49.5   44.6   51.0   67.8   70.9   78.1   83.3   70.4   46.3   45.9   47.6   71.0   85.6   90.3   95.2   79.7   42.1   42.1   46.6   72.8   84.6   90.5   94.7   77.2   45.9
  711   91.0   96.4   81.5   47.1   41.9   41.9   61.4   71.9   80.4   85.1   78.1   41.5   37.2   42.6   63.1   82.7   88.0   93.0   79.5   41.9   38.4   43.3   61.7   80.7   87.8   91.5   75.9   42.6
  712   51.4   64.5   51.7   35.9   30.3   28.5   39.0   47.2   54.2   64.9   56.5   34.1   32.1   41.3   48.0   59.3   65.4   71.2   58.3   42.3   44.7   57.9   58.4   56.7   66.5   70.5   52.0   30.7
  713   61.2   74.2   55.4   34.9   29.5   30.1   41.7   51.1   61.3   73.3   60.1   33.2   30.0   42.4   52.4   63.3   71.1   79.1   62.3   42.3   41.6   59.2   62.3   62.4   72.6   77.2   54.7   30.2
  724   86.8   88.5   83.9   73.2   71.9   64.8   70.5   70.6   72.4   73.1   75.8   66.5   68.6   67.1   72.1   74.9   74.6   73.4   71.1   61.0   67.9   67.5   67.8   68.0   70.6   70.5   65.0   58.3
  727   71.1   66.4   55.9   54.0   54.8   55.4   55.7   57.0   59.9   64.7   59.8   55.3   55.6   55.9   61.7   64.6   70.4   71.0   54.0   45.2   49.4   56.6   61.5   58.1   62.2   62.8   52.3   45.9
  730   96.0   97.3   87.8   51.9   45.0   53.3   69.3   73.6   80.1   83.7   75.9   47.6   49.3   50.7   73.1   88.5   93.5   95.1   82.7   42.7   44.1   49.6   75.9   87.1   94.6   92.9   79.9   49.7
  731  100.0  104.3   93.2   54.7   51.5   54.2   77.3   80.5   85.3   89.7   79.4   51.7   51.0   54.3   79.5   93.0   98.5  101.1   84.6   48.9   50.1   55.1   81.2   91.1   95.9   98.9   82.8   52.8
  732   81.8   92.7   75.4   45.2   42.3   42.8   62.5   70.3   74.1   82.2   73.6   40.6   37.5   47.7   63.5   79.5   83.8   88.4   76.2   46.7   41.3   52.4   64.1   80.7   85.6   90.0   71.6   42.4
  733   94.1   94.0   80.1   46.8   36.3   44.2   55.7   58.2   69.5   79.5   63.5   38.6   36.9   41.4   67.3   80.0   85.6   89.8   70.7   41.9   37.7   42.2   71.0   83.7   90.0   91.7   76.4   47.6
  734   90.4   95.2   83.6   44.4   32.5   33.3   53.8   62.5   81.6   90.5   70.6   34.9   28.1   34.8   60.2   74.7   85.2   87.9   65.0   33.3   32.0   32.8   60.8   77.4   89.0   91.1   70.6   36.2
  736   92.0   92.2   78.1   56.7   47.7   56.9   61.1   61.0   68.3   79.1   64.3   47.1   45.0   52.5   71.0   78.8   82.4   87.3   67.5   45.4   45.2   54.1   71.6   77.3   84.5   86.0   71.3   51.1
  737   79.8   80.4   71.0   41.7   34.7   42.2   46.2   46.6   57.1   68.2   53.9   33.2   31.7   37.4   56.2   65.0   69.9   75.5   56.8   31.3   29.3   36.5   57.2   64.7   72.7   75.3   61.1   36.7
  738   88.9   92.1   77.9   52.8   43.4   54.3   61.5   64.1   70.0   78.1   63.7   48.0   42.4   48.4   69.0   78.8   83.9   86.4   63.2   40.6   41.4   48.2   69.2   77.8   83.6   84.5   64.0   48.2
  741   92.8   98.1   89.3   48.2   39.3   43.4   60.7   71.2   79.7   86.3   78.2   44.4   38.8   44.0   64.4   82.0   91.7   97.0   79.1   43.0   39.3   46.2   63.9   81.0   93.1   97.4   78.8   45.9
  745   84.1   90.5   73.5   41.7   38.9   41.5   59.9   63.8   69.3   75.5   62.1   39.2   39.0   42.2   61.0   76.1   83.8   87.6   66.0   37.2   39.3   44.5   64.4   77.3   82.4   84.5   63.3   40.1
  748   60.6   76.9   54.6   38.4   31.6   31.9   48.0   54.1   60.9   70.6   59.0   36.0   31.1   39.5   51.6   64.5   74.5   78.1   62.4   44.5   41.1   50.2   56.3   63.7   74.0   78.2   55.3   35.1
  751   73.3   69.1   62.0   60.3   56.5   56.2   61.2   58.3   59.9   62.8   61.2   56.5   51.6   60.2   65.3   66.3   69.1   68.2   55.3   49.9   50.9   55.8   63.6   62.0   62.9   63.3   48.3   45.0
  752   75.7   67.3   58.0   59.5   59.2   63.4   62.9   59.7   59.8   62.9   61.0   59.8   57.0   62.6   65.3   65.7   69.9   69.3   53.9   49.7   52.2   61.8   63.8   60.7   63.6   65.0   51.0   49.0
  754   89.5   91.3   74.9   47.7   45.8   50.4   63.1   62.9   68.6   74.9   60.4   44.0   42.4   47.3   65.7   76.6   85.0   87.4   65.6   38.2   41.1   45.7   67.6   76.5   80.1   82.6   58.1   45.1
  757   81.8   87.2   78.4   42.8   35.4   31.8   50.1   66.4   84.0   90.7   73.8   34.4   26.9   35.0   53.2   74.9   84.5   87.0   65.3   31.8   33.6   35.7   57.3   78.5   89.1   91.7   68.8   34.6
  760   81.3   86.7   75.4   45.5   38.3   48.7   63.7   67.9   72.5   79.4   67.7   43.2   42.5   42.6   66.9   79.7   84.5   85.2   61.7   35.7   39.5   41.4   66.8   80.2   86.6   88.9   67.2   43.7
  762   85.1   90.4   80.7   42.2   38.0   46.3   60.7   67.5   73.8   85.0   71.2   38.9   36.7   42.6   66.8   80.1   85.0   89.3   68.1   31.5   35.3   39.8   65.2   80.1   88.5   91.7   74.5   38.2
  767   60.4   68.1   55.7   46.9   39.6   37.1   47.4   53.8   59.3   66.9   57.4   41.7   40.3   48.5   52.7   62.5   71.1   74.8   63.7   55.2   52.7   53.3   56.9   61.3   68.9   71.9   56.0   37.2
  768   72.7   81.1   68.1   36.2   27.6   27.7   46.2   58.2   66.3   78.8   62.2   33.0   24.2   30.5   47.2   68.9   77.8   81.9   66.0   33.6   22.8   33.3   46.3   66.0   77.4   82.3   64.9   34.8
  769   89.5   91.2   80.5   65.1   58.0   60.5   63.3   62.4   63.0   68.9   66.4   59.7   53.9   54.7   64.2   69.1   74.9   78.5   68.6   53.1   55.9   55.1   63.8   67.7   69.8   72.3   59.7   55.2
  770   85.1   89.3   76.4   41.1   36.1   42.7   61.5   66.3   72.4   78.2   65.9   38.6   36.9   41.4   63.7   79.1   84.9   89.2   71.6   36.1   35.5   42.3   65.8   79.7   86.1   88.9   69.6   39.2
  771   95.0   89.5   81.5   62.0   59.7   60.7   67.8   69.1   71.2   73.4   69.8   58.9   54.1   59.8   72.2   77.6   81.2   85.0   67.9   54.9   55.0   58.0   72.1   77.1   78.8   76.7   61.4   53.3
  775   94.5   97.8   83.2   49.3   42.7   52.1   66.6   68.2   75.0   80.2   68.8   45.5   44.3   48.4   68.9   83.1   90.2   92.7   75.8   39.9   41.6   46.7   71.7   82.9   90.1   93.1   71.8   47.8
  779   80.4   75.3   66.2   64.1   63.9   56.5   57.0   57.0   59.6   57.1   56.3   56.0   56.5   55.7   61.5   64.1   65.7   65.4   54.1   49.4   52.8   54.8   57.8   58.4   61.3   58.6   50.6   48.8
  780   67.8   58.2   46.8   38.9   41.2   51.3   56.6   60.5   58.6   54.9   48.8   42.0   43.2   54.7   62.8   65.1   63.8   60.2   46.3   41.2   45.7   52.2   63.5   62.2   61.0   58.4   44.7   38.7
  781   85.5   84.3   76.1   67.4   63.0   61.3   64.4   65.5   69.2   69.4   71.3   64.0   57.8   63.9   73.0   71.1   72.4   72.2   65.6   57.7   53.3   60.9   65.4   67.3   69.5   66.3   57.7   51.7
  782   42.5   34.6   47.4   51.8   57.3   52.0   41.7   54.1   67.6   77.4   81.3   67.7   68.2   76.5   70.9   67.4   75.5   67.9   65.5   56.1   60.1   70.9   72.0   66.8   71.8   67.3   64.4   52.5
  788   84.0   87.9   76.9   42.6   36.0   43.1   60.7   64.8   71.5   78.0   66.2   39.1   38.2   41.6   61.7   77.8   83.4   87.3   71.8   37.1   36.9   42.6   63.9   77.7   86.2   88.4   70.6   41.1
  789   93.4   90.7   72.9   57.6   55.1   58.4   69.9   69.4   72.3   75.7   61.1   54.3   50.7   56.9   70.4   74.7   79.6   83.3   59.3   49.9   51.9   56.5   70.2   72.6   76.7   76.0   54.2   48.7
  801   85.7   87.7   68.6   51.7   55.4   70.6   83.1   82.2   80.2   87.7   65.2   30.4   30.7   54.1   72.3   81.4   86.6   87.5   71.9   53.2   52.8   64.6   82.8   89.8   94.1   92.1   72.4   44.2
  803   77.2   83.6   67.3   49.6   40.2   48.8   67.7   81.4   80.8   86.2   63.1   31.2   24.9   44.2   65.0   77.8   83.9   87.8   68.6   46.7   43.4   54.0   73.2   82.5   90.2   90.8   71.9   47.2
  804   79.7   82.6   70.5   63.2   66.7   70.3   82.7   84.9   78.8   74.3   64.4   53.8   63.3   62.3   71.0   73.1   76.3   79.9   65.8   62.4   64.3   69.7   77.1   80.7   80.7   78.5   61.3   51.9
  810   62.7   76.3   56.0   36.8   24.3   23.3   28.5   53.6   73.6   82.1   58.5   33.5   23.1   22.9   54.1   66.3   73.4   82.7   63.1   39.2   34.3   41.5   65.2   71.7   76.6   79.2   58.0   41.2
  811   84.2   87.5   74.5   60.3   56.1   62.2   74.0   84.4   83.2   81.6   66.9   48.3   51.5   54.9   67.6   77.5   84.2   85.9   69.6   55.3   59.1   64.4   75.2   85.6   89.0   90.7   72.0   45.5
  812   72.7   83.6   62.2   40.5   29.3   32.6   38.7   59.8   76.0   84.1   61.8   38.2   28.7   32.9   62.4   75.7   82.9   89.9   70.1   45.5   41.3   54.0   74.1   80.3   86.6   87.1   73.2   46.7
  813   72.9   84.6   64.0   42.5   29.0   40.3   53.1   68.9   78.2   84.9   65.2   38.6   28.2   34.4   59.1   72.5   79.9   86.6   68.0   43.9   42.8   60.7   70.5   83.0   87.8   88.3   77.9   43.7
  815   77.1   88.7   78.5   57.6   41.9   48.0   65.4   85.7   88.9   94.2   70.0   35.5   30.2   34.7   73.1   78.8   83.7   92.4   77.3   52.3   42.3   44.9   75.7   82.2   89.8   89.5   75.6   48.8
  817   97.1   94.7   76.6   65.0   74.6   89.5   96.4   97.3   89.4   87.1   70.7   41.4   56.1   69.3   83.8   92.7   94.1   93.1   79.2   66.7   74.0   83.5   95.9   98.7   92.2   87.5   66.2   31.0
  822   65.5   73.0   54.2   32.9   25.1   20.3   31.9   54.6   72.8   78.8   61.1   29.4   21.6   22.3   48.1   60.2   69.8   77.0   61.0   30.9   25.4   31.0   52.0   55.9   65.8   70.6   50.5   33.6
  823   75.9   80.0   68.5   50.9   35.5   38.2   58.3   76.4   81.8   88.6   69.8   38.6   26.6   30.5   63.4   74.3   81.1   88.5   72.9   47.4   40.6   45.4   73.8   81.4   87.8   83.7   71.5   48.5
  825   60.6   71.0   53.0   37.3   25.9   26.9   34.5   56.5   71.4   76.0   55.6   31.6   20.3   24.0   52.7   62.1   70.1   76.4   57.4   36.8   31.1   39.9   63.9   64.4   71.6   69.9   52.4   38.4
  826   68.2   81.2   67.5   45.1   33.2   45.3   62.4   78.1   81.3   83.4   64.4   35.2   26.0   51.3   65.3   74.0   79.6   82.6   66.2   43.3   44.1   62.2   72.7   78.9   87.3   82.3   69.3   48.0
  827   59.8   71.3   64.2   41.0   25.1   38.0   52.1   67.1   75.2   74.8   61.8   35.5   24.5   37.6   55.9   63.4   68.6   73.6   60.8   39.8   33.5   51.9   64.1   68.5   75.2   74.6   62.0   39.3
  828   57.3   75.4   61.0   40.9   28.1   31.9   38.2   61.8   72.5   81.3   57.5   34.8   25.7   31.1   55.8   67.5   74.7   80.4   62.6   43.2   38.4   57.2   72.4   79.0   81.6   81.8   68.3   48.0
  830   82.1   85.5   69.7   58.2   56.4   65.5   80.5   86.6   83.9   82.0   65.9   47.0   49.8   58.4   69.7   76.6   83.9   86.4   68.1   57.2   58.1   67.0   75.2   84.2   88.1   88.8   69.0   49.4
  832   73.4   81.5   74.7   51.4   37.0   40.0   59.9   79.3   86.0   92.3   75.8   37.2   29.3   31.5   65.1   74.2   80.6   88.8   77.1   47.9   37.8   47.0   71.0   75.7   86.6   82.9   72.9   46.4
  834   83.7   88.1   73.6   54.2   44.0   35.7   54.2   81.6   93.3   93.1   68.6   42.0   34.2   36.4   52.6   77.7   83.8   92.0   69.2   46.4   36.1   36.5   51.9   66.9   77.2   87.0   61.0   47.2
  835   73.3   82.4   64.8   51.1   48.2   55.2   73.1   79.8   79.1   83.7   54.7   30.4   27.8   40.4   68.8   79.1   81.9   84.6   66.8   48.3   44.4   54.6   81.5   86.7   90.0   87.7   69.7   45.5
  836   85.1   91.8   78.9   61.7   49.9   56.6   78.5   86.7   86.3   90.1   73.4   41.6   33.4   57.5   76.2   84.5   88.9   91.0   77.1   61.0   54.3   66.3   83.8   87.0   92.2   91.5   78.8   56.2
  844   83.8   86.3   64.2   55.3   60.0   72.6   85.3   87.5   83.0   81.2   64.4   48.1   55.3   61.7   71.5   77.9   82.8   83.7   66.8   61.2   60.6   67.7   77.4   85.3   88.8   86.1   67.1   48.9
  850   71.9   75.5   65.5   64.0   64.3   62.6   74.3   79.2   74.5   64.0   49.0   51.6   53.9   56.5   68.6   71.0   69.8   69.4   57.8   56.4   57.2   61.0   72.6   79.2   76.7   75.3   61.5   49.6
  853   60.3   73.7   65.0   44.1   31.4   36.3   52.0   72.3   78.5   79.7   62.9   35.7   25.3   38.2   61.4   71.1   76.7   80.0   64.5   42.7   40.0   53.4   72.0   74.1   82.9   75.9   63.8   48.5
  871   21.5   26.3   38.3   53.1   53.0   40.3   33.9   33.8   48.9   59.7   74.0   69.3   74.5   74.9   72.8   68.4   65.8   62.0   55.0   66.5   69.8   70.3   65.5   58.9   59.3   59.5   61.0   61.3
  875   93.3   92.8   83.6   85.2   86.4   87.8   88.6   86.8   86.4   81.6   59.6   52.4   62.0   65.4   75.6   80.7   87.3   89.9   79.5   72.3   72.1   79.8   82.8   79.9   78.4   78.9   62.3   49.3
  876   87.0   86.8   76.4   79.2   84.4   91.6   88.0   83.3   78.2   77.4   65.6   59.0   62.0   67.4   74.2   76.6   79.7   82.0   70.2   68.2   73.2   78.3   82.8   79.4   74.6   72.4   54.3   52.8
  877   89.6   98.9   85.1   53.3   40.9   46.0   76.9   87.5   94.5   97.5   81.1   41.7   34.7   37.9   65.2   82.2   92.9   95.4   78.9   51.1   42.3   40.7   63.3   83.7   95.6   98.2   82.1   48.0
  878   96.9   93.3   75.3   78.9   93.5   95.8   94.4   95.3   77.8   62.9   70.1   48.7   66.4   76.9   73.0   69.2   76.0   76.8   66.9   53.9   69.3   78.3   70.7   57.3   56.3   54.4   47.3   29.9
  887   88.3   90.6   76.2   48.1   27.5   30.3   47.8   67.7   79.3   84.9   68.8   33.9   30.2   28.2   52.3   72.7   85.0   89.3   70.7   36.5   29.2   29.7   53.6   77.9   90.1   92.3   77.8   37.7
  900   75.8   81.2   70.4   51.5   46.8   54.7   74.2   83.4   80.7   77.1   62.0   44.3   42.9   51.6   65.2   74.2   80.4   81.3   61.0   51.3   58.5   68.0   75.9   81.9   83.1   85.7   67.2   47.7
  901   72.1   77.4   72.9   69.3   75.5   72.9   78.3   79.6   81.5   68.7   56.6   53.3   59.1   64.6   69.7   68.5   69.4   69.5   59.6   60.0   61.6   71.4   79.1   79.5   81.4   80.7   72.8   57.1
  907   53.6   60.8   54.8   41.5   46.1   48.1   43.2   34.8   49.3   63.7   55.8   33.7   32.0   43.6   54.9   56.5   65.7   67.6   61.4   53.4   55.3   58.1   59.6   66.6   75.0   74.9   63.4   42.9
  908   70.0   72.8   56.4   40.8   42.4   58.5   69.5   63.6   71.3   68.7   52.6   34.9   34.7   45.6   56.2   59.6   66.6   69.7   54.0   47.1   52.9   56.3   68.7   73.1   79.5   81.7   72.1   51.3
  909   72.2   77.6   64.4   56.2   57.0   68.7   77.1   71.5   77.9   78.4   67.3   49.9   49.3   59.7   65.6   71.8   73.8   75.6   67.1   59.3   59.0   63.0   69.6   74.1   80.9   84.7   80.2   69.4
  912   60.6   74.7   53.8   35.1   32.2   34.7   41.9   57.9   71.1   80.6   63.2   33.0   28.0   36.0   54.4   69.3   77.1   80.4   61.7   35.8   29.1   42.3   57.3   67.1   75.0   77.9   55.7   33.4
  915   67.4   79.2   56.4   34.2   25.7   30.9   38.0   49.4   63.7   75.1   57.6   32.7   25.1   32.7   62.1   73.4   79.4   84.2   70.3   44.1   40.2   55.1   70.6   76.3   79.6   82.3   65.3   41.9
  917   65.6   76.3   56.6   40.5   37.2   46.7   49.0   44.4   57.2   71.0   59.2   36.1   29.0   43.9   64.9   70.1   75.7   80.0   67.0   52.7   51.0   61.3   70.9   79.7   82.7   84.6   70.2   43.9
  918   70.2   77.0   56.6   44.0   42.8   58.7   67.3   48.3   59.7   75.1   60.9   38.2   32.1   51.3   68.5   73.9   77.2   81.8   62.0   52.5   57.1   61.1   74.8   83.6   86.9   90.1   72.6   46.7
  919   60.7   74.9   57.4   35.4   21.4   27.4   37.2   59.3   67.3   76.6   53.6   30.6   20.2   23.1   52.2   65.7   73.7   78.8   57.0   36.6   35.6   52.9   66.2   77.4   83.0   82.2   68.8   39.5
  920   70.3   79.4   56.2   35.0   22.6   35.0   51.9   53.3   68.1   79.1   59.3   33.6   20.9   32.9   62.1   69.0   79.6   84.1   64.4   43.4   42.9   53.8   72.2   82.2   89.9   92.5   77.8   43.2
  923   70.1   76.6   70.8   56.5   63.3   69.6   76.6   79.8   81.2   76.0   55.7   45.1   50.9   57.6   65.6   70.0   71.5   73.5   60.7   58.6   55.3   64.1   75.9   80.0   82.4   83.6   72.5   66.0
  932   62.4   70.9   47.4   29.1   24.5   28.4   33.4   47.6   58.3   69.6   52.4   26.7   23.7   34.3   58.8   69.5   73.1   78.7   62.5   40.7   38.7   53.5   60.7   62.3   68.6   69.1   51.0   30.7
  936   71.4   79.6   56.6   35.7   26.1   32.2   46.5   51.1   66.1   75.5   58.2   33.4   25.0   33.8   65.5   73.5   79.3   84.6   70.2   45.3   41.4   56.7   74.0   80.9   86.0   87.1   74.0   45.7
  940   68.9   72.6   66.2   47.9   49.8   66.5   72.3   74.2   76.8   72.8   54.8   41.7   44.9   54.1   62.2   67.5   68.4   72.1   59.8   54.8   55.1   60.6   72.4   77.8   83.3   85.9   74.2   62.5
  946   65.0   72.5   52.7   38.1   36.8   36.5   45.4   61.7   73.6   83.9   60.6   37.0   32.6   39.0   57.8   70.2   77.0   80.7   58.6   36.4   31.7   43.4   62.1   72.4   76.2   76.5   52.5   36.4
  790   61.7   65.5   63.2   54.7   48.9   48.2   57.4   62.9   65.6   71.9   64.8   49.0   51.1   61.9   65.9   69.7   77.1   79.9   73.0   65.6   64.3   64.6   63.3   66.6   68.9   71.6   61.9   43.5
10111   81.4   86.3   76.2   41.3   28.9   35.2   54.7   52.2   50.4   55.6   48.1   34.0   28.2   33.6   53.9   53.8   64.9   71.2   58.7   45.9   37.5   41.4   56.8   66.4   74.0   75.8   61.4   44.3
10112   83.7   87.8   73.9   36.7   25.8   32.5   56.7   53.6   52.7   57.6   48.4   30.5   26.4   34.0   57.3   57.9   67.5   73.7   58.6   40.4   33.5   39.6   60.5   70.3   80.7   82.7   64.9   37.6
10121   91.2   90.5   80.5   82.4   83.7   86.8   86.7   83.7   86.3   85.6   63.0   55.3   60.4   66.6   77.6   81.3   90.3   91.5   82.1   77.2   74.8   82.5   85.2   85.7   82.6   83.7   67.4   53.9
10122   92.4   92.8   81.6   84.3   83.6   87.8   88.7   84.8   81.9   79.7   57.1   51.4   59.6   63.8   73.3   80.7   89.1   90.3   78.6   73.4   73.0   80.5   82.4   82.6   78.2   78.3   61.0   45.1
10131   90.2   90.6   80.6   77.2   88.9   90.2   88.5   81.5   88.1   87.7   67.3   49.6   56.7   73.9   83.1   84.0   89.2   91.0   82.5   75.2   77.9   84.1   90.4   88.6   87.5   85.2   65.9   52.8
10132   88.9   88.9   73.7   67.6   82.3   88.6   86.8   80.2   87.6   89.1   64.1   43.2   48.6   74.3   82.7   84.7   88.3   88.3   75.0   65.8   68.3   79.7   87.2   89.1   90.1   87.1   62.9   45.3
10141   70.3   82.6   61.3   49.9   41.8   43.2   68.6   69.3   77.8   82.2   59.7   37.8   31.8   37.1   53.8   65.9   77.9   84.3   70.3   58.8   48.1   44.6   55.6   64.7   80.9   83.8   67.9   52.0
10142   66.7   80.9   55.3   41.9   35.9   39.7   64.3   68.3   79.6   84.0   59.4   32.1   26.9   32.6   50.3   62.8   76.5   81.8   63.1   48.7   39.3   39.2   54.0   63.2   79.9   83.5   65.9   42.9
10151   81.2   85.0   74.4   52.4   32.0   33.4   44.7   56.1   71.0   78.0   60.4   37.4   32.3   33.2   46.2   66.3   75.5   80.5   63.7   42.5   36.5   35.5   49.0   65.7   78.1   80.6   63.2   46.8
10152   84.3   86.4   74.4   45.8   28.5   31.2   44.0   55.6   68.9   76.5   58.1   33.2   29.5   30.2   48.5   68.5   77.9   83.8   64.2   37.5   31.9   32.0   51.4   70.8   84.3   87.1   68.4   40.6
10161   77.7   79.5   66.9   49.7   39.8   34.5   50.8   73.4   83.8   84.1   64.0   38.5   31.9   36.7   49.3   76.1   81.7   86.3   69.2   48.2   35.8   40.9   52.5   66.8   75.5   83.0   61.1   48.4
10162   80.2   79.7   66.9   46.2   36.2   32.3   48.5   71.4   83.3   85.4   63.4   35.9   29.2   34.4   48.7   73.9   81.4   87.4   68.7   43.8   32.4   37.7   49.6   65.6   74.6   83.6   58.9   42.6
10171   73.2   75.9   61.1   53.5   40.7   35.6   54.6   74.1   77.1   83.3   62.3   38.9   31.9   35.2   53.6   71.7   77.9   84.0   68.7   53.8   45.3   42.0   55.6   71.1   80.0   82.6   66.5   54.5
10172   72.0   76.1   55.7   44.6   34.7   31.0   50.4   69.6   76.1   83.6   61.6   33.7   27.7   31.5   49.0   69.7   76.6   82.9   63.6   45.4   38.4   37.3   52.4   69.9   78.8   82.5   61.8   44.4
10181   76.9   83.8   69.4   44.9   39.9   40.9   61.1   62.7   67.8   75.3   60.0   39.5   37.7   42.2   57.0   70.4   77.5   84.9   63.4   39.0   41.3   45.6   58.9   73.6   78.0   82.3   59.7   44.6
10182   82.5   89.1   71.4   41.6   37.0   38.5   59.1   61.9   67.4   74.9   57.8   35.2   34.6   40.5   59.9   74.7   82.1   88.3   62.6   35.3   36.7   43.4   63.2   77.2   81.7   84.3   57.4   39.1
10192   65.8   76.4   56.0   44.3   43.0   37.9   45.5   58.7   72.9   81.5   68.6   43.7   35.1   42.6   57.5   69.8   77.9   83.1   73.6   51.7   37.1   52.1   61.2   67.5   76.8   82.0   67.0   48.3
10201   76.3   82.1   74.0   50.1   39.1   45.6   60.7   62.7   68.5   72.7   63.2   45.6   43.8   40.5   60.7   74.0   80.8   80.4   59.6   39.3   41.0   40.3   60.6   75.2   82.3   82.4   62.9   51.4
10202   80.4   85.4   74.3   45.8   35.7   43.8   59.5   62.0   66.6   72.5   60.7   39.9   39.1   40.0   63.7   77.6   82.9   81.7   57.5   35.0   35.7   39.1   63.9   78.6   86.4   85.7   59.4   44.2
10211   71.8   77.1   53.5   48.3   46.4   38.3   45.9   65.7   77.7   88.5   72.4   47.2   40.1   42.3   54.9   74.8   80.0   86.2   67.0   43.5   39.5   48.2   62.1   76.1   84.1   82.7   62.5   48.1
10212   73.6   75.6   52.9   43.9   42.6   37.2   47.7   64.6   77.0   87.1   71.1   43.1   36.9   40.7   54.3   75.6   79.6   83.4   66.4   40.0   36.3   46.2   60.2   74.3   81.2   82.3   60.7   42.3
10221   83.7   92.0   70.8   56.1   58.3   73.5   87.3   90.6   85.0   83.1   71.7   46.0   47.8   63.7   78.6   82.9   87.6   88.4   74.4   68.1   64.8   73.5   80.5   84.5   87.2   85.9   76.8   58.9
10222   81.0   90.2   67.2   51.4   49.8   70.6   84.5   87.8   83.1   82.4   68.0   41.3   37.7   59.2   75.0   80.7   86.3   88.6   70.6   60.1   58.1   71.0   81.1   85.8   90.6   91.7   77.7   54.8
10231   57.6   75.2   49.9   40.6   40.7   30.6   35.6   50.0   67.3   81.2   65.9   48.7   38.0   44.4   65.6   71.3   77.6   80.6   72.6   57.2   46.8   55.7   64.2   63.1   69.9   70.7   62.4   53.4
10232   58.3   73.7   48.9   39.5   37.9   34.6   40.5   49.2   66.9   81.7   68.5   43.0   34.2   40.4   63.3   71.9   76.1   78.6   71.1   52.6   42.4   54.3   62.8   60.6   68.2   70.8   61.2   46.4
10241   61.6   74.7   61.8   60.9   46.9   43.5   65.1   78.5   73.2   76.5   56.3   40.2   33.2   39.7   72.5   79.2   84.7   86.2   73.3   63.6   56.3   56.2   78.7   85.1   88.4   85.9   76.4   61.1
10242   60.0   72.3   53.6   49.7   39.0   37.4   62.4   77.3   74.6   79.2   56.6   34.4   28.2   35.5   63.1   73.9   80.4   83.7   65.6   51.6   46.1   48.2   73.0   84.9   88.2   85.8   75.3   50.4
10251   66.1   79.7   54.0   44.0   38.4   37.0   37.8   58.6   75.0   82.8   65.0   45.4   36.6   37.5   59.5   77.8   82.6   86.7   71.5   54.1   43.4   56.8   76.7   78.4   78.9   75.5   64.2   60.4
10252   70.7   83.1   53.1   37.3   30.9   32.2   39.1   54.3   70.0   80.9   58.8   37.1   30.7   34.1   55.5   74.5   81.2   85.4   66.6   47.4   38.4   52.1   73.9   79.1   81.2   79.5   57.3   51.4
10261   51.0   48.6   41.1   42.1   49.0   49.6   48.3   53.6   52.2   51.2   48.1   41.6   44.1   53.7   61.5   63.3   62.7   62.4   50.7   49.5   52.6   56.0   57.2   57.2   55.4   58.1   42.2   41.5
10262   53.5   51.2   43.7   46.7   50.3   50.0   48.0   56.3   54.5   57.0   56.5   52.3   50.6   57.6   60.5   63.5   65.3   63.9   53.6   51.4   49.8   58.1   61.0   60.6   63.9   65.5   54.2   51.9
10272   57.1   53.0   49.0   52.2   55.8   53.7   49.3   59.0   55.6   56.6   57.4   55.8   55.7   59.4   61.3   65.2   67.3   67.3   56.8   52.8   53.5   60.4   60.7   59.7   65.2   65.4   56.6   57.3
10281   77.3   78.2   69.9   47.6   39.4   34.3   54.0   58.7   66.0   71.8   63.9   45.4   40.0   41.9   58.1   71.2   79.9   85.2   67.1   45.7   40.7   47.0   57.7   72.6   82.0   83.6   63.5   52.6
10282   79.9   82.7   71.7   43.4   36.4   37.9   55.5   58.3   65.4   73.1   60.9   36.8   33.9   39.4   56.6   72.5   80.1   84.0   65.4   36.9   32.8   42.8   58.4   72.5   83.9   85.8   62.9   40.0
20111   82.7   86.3   67.2   54.4   41.9   54.6   63.6   71.8   73.2   79.1   55.2   36.6   32.5   36.8   55.0   69.5   78.8   83.7   68.1   57.2   46.1   50.6   62.1   74.5   83.3   84.4   64.0   48.5
20121   82.4   89.7   79.2   46.0   29.5   32.6   59.0   62.9   62.7   69.7   54.6   34.1   29.7   36.6   55.6   68.3   73.8   81.6   61.5   44.8   35.3   37.7   57.4   71.1   81.0   83.6   65.5   42.6
20131   87.7   91.9   83.3   42.8   33.4   37.3   52.0   54.5   56.7   63.2   49.4   35.4   34.3   42.3   66.1   61.3   72.7   79.5   62.8   45.1   37.1   44.3   65.9   77.5   82.6   84.2   65.0   42.7
20141   77.9   87.9   73.8   64.3   57.9   67.0   84.9   80.6   79.8   83.5   60.9   44.3   45.2   66.8   80.3   87.3   91.3   92.6   80.6   68.3   66.4   79.8   90.1   88.6   90.1   88.5   74.7   55.5
20151   90.4   90.9   68.0   42.1   28.0   37.4   48.6   59.2   65.1   71.2   54.0   33.2   29.1   32.2   61.6   73.0   83.1   81.9   59.8   36.6   30.7   34.5   62.1   80.6   82.8   84.5   65.0   46.6
20161   75.4   82.9   76.5   52.0   36.1   31.8   48.6   59.0   76.2   86.1   69.6   40.9   31.0   36.3   48.8   70.3   78.1   83.3   63.8   41.8   38.3   38.3   52.8   70.4   80.0   83.6   63.3   45.1
20171   72.0   83.1   69.6   45.4   40.9   36.6   51.7   63.6   76.3   85.4   72.7   39.4   32.6   42.4   57.4   77.5   81.7   85.5   60.5   35.8   36.0   41.8   61.3   77.6   84.8   86.2   61.6   40.4
20181   80.5   86.5   78.1   53.2   38.0   40.5   56.0   60.5   72.6   79.4   67.7   43.9   37.8   41.2   58.7   76.5   79.5   81.9   60.6   41.1   40.0   40.0   59.3   75.7   81.0   80.5   61.5   50.1
20191   87.3   89.6   80.5   57.7   47.4   53.6   60.2   60.9   63.9   70.3   60.7   51.3   46.6   47.3   63.2   72.2   79.6   79.6   63.4   46.6   48.9   49.6   61.8   71.4   76.6   77.7   60.0   55.4
20201   75.9   77.4   69.5   48.5   39.7   35.3   54.3   57.8   65.5   71.4   63.2   45.4   40.6   42.1   57.5   71.5   78.7   83.5   66.7   45.6   41.1   47.3   57.3   71.9   81.7   82.9   63.5   52.8
20211   59.0   71.2   55.9   42.2   37.8   32.5   51.0   58.4   66.7   74.0   65.9   41.7   33.3   40.8   54.7   65.9   78.9   84.5   71.3   47.5   36.5   51.8   54.0   63.3   76.1   80.4   59.0   43.4
20221   59.5   70.8   55.5   52.9   43.0   39.6   44.2   52.3   58.1   68.1   62.3   48.6   42.9   50.8   52.8   63.5   73.9   79.1   69.9   63.6   61.9   60.9   64.3   59.4   67.6   71.2   55.4   43.7
20231   75.9   80.5   64.2   49.9   45.8   44.3   58.9   59.0   62.3   67.3   58.2   44.2   45.2   44.2   53.6   64.7   71.5   77.3   59.1   42.1   45.9   47.2   58.7   70.3   70.9   71.3   55.9   47.5
20241   72.7   79.8   62.4   47.3   44.5   42.2   58.6   58.2   62.1   67.3   56.3   40.9   43.3   42.9   52.5   63.2   70.1   75.6   57.9   40.4   44.9   46.2   57.5   69.0   71.2   72.4   56.0   46.7
20251   74.0   80.1   71.0   55.9   48.4   51.8   71.1   80.7   84.9   82.4   70.7   52.7   49.5   59.0   70.2   76.7   82.7   83.4   68.5   58.6   66.7   75.6   79.6   84.0   88.7   88.9   83.2   71.4
20261   74.6   86.2   66.4   54.2   52.4   58.2   80.3   78.8   76.2   81.6   61.8   37.2   31.7   56.3   74.3   81.2   85.7   88.0   73.9   58.7   58.1   66.7   79.2   85.4   86.0   87.1   78.7   57.8
20271   66.0   75.1   60.2   46.2   38.5   32.1   41.6   61.8   79.1   80.0   68.0   40.2   30.0   32.6   48.6   67.2   80.9   82.7   66.9   45.4   36.1   39.1   55.6   57.8   67.8   71.4   54.4   47.3
20281   68.6   72.7   54.6   44.7   37.4   33.0   39.7   58.4   77.1   79.9   63.8   42.5   31.9   31.4   54.3   73.3   83.2   83.6   69.7   51.2   44.3   50.4   68.2   67.0   71.1   70.0   55.8   53.7
20291   63.7   76.9   70.6   53.4   39.8   41.6   48.6   67.7   76.8   78.7   62.8   43.7   33.7   40.7   67.3   77.6   81.7   83.2   70.4   53.0   53.5   67.0   80.1   79.5   85.4   81.2   78.0   66.1
20301   71.7   77.3   55.9   42.1   37.9   51.6   49.8   44.4   59.7   72.5   63.8   41.1   33.1   47.3   68.0   76.8   78.8   82.4   68.1   57.2   59.3   68.2   80.6   84.7   87.0   89.0   78.4   61.9
30111   82.7   83.6   68.7   48.0   32.0   37.4   58.4   67.0   67.6   72.2   54.8   34.0   29.1   32.5   51.3   69.8   73.1   78.6   62.3   49.7   37.6   41.6   54.2   68.3   76.7   79.0   62.6   47.2
30121   83.2   86.4   68.0   55.5   45.2   57.7   63.3   70.9   72.8   78.0   55.4   37.5   33.5   37.8   55.2   69.7   78.6   83.6   69.4   59.6   48.6   52.5   63.7   74.7   82.5   83.4   63.8   48.7
30131   78.0   86.3   70.3   56.6   54.9   76.6   72.0   74.7   83.6   84.6   63.5   35.3   31.6   45.6   66.2   71.3   80.4   85.8   74.7   62.6   53.7   55.8   72.8   78.4   85.1   85.9   70.0   48.0
30141   70.2   77.9   54.0   44.8   44.4   39.6   49.9   66.3   78.5   88.1   73.9   43.7   36.1   42.8   57.3   78.5   81.1   84.7   66.5   39.9   36.2   47.6   61.8   75.6   83.3   87.5   63.8   43.7
30151   73.2   79.6   68.0   44.5   38.3   42.2   57.6   61.2   68.3   74.9   63.3   40.5   37.4   40.3   60.2   76.5   81.7   83.1   62.0   36.3   36.5   42.5   60.6   77.6   87.1   86.8   64.8   44.1
30161   49.8   69.2   63.5   49.9   37.2   40.2   42.5   58.7   72.4   80.6   63.8   43.9   34.8   36.8   61.9   72.1   80.5   81.9   69.5   56.9   50.9   66.2   76.8   80.8   86.3   83.2   78.2   66.2
30171   72.3   77.1   70.1   56.5   48.4   53.8   79.3   84.3   84.9   81.4   68.6   51.8   50.4   58.6   69.7   76.3   80.6   80.8   67.8   59.7   69.5   77.3   80.9   85.1   88.9   88.7   84.9   73.0
30181   74.4   79.9   70.3   53.5   45.9   50.8   62.6   76.4   84.5   81.9   70.2   51.8   47.2   57.0   68.7   75.9   82.6   83.6   67.6   56.5   64.2   75.0   78.3   82.6   88.7   88.6   82.5   69.8
30191   56.4   75.8   64.3   44.8   34.1   40.3   48.3   57.0   69.7   79.1   64.5   42.1   31.4   37.1   61.5   69.5   77.4   80.6   67.3   51.3   51.2   68.6   75.4   80.9   86.5   79.9   78.2   64.4
30201   66.3   76.0   49.5   41.7   40.9   37.0   44.4   61.7   74.5   85.6   69.4   42.5   36.4   39.9   53.9   73.7   78.4   82.0   67.6   42.9   34.3   44.5   61.1   71.5   77.2   77.9   60.2   43.1
30211   64.5   79.6   53.4   39.2   34.1   36.1   39.6   52.5   69.4   79.6   65.0   41.2   34.1   37.9   62.7   72.3   81.2   82.5   70.8   54.3   48.8   57.4   72.6   69.0   75.1   71.8   57.8   50.0
30221   67.1   75.4   51.8   40.1   34.8   35.4   39.2   49.1   65.7   78.9   65.4   41.0   33.9   38.5   67.9   75.7   78.6   81.2   73.8   57.0   47.4   59.8   68.8   65.4   70.7   72.1   57.8   46.9
30231   71.3   77.5   56.9   39.8   33.5   38.9   46.8   45.4   62.3   73.9   61.7   39.9   30.5   36.0   65.2   72.0   78.6   82.1   69.4   55.0   56.1   65.9   76.8   83.0   87.2   84.2   76.7   62.4
30241   73.5   80.8   51.8   39.9   31.2   36.3   46.0   55.5   68.9   71.2   59.5   38.4   31.6   40.6   68.5   78.9   80.0   83.1   69.8   57.7   54.4   65.9   75.7   80.0   80.5   79.5   63.7   44.6
30251   58.5   72.0   57.6   50.4   44.8   41.0   42.2   49.7   60.0   69.6   64.7   43.8   38.2   50.2   70.3   75.3   80.1   81.4   70.9   66.4   64.8   69.1   76.3   74.8   80.7   79.8   68.1   51.2
40111   80.7   85.8   75.0   41.9   29.0   36.3   56.4   55.6   52.9   59.6   49.7   33.9   28.0   33.4   54.3   57.3   68.7   73.9   59.6   46.0   38.0   43.3   56.7   67.7   74.9   76.9   60.9   44.8
40121   81.7   86.9   70.4   46.1   31.5   41.3   57.4   61.8   61.3   73.2   56.3   34.8   27.9   34.4   49.9   66.3   71.5   80.3   63.7   48.4   39.5   49.5   57.8   69.1   75.8   78.5   61.1   44.6
40131   78.1   87.0   62.6   47.4   34.2   47.7   64.6   70.4   74.1   78.7   55.2   33.8   28.9   35.4   52.7   67.0   76.5   83.4   63.9   50.6   40.0   47.5   61.3   72.8   81.5   84.1   62.2   43.3
40141   82.1   86.8   65.9   48.4   35.3   41.3   60.5   72.9   79.8   83.4   63.4   37.0   30.4   34.1   51.0   71.6   79.8   82.7   66.2   54.3   39.7   43.9   55.4   70.0   83.0   88.5   69.3   49.9
40151   86.0   91.8   83.8   44.2   31.2   34.4   53.7   58.6   56.5   63.6   50.5   35.0   32.8   39.1   63.6   63.4   73.2   80.6   61.5   45.5   36.7   40.9   63.3   75.5   82.0   84.0   63.5   44.1
40161   80.0   76.5   57.0   44.3   38.6   38.9   44.3   41.2   47.1   54.6   45.1   39.6   43.9   52.3   49.1   53.7   61.0   66.9   57.4   51.6   52.0   54.5   65.1   65.6   76.4   79.4   68.6   56.7
40171   80.8   88.7   74.9   64.1   65.9   81.6   75.5   82.4   87.0   87.1   67.6   40.3   32.4   45.2   62.8   72.2   83.9   88.9   80.6   65.1   51.0   56.8   72.9   80.0   86.3   87.2   71.7   52.5
40181   81.2   85.8   72.4   49.6   41.7   67.9   67.8   80.7   83.6   87.7   71.3   35.5   28.4   33.6   56.5   72.4   82.8   87.3   70.7   52.3   42.0   45.8   61.4   72.3   82.3   83.9   65.7   44.6
40191   78.8   85.6   65.2   41.7   34.1   53.4   64.8   78.9   87.3   89.7   69.3   32.7   26.7   31.6   52.0   72.3   82.0   86.8   66.6   47.5   36.7   42.2   56.9   71.8   83.0   88.0   67.2   41.4
40201   71.7   85.1   69.7   52.6   53.1   68.8   71.4   67.6   78.7   83.5   58.6   36.3   32.7   42.6   66.5   72.5   81.9   86.0   74.5   63.6   56.7   53.0   64.5   74.0   83.7   86.1   69.1   51.0
40211   80.8   88.8   75.5   57.9   56.8   78.2   82.6   77.6   80.9   87.0   65.2   38.7   38.1   62.6   81.0   87.4   89.8   91.7   81.6   64.5   60.0   61.1   76.2   82.7   88.5   89.0   67.9   53.1
40221   89.8   89.5   82.1   80.7   90.8   94.3   93.2   85.6   84.5   83.7   74.8   62.8   67.5   76.8   81.5   85.7   89.9   88.3   80.7   73.2   78.1   88.2   87.9   86.8   85.0   79.0   62.1   56.6
40231   90.0   89.8   83.4   83.3   91.7   94.5   93.4   86.0   84.2   83.4   74.8   65.1   68.7   76.6   81.1   85.0   89.9   88.3   81.5   75.0   80.2   88.4   88.0   86.3   84.4   78.2   62.2   58.0
40241   87.9   87.1   74.5   50.3   34.7   39.2   48.5   59.1   64.6   71.1   55.9   38.9   33.4   32.4   55.9   68.0   79.3   78.8   59.3   41.1   37.7   35.9   56.1   72.7   77.9   80.2   62.7   43.5
40251   68.0   74.9   61.5   48.1   44.5   35.0   46.1   63.1   78.1   84.8   73.4   45.6   35.6   37.6   52.0   72.7   77.7   82.2   64.9   42.1   36.7   42.7   56.3   67.2   76.9   77.7   59.1   49.6
40262   62.9   77.1   53.6   37.3   36.5   35.9   49.8   61.0   74.6   84.3   67.7   38.4   31.0   39.4   56.7   69.0   76.2   77.7   64.8   42.2   30.6   42.8   56.7   65.1   73.7   78.9   58.1   37.9
40271   61.3   72.0   53.8   41.9   38.1   34.4   44.1   55.1   67.5   78.9   70.0   43.4   36.8   43.8   62.0   72.3   81.2   86.3   77.5   58.1   51.4   64.6   73.8   69.0   76.9   78.8   67.1   47.0
40281   78.4   79.2   65.8   52.0   52.1   54.2   61.2   61.4   61.3   63.4   59.8   51.6   45.4   47.3   60.5   64.9   67.3   74.3   57.7   43.8   47.8   51.0   62.8   70.3   70.7   69.0   53.2   45.6
40291   60.1   63.6   68.6   66.0   70.9   75.3   77.2   66.6   57.2   59.8   63.8   68.2   70.0   68.3   62.9   61.8   67.4   68.3   61.9   63.1   60.2   64.3   67.9   75.5   71.5   73.0   71.0   66.2
40301   87.4   90.9   69.4   60.0   69.4   81.6   92.4   86.5   83.9   86.4   70.2   51.3   60.1   70.2   79.4   84.0   89.9   88.3   76.3   74.7   72.8   76.2   82.2   88.0   87.8   87.3   74.4   60.2
40311   77.4   84.8   73.0   62.4   63.9   68.0   76.9   86.0   82.6   78.3   62.6   51.6   52.6   59.1   72.3   76.4   79.9   82.5   67.4   61.2   65.3   72.2   77.9   86.6   87.3   86.5   77.4   65.4
40321   69.4   78.9   68.0   45.5   38.9   49.7   69.9   66.1   79.3   77.2   60.7   43.4   40.3   47.8   61.4   72.2   75.8   78.6   63.7   49.4   59.4   72.7   75.2   80.5   86.4   85.5   79.2   64.4
40331   64.0   78.5   52.7   36.5   30.8   33.6   37.8   47.9   64.0   75.7   62.0   37.3   31.2   35.9   66.2   74.4   77.9   82.6   72.0   54.3   47.1   59.9   71.6   70.4   73.6   68.0   51.9   43.0
40341   54.9   65.0   50.8   44.3   36.6   58.6   67.8   50.4   62.2   74.7   65.2   45.6   35.9   46.6   64.3   67.9   72.5   76.6   67.0   57.6   62.8   67.8   74.4   81.7   86.9   85.5   79.7   71.3
40351   68.7   73.8   71.2   54.6   58.4   70.8   78.9   81.5   80.8   76.8   58.5   45.4   50.4   57.9   67.0   75.2   74.1   75.7   64.9   60.1   59.3   64.9   76.6   81.7   88.8   88.6   82.1   77.8
40361   68.9   70.5   68.0   49.8   44.7   68.0   78.1   79.4   79.8   75.2   60.7   44.4   47.1   56.5   64.4   75.4   73.5   75.1   65.2   58.1   64.4   70.3   77.5   82.6   87.3   86.7   83.1   73.7
