2016032212+000HOUR     2016032221LST
STNID     6H     9H    12H    15H    18H    21H    24H    27H    30H    33H    36H    39H    42H    45H    48H    51H    54H    57H    60H    63H    66H    69H    72H    75H    78H    81H    84H    87H
STNID 032303 032306 032309 032312 032315 032318 032321 032400 032403 032406 032409 032412 032415 032418 032421 032500 032503 032506 032509 032512 032515 032518 032521 032600 032603 032606 032609 032612LST
47003    1.0    2.0    1.2    2.3    3.3    3.1    2.3    1.4    1.1    0.1    0.5    0.8    0.8   -3.4    2.6    1.1    1.4    1.1    1.1    2.2    2.1    1.8    2.3    0.9    1.0    0.8    0.6    1.3
47005    0.2    0.4    0.5    0.7    0.6    1.2    0.3    0.3    0.1    0.0    0.2    0.3    0.5    0.4    0.0    0.0    0.4    0.1    0.7    0.6    1.1    2.1    0.2    0.1    1.4    0.2    1.2    0.9
47008   -0.1    0.0   -1.1    0.5   -1.9   -1.4    0.1    0.0    0.1    0.1    0.0   -0.8    1.0   -1.5   -0.3    0.9    0.8    0.7    1.0   -0.5   -0.7    0.5    0.6    1.2    1.1    0.7    0.4   -0.4
47014    0.1    0.1    0.0    1.7    0.3    0.5    0.1    0.1    0.4    0.0    0.0    1.9    0.2    0.0    0.0    0.0    0.0    0.0    0.0   -0.1    0.0    0.0    0.0    0.0    0.0    0.0    0.0    0.4
47016    1.2    1.1    0.7    1.0    1.8    2.0    3.1    1.1    1.0    0.9    0.7    0.5    1.2    1.8    1.5    0.8    0.3    0.8    0.7    0.7    0.4    1.1    1.6    0.0   -0.1   -0.3    0.4    0.8
47020    0.2    0.2    0.0    0.0    0.1    0.1    0.1    0.3    0.0    0.1    0.0    0.0    0.1    0.0    0.0    0.0    0.1    0.3    0.0    0.0    0.1    0.0    0.0    0.1   -0.1    0.0    0.0    0.0
47022    0.4    0.5    0.6    1.2    1.8    1.3    1.5    1.4    0.9    0.8    0.5    0.7    1.4    1.6    0.8    0.3    0.1    0.3    0.5   -0.1   -0.2    0.3    0.5    0.1    0.0    0.2    0.4   -0.1
47025   -0.3    0.8    0.2   -0.2    0.2    0.6    2.8    0.7    0.5    1.0   -0.6   -0.4   -1.6   -1.6    0.6    0.3    0.1    0.5    0.2    0.3    1.0    1.2    2.1    0.1    0.1    0.5    0.0    0.2
47028   -0.1    0.0    0.0   -0.3   -0.1    0.1    0.3    0.6    0.4    0.0    0.0   -0.1   -0.2   -0.1   -0.1    0.1    0.1    0.1   -0.1   -0.6   -0.5   -0.7    0.4    0.4    0.1    0.1   -0.1   -0.7
47031    0.5    0.2    0.1    0.1    0.7    0.8    1.0    0.6    0.2    0.2    0.3    0.3    0.9    1.0    0.4   -0.1    0.1    0.0    0.0    0.3    0.4    0.5    0.0    0.1    0.1    0.0    0.1   -0.3
47035    0.1    0.4    0.5   -0.1    0.3    0.5    1.3    1.2    0.7    0.6    0.7    0.1    0.4    0.1    0.8    0.6    0.4    0.2    0.2   -1.0   -1.9   -0.4    0.9    0.8    0.3    0.0   -0.2   -0.7
47037   -0.1    0.2   -0.1   -0.3    0.0    0.0    0.6    0.3    0.1    0.5    0.3   -0.1    0.1   -0.4    0.4    0.2    0.3    0.3   -0.4   -0.7   -0.4   -0.2    1.2    0.5    0.2    0.3    0.0   -0.6
47039    0.0    0.0    0.0   -0.3    0.0    0.0    0.2    0.0    0.4    0.1    0.0   -0.1   -0.2   -0.1    0.2    0.0   -0.1    0.0   -0.1   -0.1    0.2    0.6    0.5    0.0    0.0    0.0    0.0   -0.2
47041    0.6    0.1    0.0   -0.1   -0.2   -1.0    2.9    2.1    1.3    0.2    0.5   -0.1   -1.6   -2.2   -2.4   -0.4   -0.2    0.0    0.6    0.1   -0.4   -0.2   -2.4    0.3    0.7    0.1    0.4    0.7
47046    0.1    0.0   -0.5   -0.1    1.2    2.3    1.3    1.7    0.0    0.1   -0.1   -0.1   -0.8   -3.4   -2.8   -0.4    0.0    0.8    0.6    0.5    1.1    1.4    1.4    0.1    0.0   -0.1    0.2    0.5
47050    0.0    0.6    0.2   -0.1    0.2    0.5    2.1    1.4    0.8    0.6    0.5    0.1    0.5    0.2    1.0    0.5    0.3   -0.4   -0.4   -0.3    0.0    0.1    2.6    0.1   -0.5   -0.2   -0.2   -0.2
47052    0.0    0.0    0.0   -0.1   -0.7    2.0    1.6    1.0    0.0    0.0    0.0    0.5    2.7    3.5   -3.1   -1.1   -0.7   -0.4   -1.0   -2.9    1.1    0.6   -0.6    0.0    0.0    0.0    0.0    2.9
47055    0.9    0.1    0.0   -0.5   -1.4   -1.5    1.4    0.8    1.3    0.8    0.1   -1.2   -2.1   -3.1   -0.9   -1.0   -1.9   -1.5   -0.5   -1.9   -1.4   -0.7    0.0    0.2    1.1    0.5   -0.1   -1.6
47058    0.9    0.9    0.7    0.6    1.2    1.1    1.5    2.8    1.5    1.1    0.7    0.3    1.8    3.8    3.8    1.6    0.4    0.1   -1.0   -2.3    0.9    1.8    3.4    2.2   -0.2   -0.3   -0.4    2.3
47060    0.9    1.4    0.9    1.3    2.1    3.4    1.7    1.9    1.6    1.4    1.2    1.1    3.0    5.2    4.3    0.9    0.9    0.7    0.3    3.0    4.0    4.3    3.8    2.8    1.6    0.5    1.8    3.0
47061    0.5    0.2   -0.6   -0.6   -1.5   -1.3    0.4    0.1    1.0    1.1    0.4   -0.6   -2.3   -1.2   -1.7   -1.4   -0.2   -1.3   -1.0   -1.7   -2.2   -1.2    0.0    0.7    0.7    0.3   -0.1   -1.5
47065    1.9    1.4    1.1    1.5    2.3    3.2    2.9    1.7    1.5    0.8    0.7    1.0    3.3    4.7    6.2    2.3    2.4    0.4    1.2    2.5    3.0    3.5    5.2    2.0   -0.1    0.0   -0.4    2.4
47067    0.1    0.0    0.3    0.4    0.5    0.1    0.7    0.0    0.2    0.0    0.0    0.2    0.7    1.0    2.9    0.0    0.0   -0.1    0.0   -2.0    1.0    0.8    0.6    0.4    0.0   -0.1    0.0    1.8
47068   -0.3    0.1    0.1    0.7    2.4    2.6    1.3    0.6    0.6    0.6    0.5    0.7    1.8    4.2    4.5    0.2   -0.1    0.2    0.2    1.3    2.3    2.7    3.3    0.7    0.2    0.2    0.2    1.4
47069    0.6    1.1    1.5    1.9    3.2    3.3    2.7    1.7    1.3    1.3    0.9    1.1    2.4    2.7    4.3    1.6    0.7    0.6    0.3    1.6    1.7    1.2    2.9    1.5    0.4    0.1   -0.7    1.8
47070    0.3    0.6    1.1    2.2    3.9    5.1    2.2    2.2    2.1    2.3    1.2    1.1    1.5    3.2    5.3    3.2    0.2   -0.1   -0.9   -0.8    0.1    3.5    0.4   -1.9   -0.4    0.0   -0.4    1.2
47075   -0.3   -0.4   -0.1    0.8    0.5   -3.2    0.2   -0.4    0.1    0.0    0.0    0.5    2.0    3.2    2.7   -1.1   -1.4   -0.6   -1.5   -1.7    0.1    1.5    1.1   -0.9    0.1    0.0    0.1    2.4
47090    0.2    0.2   -0.4   -0.7    0.0   -2.1    0.5    0.5    1.2    1.6    0.9   -1.3   -2.4   -3.1   -0.6   -0.9   -0.7   -1.3   -1.5   -3.9   -3.8   -1.8   -0.5    0.2    0.7    0.7   -0.1   -2.2
47095   -0.5   -0.3    0.3    1.1    2.2   -1.8   -0.6   -0.5   -0.1    0.8    0.4    0.6    2.0    2.4    3.1    0.9   -1.1   -0.7   -0.5   -1.3    2.1    4.0    1.7    0.1   -0.2   -0.4    0.2    2.7
47098    0.1    0.0    0.4    1.4    2.6    0.9   -0.2    1.1    0.4    0.1    0.5    0.9    2.1    2.2    3.0    1.4   -0.3   -0.7   -1.1    0.5    3.2    3.4    1.9   -1.1   -0.2   -0.7   -0.3    2.3
47099    0.6    0.0    0.8    1.8    2.3    3.1    1.1    1.0    0.7    0.2    0.5    1.2    1.8    2.2    1.9    1.2    0.2   -0.6   -1.3    1.5    3.2    3.0    0.6   -1.0    0.4   -0.7   -0.4    1.3
47100   -1.3   -0.8   -1.3   -1.7   -1.4   -1.9   -1.6   -1.3    1.2    0.2    0.1   -0.5   -2.9   -3.8   -2.3   -0.7   -0.1   -0.2   -1.3   -1.9   -3.0   -4.0   -1.9    0.9    1.2    0.8    1.7   -1.3
47101   -0.8   -0.4   -0.4    0.8    1.8   -1.4   -1.4   -0.2   -0.7   -0.6   -0.6    0.5    0.9    1.6    0.5   -0.1   -0.9   -0.3   -0.6   -0.3    1.9    1.7    1.7    0.7    0.1   -0.4   -0.5    0.5
47104    0.6    0.8    0.1   -0.7    0.0   -1.7    1.1    1.0    1.6    1.8    1.2   -0.1   -2.0   -3.0   -0.9    0.4    0.9    0.6   -0.9   -3.2   -3.3   -2.0   -0.7    0.5    1.0    1.7    0.2   -1.9
47105    1.1    0.8    0.2   -0.6   -0.2   -1.2   -0.1    1.6    2.4    1.8    2.0   -0.1   -1.6   -3.0   -1.6   -0.4    1.1    0.8   -1.5   -1.5   -3.3   -2.7   -0.8    0.4    1.3    2.9    0.0   -1.4
47106    0.8    1.0    0.7   -0.1   -2.0   -1.3   -1.2    1.6    1.4    1.9    2.2    0.9   -1.4   -2.8   -2.7    1.0    1.4    1.2   -1.2   -4.0   -4.0   -1.9   -0.8    0.0    0.9    1.6    0.8   -2.2
47108    1.4    1.3    1.7    2.1    3.0    3.5    1.4    1.7    1.0    0.8    0.7    1.9    2.8    3.8    3.3    2.2    1.7   -1.2   -1.5    1.9    3.2    3.5    1.7   -2.1   -1.6   -2.1   -1.6   -0.1
47112    0.5    0.8    2.0    3.0    4.2    3.8    3.2    1.3    1.1    0.6    1.0    2.3    4.4    4.4    3.6    2.3    1.1   -0.1   -1.8    3.3    4.2    4.3    2.6   -1.4   -2.2   -2.3   -1.7    2.0
47114   -0.4    0.8    0.1    1.3    2.2    2.8   -0.7   -0.6   -0.2   -0.4    0.1    0.8    1.4    2.1    2.0   -0.9   -0.9   -0.7   -1.0    0.6    2.3    2.1    1.8    0.5    0.0    0.3    0.7    1.9
47115   -2.4   -2.0   -1.6   -1.5   -1.9   -3.2   -2.6   -1.1   -0.1    0.2   -0.1   -0.2   -0.9   -1.9   -2.9   -1.9   -0.3   -0.6   -0.9   -1.3   -1.5   -2.0   -1.8    0.7    1.2    0.2   -1.6   -2.6
47119    0.7    0.5    0.9    1.8    3.4    3.4    3.0    1.1    1.2    0.3    0.4    1.5    2.4    3.8    2.1    1.1   -0.3   -0.5   -0.4    2.2    3.5    3.0    2.5   -0.6   -0.9   -0.8   -0.7   -1.7
47121   -0.7   -0.5   -0.2    1.3    2.6    4.1   -3.8   -2.5    0.7   -1.0    0.0    0.8    2.0    3.7   -2.2   -1.6   -1.2   -0.4   -0.8    0.9    1.6    0.5   -1.3   -0.8   -1.2    0.4    0.4    2.1
47127    0.0    0.4    0.3    1.3    2.6    4.3    2.2   -1.5    0.6    0.3    0.4    0.9    1.4    3.1    2.7   -0.5   -1.8   -0.9   -1.0    1.5    2.1    3.1    2.3    0.5    1.2   -0.4    0.7    2.2
47129    0.5   -0.3    0.8    1.9    4.2    5.0    3.5    1.3    1.2    0.4    0.3    1.4    3.4    4.7    3.6    1.3    0.6    0.2    0.6    4.0    6.3    3.7    4.3    1.2    0.9    0.1    0.7    1.8
47130    0.1   -0.2   -0.2   -1.7   -2.0   -0.6   -2.0    0.3    1.1    1.4    1.4    0.1   -1.8   -3.0   -2.4    0.2    1.8    1.9   -0.1   -3.3   -3.8   -2.6   -1.0    0.5    1.8    2.0    0.4   -1.7
47131    0.8    0.6    0.6    1.3    2.7    3.1    2.2    1.5    0.4    1.2    0.4    0.7    1.9    2.0    2.0   -0.4    1.6   -0.5   -0.2    1.9    2.7    2.2    1.4    0.6    0.5   -0.3    0.2    1.6
47133    0.9    1.2    0.6    1.3    2.9    3.5    3.1    1.7    0.6    0.6    0.7    0.4    1.5    3.0    3.1    0.3    0.9   -0.2   -0.1    2.8    3.2    2.8    2.7    1.7    0.5   -0.4    0.2    2.8
47135   -0.1    0.6    1.0    2.8    4.2    4.7    4.5    2.7    2.1    1.3    1.3    1.4    2.4    3.6    3.0    1.4    0.5    0.2   -1.0    0.0    4.4    3.7    2.2    3.0    2.3    1.3    2.1    0.9
47136   -0.4   -1.6   -1.4    0.4    2.3    4.1    3.0   -3.3   -2.4    0.2    0.5    0.5    1.4   -2.0   -3.6   -1.8   -1.0   -0.7   -0.9   -1.6   -3.2   -3.0   -2.7   -2.3   -1.4   -0.5    0.3    1.9
47137    1.1    0.6   -0.8    1.0    2.7    3.1    3.2    0.5   -1.0    0.3    1.4    0.4    1.2    2.1    1.9   -2.0   -1.3   -0.4   -0.9   -0.9    3.0   -0.6   -1.3    0.4    2.2    1.9    1.8    2.6
47138   -0.5   -0.9   -1.1   -0.9   -1.7   -1.2   -1.0   -1.3   -0.7   -0.6   -0.5   -0.8   -1.5   -1.9   -2.2   -1.2   -0.2    0.4   -0.4   -1.2   -2.1   -2.9   -2.1   -1.2   -0.8    0.9    0.6   -1.4
47140    0.8    0.8   -0.4    2.2    4.2    4.5    3.5    2.5    1.2    0.4    0.1    1.1    4.2    4.6    3.4    1.2   -0.2    0.4    0.0    1.8    5.1    3.8    3.5    2.6    1.3    0.2    0.2    1.9
47143    0.6   -2.7   -2.2    1.2    2.5    3.0    1.7    2.0   -2.0    1.4   -0.2    0.1    1.2   -2.6   -3.9   -3.0   -1.9   -0.8   -1.7   -2.2   -1.0   -2.6   -2.7    3.0    1.0    0.7    1.0    2.8
47146   -0.2    1.0    0.1    1.0    3.1    3.7    2.9    1.6    0.6    1.0    0.5    0.7    1.8    3.8    3.3    0.8   -0.1   -0.7   -0.1    2.6    3.8    3.5    3.8    1.1   -0.2   -0.7    0.2    2.5
47152    0.1    0.0   -0.7   -1.0   -1.8   -3.5   -0.4   -0.6   -0.8   -0.8   -1.1   -1.7   -2.3   -2.8   -2.6   -0.3    0.3    0.8   -0.4   -1.7   -3.8   -2.5   -1.6    1.1    0.8    0.6   -0.5   -1.4
47155    0.4    0.0    0.2    1.4    1.8   -2.7   -1.0    0.3    0.7    0.1   -0.2   -0.3   -0.5   -3.6   -3.6   -1.0   -0.2    0.0   -0.5   -1.9   -2.3   -1.7   -3.1   -1.5   -0.1   -0.6    1.1    1.1
47156   -0.1    1.1    0.6    0.9    2.0    1.4    0.7    0.6    0.5    0.5    0.2    0.4    1.5    2.0    1.1   -0.4    0.7    0.1   -0.3    2.2    2.4    1.9    1.8    0.8    1.4    0.3    0.5    1.9
47159   -1.9   -2.6   -1.0   -1.4   -2.3   -2.9   -1.9    1.6   -1.5   -2.2   -1.9   -2.8   -2.3   -3.0   -2.6   -2.0   -1.8   -2.4   -2.4   -4.0   -4.1   -4.7   -2.6   -2.3   -1.2   -2.2   -2.5   -3.1
47162   -1.1   -2.2   -1.6   -2.0   -0.5    1.3    1.3    0.7    0.3   -0.8   -0.7   -0.8   -3.0   -2.9   -2.5   -0.4   -1.3   -1.5   -1.7   -2.9   -3.2   -2.1   -2.4   -1.0   -0.4   -1.5    0.5    0.7
47165    0.3    1.0    0.8    2.0    2.2    2.0    1.7    1.4    1.4    0.2    0.4    1.7    2.1    1.7    2.0    0.2   -0.2    0.0    0.3    3.8    3.4    1.6    1.5    1.3    1.9    2.1    1.5    3.6
47168    2.3    1.5    1.6    2.0    3.5    5.7    6.1    4.4    4.9    1.3   -0.4   -1.7   -0.4    0.9    2.5    2.2    0.6    0.1   -1.6   -5.0   -5.1   -4.2    0.4    2.6    2.2    2.8    3.5    3.2
47169    2.3    2.5    2.2    0.7    1.6    1.4    1.3    1.8    1.4    1.0    0.7    0.9    0.8    1.3    1.8    1.4    0.7    0.9    1.3    2.0    1.2    1.5    3.0    3.7    3.7    4.6    3.6    4.1
47170    1.6    0.9    1.4    2.4    3.8    3.4    3.5    2.7    2.9    2.2    0.6    1.1    4.2    4.2    2.8    1.0    0.9    0.6    0.3    2.2    5.1    4.0    2.5    1.7    1.8    2.2    2.8    3.3
47172    0.4    0.6    0.8    2.5    3.3    2.8    2.1    1.8    1.1    0.1    0.3    2.1    2.9    2.3    1.7   -0.1   -0.5    0.3    0.9    2.3    3.8    3.1    1.3    0.6    0.5    0.3    1.7    3.9
47174    0.7    0.3    0.3    1.2    1.6    2.0    1.1    1.3    0.7    0.7    0.3    0.4    0.7    1.5    0.8    0.3    0.3    0.2    0.1    2.2    0.2   -0.3    0.9    0.4    0.4    0.5    0.4    0.8
47177    0.3   -0.3    0.6    3.5    4.4    5.0    3.9    1.9    1.2    0.3    0.6    2.4    3.8    3.4    2.1    1.5    0.3    0.1    1.0    3.6    4.6    4.3    2.6    0.7    0.4   -0.3    0.3    1.0
47184    1.2    0.4    1.6    2.0    2.1    2.0    1.6    1.3    1.2    1.3    0.4    0.7    1.3    2.0    1.9    0.6    0.5    1.0    1.0    1.8    2.8    2.4    2.3    2.4    2.7    3.2    3.2    3.6
47185    0.3   -0.7    0.7    1.2    1.9    1.2    0.9    1.3    1.3    1.7    0.7    0.8    1.5    2.2    2.2    0.2   -0.1    0.7    0.3    2.3    3.4    3.5    4.0    4.7    5.5    6.2    6.4    6.5
47188    1.6    2.0    2.2    2.9    3.4    2.9    2.4    2.2    1.5    1.6    0.4    0.5    1.1    2.4    2.4    1.2    1.4    1.7    1.6    2.2    2.5    2.4    2.3    1.9    2.2    2.6    2.4    3.1
47189    0.4   -0.2    0.4    0.4    1.5    1.3    1.0    0.7    0.7    0.7    0.1    0.1    0.6    1.3    1.4    0.6    0.6    0.6    0.3    1.3    2.6    2.3    1.8    1.7    1.8    2.1    2.0    3.3
47192   -0.1    0.0    0.2    0.8    1.5    1.8    0.2    0.6    0.0    0.1   -0.2   -0.6   -1.1   -2.0   -0.4    0.2    0.1    0.0    0.0   -0.8    0.1   -0.2    0.7    0.8    0.0    0.0   -0.1   -0.9
47201    0.1    0.9    0.9    1.8    2.3    1.9    1.3    1.1    0.9    0.8    0.5    1.3    2.0    2.1    2.2    1.8    0.8    0.2   -0.5    3.0    3.6    2.4    2.2   -2.0   -1.1   -1.1   -0.7    0.9
47202    0.3    0.4    0.4    1.7    2.2    2.9   -1.5    1.1    0.4    0.9    0.4    1.0    2.0    2.8    1.9    0.5   -0.8   -0.5   -0.6    0.7    2.1    2.5    2.6   -0.2   -0.5   -0.5    0.0    2.1
47203    0.5    0.9    0.2    1.6    2.3    2.5   -0.9    0.7    0.4    0.6    0.1    0.9    1.8    3.1    2.6   -1.4    0.6   -0.4   -0.2    1.3    2.2    2.6    2.3    0.6    0.8   -0.5   -0.2    0.5
47211   -1.9   -1.4   -1.1    1.0   -2.7   -2.1   -0.8   -0.6   -1.2   -0.8    0.3    0.4    2.6   -4.4   -3.5   -1.3   -1.3   -0.9   -1.2   -1.8    4.0   -3.0   -2.7   -1.2   -0.9   -0.2    0.9    3.5
47212   -1.0   -0.4   -0.2    0.9    2.3   -0.5   -1.7    0.3    0.3    0.2    0.3    0.8    1.3    1.9    2.4   -1.4   -0.8   -0.5   -0.7    0.9    2.6    2.4    2.4    0.7   -0.4   -0.3    0.8    1.7
47216   -1.0   -0.6   -0.6    1.2    0.2   -2.5   -2.1   -0.9   -0.5    0.0    0.0    0.1   -1.0   -2.7   -2.4    0.0    0.2   -0.5   -0.9   -2.9   -1.7   -2.2   -1.0    0.0    0.2    0.4    0.4   -2.6
47217   -1.3   -0.9   -1.4    4.2    2.7   -3.1   -2.9   -2.4   -0.1   -0.5   -0.1    1.0   -0.6   -4.0   -2.2   -0.4   -0.4   -0.5   -0.6    0.9    0.6    0.0   -0.5   -0.1    0.5    0.1    0.7    0.0
47221   -0.1   -0.1   -0.1    1.5    1.9    3.6   -2.2   -3.0    0.9    0.3    0.0    1.3    2.3    3.6    3.0   -0.9   -1.4   -0.5   -0.8    0.5    1.9    2.0    2.6    0.4   -0.3    1.0    0.5    1.9
47226    0.0    0.5    0.6    0.9    3.4    3.8    2.9    1.3    0.2    0.3    0.2    0.8    1.9    3.1    2.4   -0.5   -0.4   -0.1   -0.2    1.9    3.4    2.5    2.0    1.0    0.7    0.3    1.2    2.8
47232    0.3    0.5    1.0    2.3    4.2    4.6    4.0    1.6    1.4    0.9    0.7    1.6    3.1    3.1    3.9    2.5    0.2   -0.1   -0.1    3.8    4.0    3.0    3.4    0.5   -0.1   -0.5   -0.4   -3.0
47233    0.3    1.1    1.0    3.5    5.6    5.1    4.0    1.8    1.4    1.4    1.2    2.0    3.6    4.0    2.8    1.0    0.9   -1.0   -0.7    1.7    3.2    4.1    2.0    0.4    0.1   -0.7   -0.5    0.0
47235    0.0   -0.2    0.0    1.1    1.7    1.3    1.2    0.5    0.4    0.0    0.3    1.4    1.7    1.5    1.3    0.0    0.1   -0.1    0.5    2.8    3.2    1.5    1.6    0.0    0.9    0.2    0.8    2.5
47236    0.0    0.0    0.0    0.8    2.3    2.5    2.2    1.2    0.5    0.3    0.2    0.3    2.1    2.7    2.3    0.5    0.0    0.0    0.0    2.1    3.4    3.3    2.1    0.0    0.0    0.0    0.0    1.7
47238    0.0    0.3    0.1    0.8    2.1    2.3    2.3    1.3    0.3    0.0    0.2    0.2    0.9    1.6    2.2    0.1    0.3    0.0   -0.1    2.4    2.6    2.7    2.2    1.1    0.1   -0.1    0.3    2.4
47243    0.0    0.6    0.2    1.5    2.3    2.5    1.6    1.3    0.7    0.1    0.0    1.0    2.7    2.5    1.7    0.3   -0.1    0.2    0.3    2.7    3.2    1.9    1.7    0.7    0.6    0.3    0.7    2.0
47244   -0.3    0.9    0.5    0.8    2.3    2.4    2.4    1.3    0.7    0.7    0.4    0.3    1.7    3.0    2.3    0.3    0.3   -0.3    0.0    0.3    2.2    3.3    2.9    0.9    0.6   -0.2    0.0    0.0
47245    0.1    0.5    0.5    0.8    2.1    2.3    1.2    0.6    0.3    0.2    0.1    0.5    1.9    2.5    1.4    0.0    0.5    0.4    0.7    1.8    2.3    1.8    2.2    0.7    0.6    0.2    1.1    1.7
47247   -0.6    0.4    0.1    0.9    2.3    2.6    1.5    0.8    0.2    0.2    0.2    0.3    1.2    2.7    1.5    0.6    0.2    0.0    0.4    2.7    3.3    2.6    2.4    0.9    0.2   -0.1    0.3    1.5
47248    0.1    0.3    0.6    1.1    2.9    4.0    2.4    0.9    0.5    0.5    0.1    0.3    1.6    2.3    2.1    0.5    0.1   -0.3    0.0    3.1    3.4    3.4    2.7    1.7    0.6    0.3    0.4    2.3
47251    0.0    0.0    0.3    0.9    1.8    1.6    0.9    0.7    0.3    0.0    0.0    0.8    1.7    1.8    1.2   -0.1    0.0    0.0    0.1    1.3    2.5    1.6    1.5    0.5    0.4    0.0    0.8    1.4
47252    0.3    0.1    0.6    1.3    1.6    1.9    1.7    1.5    1.2    0.0    0.1    0.9    1.3    1.4    2.0    0.3   -0.4    0.0    0.7    3.1    1.8    1.5    2.0    1.3    1.4    0.8    1.0    2.8
47253   -0.7   -0.9   -0.2    2.5    2.4   -3.9   -3.2    0.9   -0.3   -0.4   -0.6   -0.9   -1.9   -2.7   -3.1    0.2    0.2    0.8   -0.6   -3.6   -2.0   -3.0   -3.1   -0.1    0.0    0.4   -1.0    1.8
47254   -0.5    1.0   -0.1    0.7    3.1    3.6    1.7    0.9    0.6    0.9    0.2    0.3    1.8    2.8    1.7    0.0    1.2    0.0   -0.4    1.7    2.0    1.9    2.9    0.4    1.0    0.0    1.0    2.0
47255    0.4    0.0    0.3    1.2    1.9   -2.8    0.0    0.6    0.3    0.2   -0.2   -0.3   -0.8   -2.3   -2.0    0.1    0.2    0.7   -0.1   -3.0   -2.0   -1.8   -1.0   -0.8    0.2    0.0    0.7    1.8
47256    0.1    0.3    0.0    0.7    2.5    2.0    2.1    1.0    0.6    0.6    0.3    0.2    0.9    2.3    1.6    0.5    0.6    0.6    0.1    0.4    3.0    1.6    1.9    0.6    0.4    0.3    0.3    0.7
47257   -1.5   -1.2   -0.8    0.6    3.0   -4.0   -1.9    0.5   -2.3   -1.5   -1.7   -2.1   -2.3   -2.7   -2.2    0.2   -0.1    0.1   -0.2   -3.3   -4.6   -3.8   -2.1    0.4    0.2    0.2   -0.3   -3.7
47259    1.1    0.5    0.3    1.2    2.8    2.4    2.3    1.8    1.8    1.4    0.5    0.4    2.3    4.1    2.7    1.0    0.6    0.6    0.3    0.3    5.4    3.2    2.6    1.5    1.0    1.1    1.5    1.4
47260    0.9    0.6    0.4    1.4    3.0    2.7    2.5    2.0    1.9    1.7    0.5    0.5    1.8    3.4    2.8    0.8    0.6    1.1    0.4    1.7    5.1    2.0    2.9    1.3    0.8    1.3    1.0    2.8
47261    0.5    0.9    0.4    1.4    2.2    1.8    1.3    1.1    0.9    0.4    0.3    1.1    2.7    2.4    1.3    0.3    0.3    0.3    0.2    3.0    3.8    2.0    1.3    0.7    1.0    1.1    0.8    3.1
47262    1.2    0.4    0.2    1.7    2.8    3.5    2.7    1.7    1.4    0.9    0.2   -0.2    1.2    2.3    1.9    0.9    0.2    0.1    0.0   -3.1   -1.8   -0.3    1.9    0.9    0.8    1.2    0.9    2.4
47263   -0.6    0.4    0.1    0.9    1.4    3.2    1.2    1.1    0.5    0.1   -0.7   -0.7   -0.3   -0.9   -1.4   -1.1    0.1   -0.1   -0.5   -0.9   -0.6   -0.6   -0.3    0.5    0.0   -0.4    0.3    0.3
47264    1.4    0.7    0.4    2.7    4.0    4.3    3.2    2.2    1.7    1.1    0.4   -0.2    0.6    1.6    2.4    0.9    0.8    0.4   -0.5    1.9    2.2    0.9    2.4    1.5    1.6    1.5    2.3    1.2
47266    1.0    1.1    1.2    3.2    4.1    4.4    3.4    2.3    1.9    0.7    0.3   -0.1   -0.3   -0.7    1.3    0.8    0.5    0.8   -0.4   -1.3   -1.2   -1.2    0.3    1.1    1.4    1.6    2.2    1.9
47268    0.1    0.5    0.5    0.9    1.2    1.0    0.9    0.7    0.8    0.2    0.2    0.6    1.0    1.1    1.1    0.3    0.1    0.1    0.2    2.0    1.9    0.8    1.1    1.0    1.1    1.4    0.9    2.5
47271   -1.0   -0.5   -0.7    0.6    1.8    1.9   -1.9   -1.1   -0.8    0.1    0.2    0.6    1.7   -2.8   -2.1   -0.8   -0.1   -0.4    0.0   -0.4   -0.6   -1.4   -1.4   -0.4   -0.4    0.1    0.1   -0.9
47272    2.5   -1.2    0.3    0.8    3.7    5.1    2.1   -0.3    2.0    2.2    0.6    1.8    2.1    4.1   -2.7   -0.6   -1.8   -0.7   -1.1   -0.6    0.2   -1.7   -2.1   -1.2   -0.1    0.3    1.7    0.9
47273    1.8    0.9   -0.4    0.7    2.4    4.1    2.8   -1.4    1.3    1.5    0.4    0.9    1.7    2.5    1.2   -1.9   -0.9   -0.6   -0.5   -0.8    0.6    1.9   -2.4   -0.9    0.6    1.1    0.9    2.6
47276   -1.8   -2.1   -2.9   -0.6    1.9   -1.5   -3.1   -3.8   -1.9    0.1   -0.1    0.9   -0.2   -5.0   -2.8   -0.8   -0.3   -0.2   -2.1   -2.7   -3.1   -3.5   -2.0   -1.2   -1.1    1.0    1.2    0.9
47277   -0.8   -1.1   -1.5   -1.3   -3.4   -3.5   -1.6   -1.1   -1.0   -0.1   -0.1   -1.7   -3.3   -3.7   -2.4   -1.1   -0.2    0.3   -1.1   -4.1   -5.0   -3.2   -1.4   -0.4    0.1    0.5    0.9   -1.7
47278    0.1   -0.6   -0.8    0.4    2.1    3.2    3.2   -1.8   -1.0    0.0    0.2    0.4    1.5    2.0   -2.4   -1.1   -0.3   -0.2   -0.4   -0.3   -1.8   -2.5   -1.2   -0.7   -0.2    0.3    0.4    2.3
47279    0.5    1.3    0.1    1.3    2.6    2.8    2.7    1.7   -0.2    1.1    0.5    0.2    0.5    1.3   -1.9   -2.4   -0.7   -0.9   -0.9   -0.6    0.0   -1.5   -0.6   -0.2    1.2    1.2    1.3    2.2
47281   -1.2   -0.9   -0.8   -0.5    2.7    3.0   -1.6   -1.7   -1.2    0.5    0.0   -0.6   -1.3   -4.2   -3.3   -0.4    0.0    0.4   -0.6   -3.5   -3.4   -3.0   -2.2   -0.9    0.5    0.8    1.0    3.7
47283   -0.5   -0.4   -1.6   -1.0   -0.9   -3.4   -0.5   -2.6   -2.1   -0.4   -1.0   -2.2   -2.7   -3.2   -1.1    0.5    1.0    1.2   -0.4   -2.6   -3.2   -2.8   -1.4   -0.5    0.4    1.1    0.7   -1.4
47284    0.5    0.0   -0.6    0.6    1.9    3.3    2.1    1.7    0.6    0.2   -0.1   -0.2    0.2    1.0    1.9   -0.1    0.4    0.3   -0.1    0.4    0.7   -1.9    1.6    1.2    0.9    0.4    0.4   -0.3
47285   -0.5   -0.1   -0.3    0.1    1.0    3.0    1.5    1.0    0.6    0.2   -0.3   -0.6   -0.8   -1.9    0.8   -1.4   -0.1    0.3   -0.6    0.0   -0.1   -0.3   -0.2    0.8   -0.7    0.5    0.4   -0.5
47288   -0.3   -0.2   -0.3    0.8    1.9    1.1    1.2    0.4   -0.7   -0.3   -0.5   -0.3   -0.4   -0.4   -3.5    0.1    0.0    0.0    0.0   -2.1    0.5   -1.7   -2.7   -1.1    0.3    0.0    0.5    1.1
47289    1.1    0.1   -0.9    1.1    2.6    4.1    3.3    2.9    2.4    1.8    0.0   -0.7   -0.2   -0.4    2.5    1.2    1.4    0.6   -0.6    1.0   -0.1   -1.0    1.7    1.8    1.1    1.5    0.1    0.3
47294   -1.9   -1.3   -0.6   -0.9   -0.5   -0.4   -0.3    0.6    0.1   -0.5   -0.3   -0.2   -2.5   -2.8   -2.4   -0.9   -0.7   -0.5   -0.5   -1.7   -2.7   -2.2   -1.8   -0.9   -0.5   -0.7    0.1    1.2
47295    0.9    0.4    0.6    1.3    1.2    2.1    2.1    0.9    1.2    0.0   -0.4   -0.6   -1.0   -1.2   -0.4    0.0   -0.3   -0.4   -0.4   -1.4   -2.2   -1.5    1.4    0.6    0.3    0.7    0.4    0.0
47299   -2.8   -1.4   -1.1    0.2    0.9   -0.8   -2.0   -0.9   -0.7   -0.2    0.0    0.0    0.5    1.2    0.3   -0.2    0.1    0.2    0.8    1.8    1.6    3.2    3.3    3.0    3.4    4.5    4.3    7.5
  319   -0.7   -1.2   -1.4   -1.0   -1.1   -1.6   -0.9   -0.4    0.0    0.1   -0.1   -0.2   -0.5   -1.2   -0.8   -0.8   -0.3   -0.2   -0.5   -1.0   -1.0   -1.2   -0.5    0.7    1.4    0.3   -1.0   -1.7
  322    0.0    0.0   -0.1    0.5    0.9   -1.3   -0.3    0.4    0.2    0.1    0.1    0.9    1.7    1.8   -0.8   -0.4   -0.1   -0.1   -0.1   -0.9    0.8    0.4    0.9   -0.3    0.0   -0.1   -0.2    1.3
  328    0.5    0.2    0.4    0.7    1.2    1.0    0.7    0.7    0.6    0.8    0.3    0.3    0.7    1.1    0.9    0.4    0.4    0.6    0.3    0.9    1.5    1.4    1.4    1.4    1.3    1.5    1.5    1.8
  400    1.4    1.1    1.1    1.3    2.1    2.6   -0.4    1.0    0.8    0.6    0.6    1.1    1.9    3.0    0.8    1.3    0.6   -1.3   -0.9    1.2    2.2    2.5    1.5   -0.9   -0.9   -1.4   -1.1    0.6
  433    0.7    0.3    0.7    1.3    1.9    1.3    1.1    0.7    0.4    0.4    0.3    1.2    2.0    2.4    1.5    0.9    0.6   -0.2   -0.9    1.8    2.4    1.7    1.0   -1.0   -0.8   -1.2   -0.8    1.4
  441    0.3    0.8    1.5    1.8    2.8    2.4    1.5    0.7    0.7    0.5    0.4    2.5    2.1    3.3    2.1    1.4    0.8    0.2   -0.9    3.2    4.7    2.6    1.5   -1.9   -1.1   -1.2   -0.3    0.0
  497   -0.2    0.0   -0.3   -0.4   -0.9   -0.2   -0.2    0.0    0.0    0.0    0.1   -0.2   -1.1   -1.2   -0.3    0.0    0.0    0.0   -0.3   -1.8   -1.4   -0.9   -0.2    0.0    0.2    0.1    0.2   -1.2
  498   -1.4   -1.0   -1.1   -0.6   -0.8   -0.7   -0.7   -1.8    0.0    0.0    0.0   -0.2   -1.3   -2.4   -1.6   -1.3   -0.9   -1.4   -1.8   -1.2   -2.6   -3.5   -2.6    0.3    1.1    1.3    1.3    0.8
  504   -0.2    0.2    0.3    1.4    1.8    0.0   -0.2    0.8    0.6    0.6    0.4    1.2    1.8    1.6    1.3    1.0   -0.7   -0.9   -0.8   -0.1    2.3    2.2    0.9   -0.8   -0.4   -0.5    0.0    1.9
  516    0.2    1.0    0.5    1.4    2.6    3.1    2.1    0.6    0.6    0.4    0.3    0.8    2.4    3.4    2.6    1.0    0.1   -0.5   -0.1    1.9    2.8    2.4    2.5    0.2   -0.1   -0.7   -0.3   -0.1
  517    0.2    0.2   -0.1   -0.6   -0.3    0.5    0.7    0.1    0.5    0.7    0.2   -0.6   -1.6   -2.1   -0.4   -0.2   -0.2   -0.9   -0.7   -2.4   -2.4   -1.0   -0.1    0.2    0.3    0.6    0.1   -1.5
  519    0.1    0.0    0.0    0.9    2.1   -1.8   -0.5    0.5    0.3    0.2    0.3    0.3    2.4    2.1    1.5   -1.3   -0.5   -0.3   -0.2   -1.4    2.4    2.1    1.2    0.1    0.1   -0.1   -0.1    2.1
  522   -0.3   -0.1   -0.4    1.0    1.3   -0.5   -0.5    0.0   -0.1   -0.3    0.1    0.8    1.5    1.8   -1.4   -0.4   -0.3   -0.2   -0.2    0.3    1.8    1.4   -0.6   -0.3   -0.1   -0.3    0.3    2.0
  523    0.7    1.0    0.1   -1.3    0.3   -2.8    1.8    1.2    1.9    1.9    1.5    0.0   -1.8   -3.8   -1.2   -0.1    0.0   -0.5   -1.6   -3.2   -3.7   -2.4   -1.1    0.4    1.2    2.3    0.6   -1.5
  525   -0.1    0.0    0.0    0.2    2.7   -2.0   -0.9   -0.6    0.0    0.0    0.0    0.6    1.8    1.0   -2.0   -0.7   -0.4    0.0   -0.2    1.3    2.5    2.0    1.3    0.7   -0.1   -0.1    0.3    2.5
  526    0.0   -0.6   -0.3    0.7    2.2    1.4   -2.1   -0.8    0.1   -0.2   -0.1    0.7    1.7    1.9   -2.5   -0.4   -0.3   -0.5   -0.3    0.3    2.1    1.8    0.3   -0.3   -0.4   -0.4    0.2    1.6
  527   -1.1   -0.3    0.0    1.1    1.2   -2.0   -2.5   -0.9    0.1   -0.2    0.0    0.4   -1.7   -3.1   -2.2   -0.5   -0.3    0.0   -0.2    0.9   -0.5   -1.9   -1.6   -0.3    0.2    0.0    0.5   -2.2
  528    0.0    0.0    0.3    1.1    2.4    2.9    1.4    1.1    0.7    1.1    1.1    1.3    1.8    3.1    4.5    1.0    0.0    0.5    0.7    2.1    1.7    2.7    3.3    2.4    1.0    1.3    0.8    2.2
  529    0.5    0.5    1.2    0.1   -1.6   -0.2   -1.2    0.2    1.1    1.3    1.1    0.7   -1.0   -2.3   -1.8   -1.0   -0.4    0.8    0.8   -2.9   -2.9   -1.7   -0.3    0.2    1.1    1.0    0.5   -2.4
  530   -0.8   -2.0   -1.4   -1.4   -0.9   -1.3   -1.0   -0.5    0.0    0.0   -0.1   -0.2   -0.4   -1.0   -0.2   -0.9   -0.3   -0.5   -0.6   -0.7   -1.5   -1.5    0.0    0.5    1.3    0.5   -1.1   -1.6
  531    0.0   -0.2   -0.1    0.8    1.0   -0.5   -0.4    0.3    0.2    0.0   -0.1    0.6    1.0    2.1    1.2   -0.5   -0.4   -0.4   -0.2   -0.1    0.5    1.2    0.8    0.4    0.4    0.0   -0.2    0.2
  532    0.4    0.5    0.5    1.5    2.4    2.6    0.3    1.0    0.3    0.2    0.3    1.1    1.7    2.2    0.0    1.3    0.2   -0.3   -0.4    0.8    1.5    2.2    1.0   -1.2   -0.3   -0.4   -0.3    2.1
  534    0.0    0.6    0.2    1.6    2.3    2.2    0.4    0.4    0.1    0.4    0.0    0.8    1.5    1.8    1.7   -0.7   -0.9   -0.7   -0.3    1.5    1.8    1.7    1.8    0.1    0.6   -0.7    0.0    1.8
  535   -0.1   -0.2   -0.4    0.5    2.1   -1.3   -1.6    0.0   -0.2    0.0    0.0    0.4    1.8    1.7   -1.5   -0.7   -0.2   -0.1   -0.2    1.5    1.5    1.6   -0.1   -0.4   -0.1    0.0    0.5    1.8
  536   -0.7   -0.3    0.6    0.7    2.0    1.8   -0.7   -0.1   -0.3   -0.8    0.1    0.5    1.1    2.3    1.8   -0.3   -0.7   -0.7   -0.4    0.8    2.2    2.0    2.0    0.1    0.5    0.6    0.4    1.8
  540    0.5    0.3    0.5    1.5    2.5    3.2    1.8    0.7    0.4    0.3    0.4    1.2    2.2    3.1    2.0    0.8    0.6    0.0   -1.3    1.6    3.0    2.1    0.9   -0.9   -0.8   -0.5   -0.8    0.0
  541    0.2    0.2    0.0    1.1    2.5    2.8   -1.3    0.9    0.6    0.1    0.3    0.6    1.8    2.7    0.8    0.2   -0.3   -0.5   -0.4    0.6    2.0    2.5    1.8   -0.7   -0.1   -0.4   -0.1    1.7
  542   -0.3    0.0    0.2    1.8    2.4    2.1   -1.4    0.6    0.1    0.0    0.2    1.2    2.0    3.0    1.5    0.4   -1.0   -0.7   -1.2    0.1    2.7    1.9    2.2   -0.6   -0.1   -0.3   -0.1    2.3
  546    0.8    1.1    0.6    2.4    3.1    3.6   -1.9    1.1    0.6    1.0    0.7    1.5    2.3    4.0    1.8    1.5   -1.0   -1.3   -1.4    1.5    3.2    3.1    2.4   -0.1   -0.3   -1.2   -1.4   -0.3
  548    0.3    0.9    0.3    1.7    2.9    4.9   -0.8    1.9   -0.4   -0.3    0.4    0.9    1.8    4.8    3.5   -1.4    0.2   -0.7   -0.7    1.5    3.4    3.7    3.3    0.5    0.6   -1.1    0.1    2.5
  549    0.7    1.1    0.6    2.0    3.2    1.8    0.8    0.6    0.5    0.4    0.3    0.9    2.2    3.6    2.2    1.3   -0.6   -0.7   -0.4    2.0    3.2    3.0    2.2    0.0   -0.3   -0.6   -1.0   -2.1
  551    0.4    0.6    0.6    1.7    3.0    3.3    2.9    0.8    1.0    0.5    0.3    1.3    2.4    3.4    2.9    1.8    0.3   -0.6    0.0    2.4    3.3    3.0    2.9    0.1   -0.6   -0.9   -0.4   -1.7
  552   -0.6   -0.6   -0.6    1.6    1.9   -1.1   -0.8   -0.5    0.0    0.1    0.4    1.1    2.8    3.6    2.9   -0.5   -1.2   -1.0   -1.5   -2.8    0.5    1.7    1.5    0.0    0.5   -0.7    0.5    3.1
  555   -0.3   -0.1   -0.9    0.9    1.7   -2.0   -1.6    0.9    1.0    0.7    0.3    0.9    1.9    3.1   -2.7   -1.1   -0.9   -0.6   -1.0   -1.1    1.3    0.1    2.0   -1.1   -1.4   -0.7   -0.7    2.1
  556   -0.6   -0.4   -0.7    0.5   -1.0   -1.6    0.0   -0.4   -0.3   -0.3    0.1    0.6    1.6    2.8   -2.1   -0.5   -0.4   -0.1   -0.4    0.0    0.8    0.6   -2.0   -0.9   -0.4   -0.2    0.2    1.8
  557   -0.8   -0.6   -0.3   -0.2   -1.3   -1.7   -0.5   -0.4    0.0    0.0    0.0    0.1    0.4   -2.9   -1.3   -0.6   -0.3   -0.1   -0.3   -2.4   -2.5   -2.5   -1.8   -0.4    0.0    0.0    0.4    2.2
  559   -0.8   -0.7   -0.4    0.8   -0.4   -2.8   -2.7   -0.7   -0.5    0.0   -0.1    0.4    0.9   -3.0   -2.8   -1.3   -1.0   -0.2   -0.3    3.0    3.8    0.9   -2.2   -0.6    0.0    0.0    0.4    3.3
  560   -1.2   -0.8   -0.6   -0.2   -1.7   -2.5   -2.3   -1.4    0.0    0.1   -0.1    0.1   -1.2   -4.6   -3.1   -1.4   -0.6   -0.7   -0.7   -2.6   -1.5   -3.0   -2.8   -0.4    0.3    0.2    0.5   -0.6
  561   -0.3   -0.7   -0.3    1.0    2.7    0.4   -0.8   -0.4   -0.2   -0.1    0.2    0.8    2.7    2.9    1.8   -0.7   -0.4    0.0    0.0    2.0    3.4    3.0    2.2    0.1    0.1    0.0    0.0    2.7
  562    0.0   -0.3   -0.3    1.3    3.2    3.1   -1.8   -1.0    0.1    0.2    0.0    0.7    1.8    3.1   -4.3   -0.5   -0.6   -0.2   -0.3    0.2    1.9    1.7    2.8   -0.1   -0.4    0.2    0.1    1.9
  563   -0.2   -0.2   -0.4    1.4    1.6   -1.2   -1.5   -0.6   -0.4    0.0    0.0    0.3    0.0   -2.2   -1.1   -0.7   -0.6   -0.3   -0.5    1.8    1.6    1.7    0.7    0.9    0.8    0.3    0.5   -0.3
  565    0.1    0.1    0.7    1.8    3.0    4.3    2.5    1.1    0.6    0.2    0.4    1.8    2.9    3.4    2.9    1.5    0.6   -0.2   -0.6    2.9    3.6    3.3    1.9   -0.4   -1.5   -1.0   -0.9    2.8
  566    0.0    0.0    0.0   -0.1    0.0    0.0    0.1    0.0    0.0    0.0    0.0    0.0   -0.6   -0.7    0.0    0.0    0.0    0.0    0.0   -1.3   -1.4   -0.3    0.0    0.0    0.1    0.2    0.1   -0.8
  571    0.1    0.0    0.9    1.6    2.7    2.4    1.6    0.7    0.6    0.2    0.3    1.4    2.1    3.0    2.0    0.8    0.2   -0.3   -0.2    2.5    2.8    2.1    1.8    0.0   -0.8   -1.1   -0.6    0.0
  572    1.0    0.9    0.9    1.7    2.2    1.6   -1.0    0.8    0.7    0.5    0.6    1.3    2.2    3.1    0.9    1.1   -0.7   -1.0   -0.9    1.3    2.3    2.2    1.9   -0.5   -0.7   -1.0   -1.0    1.9
  579   -1.0   -0.8   -0.8   -0.3   -1.8   -1.3   -1.9   -0.9   -0.1    0.3    0.2   -0.1   -2.0   -3.1   -2.5    0.4    0.1   -0.3   -0.8   -2.9   -3.2   -2.8   -2.0   -0.2    0.5    0.5    0.6   -2.3
  580    1.0    0.6    0.7   -0.1   -1.1   -1.3   -0.9    0.5    1.1    1.7    2.2    0.6   -1.5   -3.0   -1.4   -0.1    1.9    0.6   -1.3   -4.1   -2.8   -2.3   -0.7    0.2    1.2    2.8    1.1   -1.8
  581   -1.0   -0.4   -0.3    1.2    2.5    2.0   -1.6   -1.0   -0.4    0.6    0.0    0.6    1.3   -1.0   -1.9   -0.9   -0.5   -0.7   -0.5    0.3    1.8    0.2   -1.0   -0.5   -0.6   -0.3    0.5   -0.3
  583   -0.6    0.0   -0.3    1.5    2.2    3.3   -1.1   -0.8    0.2    0.0    0.3    0.9    2.0    2.3    1.6   -0.8   -0.8   -0.8   -0.8    0.6    2.6    1.5    1.8    0.1   -0.6    1.2    0.8    2.6
  586   -0.3   -0.1    0.0    0.9    0.9   -1.1   -0.5   -0.4   -0.1    0.0    0.0    0.5    1.7    1.9   -1.5   -0.2    0.0    0.0    0.0   -0.1    1.2    1.4    0.2   -0.3    0.0    0.0    0.0    0.5
  587   -0.7   -0.5   -1.2    1.9   -1.4   -2.6   -0.1    0.2    0.0    0.0    0.3    1.5    2.2    1.4   -1.9   -0.3   -0.7   -0.3   -0.4    0.1    0.4   -0.1   -1.3   -0.8   -0.7   -0.7    0.3    1.2
  588   -0.2   -0.1   -0.2    0.9    2.2   -0.8   -1.7    0.0   -0.2   -0.3   -0.3    0.4    1.6    3.1    1.4    0.0    0.0    0.0    0.0    0.4    1.1    2.0    1.7    0.3    0.0    0.0    0.0    1.2
  590    1.2    0.9    0.9    2.0    3.0    2.2    1.3    1.1    0.5    0.1    0.4    1.5    2.6    3.4    1.1    1.0    0.2   -0.9   -0.9    2.2    2.9    2.5    1.3   -0.7   -0.9   -1.0   -1.3   -2.7
  593   -0.5   -0.9   -0.7   -1.4   -1.0   -1.6   -0.2    0.1    1.3    1.3    0.6   -0.7   -2.7   -3.4   -0.4   -0.1   -0.5   -1.6   -1.5   -1.6   -3.5   -2.0   -0.8    0.5    1.4    1.9    2.1    0.2
  594   -0.9   -0.4   -1.2    0.0   -2.5   -1.4   -0.7   -0.3   -0.2    0.0    0.0    0.3   -0.6   -3.2   -1.6   -1.0   -0.7   -0.5   -1.0   -2.1   -2.0   -2.3   -1.8   -0.2    0.4    0.4    0.8    2.0
  595   -0.4    0.0   -0.5    0.0   -0.7   -0.3   -0.2    0.0    0.3    0.5    0.2   -0.9   -1.7   -2.0   -0.2    0.0   -0.4   -1.3   -0.8   -2.8   -1.6   -1.9   -0.3    0.5    1.0    1.5    1.6    1.1
  598    0.3    0.0    0.3    0.9    1.9    1.5    0.4    0.4    0.1    0.0    0.1    0.7    1.2    1.4    1.7    0.3    0.0   -0.1   -0.5    0.6    2.2    1.5    0.7   -0.6    0.0   -0.2    0.0    1.5
  601    0.3    0.0    0.4    0.6    1.6    2.0    0.3   -0.2    0.3    0.3    0.0    0.3    0.9    1.8    1.1   -0.5   -0.2   -0.2   -0.2    0.0    1.5   -0.2   -0.4   -0.2   -0.4    0.2    0.4    1.2
  602    0.3    0.9    0.4    1.3    2.1    2.6    1.8    0.6    0.4    1.0    0.6    0.7    1.5    2.6    1.8   -0.2    0.5   -0.7   -0.3    1.5    2.0    1.7    1.8    0.2    0.1   -0.5   -0.1    0.8
  603    0.3    0.3    0.0    1.2    3.8    3.9    3.4    0.3   -0.4    0.1    0.0    0.5    2.0    3.6    3.2   -0.2   -0.5   -0.3    0.0    2.3    3.7    3.7    3.1    0.4    0.6    0.0    0.1    2.8
  604    0.0    0.3    0.0    0.6    1.9    2.2    1.7    0.6    0.3    0.1    0.3    0.4    1.1    1.3    1.5   -0.5    0.0    0.0    0.0    1.9    2.0    2.0    1.5    0.5    0.3    0.0    0.0    2.0
  605   -0.1    0.1    0.2    1.2    3.1    2.3    2.2    1.1    0.9    0.3    0.6    0.7    1.5    2.1    2.4   -0.9    0.0    0.0   -0.3    3.0    3.0    2.9    2.5    1.2    0.5    0.3    0.5    2.3
  606    0.1    0.0    1.2    1.9    3.5    3.9    3.4    1.5    1.2    0.8    0.7    1.2    3.4    4.0    3.2    2.3    0.6    0.2    0.6    2.9    3.8    4.2    3.3    1.6    0.5    0.5   -0.3   -0.1
  608    0.4   -0.6    0.5    3.7    4.6    5.1    4.2    1.9    1.3    0.2    0.6    2.8    4.2    3.7    2.2    1.6    0.2    0.0    1.0    3.9    4.7    4.2    2.8    1.3    1.1    0.0    0.6    1.8
  610    0.3   -0.5    0.1    1.4    1.9    2.6    1.9    0.7    0.3    0.1    0.1    1.0    2.3    3.0    2.4    0.5    0.0    0.0    0.2    2.9    3.4    2.4    2.5    0.4    0.3   -0.1    0.2    2.9
  611    0.3    0.4    0.4    0.8    2.4    3.4    1.8    1.2    0.8    0.8    0.3    0.4    1.5    1.6    1.6    0.9    0.9   -0.2   -0.1    0.4    3.4    2.5    1.6    0.5    0.3   -0.2    0.0    0.0
  612    0.5    0.4    0.3    0.7    2.3    2.7    1.7    1.0    0.6    0.4    0.2    0.3    1.3    1.9    2.4    0.8    0.3    0.0    0.0    2.4    2.7    2.3    2.1    0.4    0.2    0.0    0.0    1.3
  614    0.1    0.3    0.0    1.5    2.9    2.9    2.6    1.6    0.8    0.3    0.1    0.8    3.2    3.4    3.0    1.1   -0.1    0.0    0.0    3.1    3.8    2.5    3.2    1.4    0.7    0.2    0.1    2.9
  615    0.0    0.0   -0.3    1.2    2.8    3.1    2.3    1.5    0.4    0.0    0.1    0.2    1.5    2.6    2.6    1.0    0.0   -0.1    0.1    2.3    3.2    3.0    2.5    0.5    0.0   -0.1    0.1    2.3
  616    0.0    0.2    0.8    2.3    4.3    4.7    3.5    1.4    1.0    0.4    0.5    1.3    2.5    5.0    3.7    1.2    0.3    0.5    0.2    3.4    4.5    3.7    4.3    0.2    0.1   -0.2   -0.3   -1.5
  617    0.0    0.3    0.6    1.9    2.9    2.6    2.2    0.9    0.3    0.7    0.2    1.1    2.2    2.4    2.3    0.9    0.1   -0.4   -0.1    2.2    2.6    3.0    2.0    0.3   -0.1   -0.4   -0.5   -0.6
  618    0.0    0.0    0.2    1.2    2.4    2.1    2.0    0.7    0.3    0.1    0.2    0.7    2.3    2.5    2.5    0.5    0.0    0.0    0.0    0.9    2.8    2.3    2.4    0.0    0.0   -0.1    0.0    0.0
  619    0.2    0.7    0.1    1.0    2.4    2.6    1.9    0.3    0.3    0.3    0.1    0.6    1.3    3.1    2.2   -0.6   -0.5   -0.3   -0.3    1.9    2.8    2.0    2.1    0.1    0.4   -0.3    0.1    2.4
  623    0.1    0.4    0.0    1.3    3.1    3.8    2.0    0.5   -0.2    0.2    0.1    0.4    2.0    2.6    1.8   -0.3    0.4   -0.4    0.0    1.8    2.8    2.3    1.9    0.1    0.3   -0.2    0.0    1.8
  624    0.1    0.2    0.3    1.4    3.6    3.5    2.5    0.9   -0.4    0.3    0.2    0.5    2.0    2.8    2.1   -0.6    0.0   -0.2    0.0    2.4    3.0    3.0    2.0    0.5    0.6    0.1    0.2    2.7
  627    0.0   -0.1    0.6    1.6    3.4    4.1    3.0    1.3    0.8    0.8    0.4    1.0    2.9    3.8    3.3    1.2    0.5    0.0    0.0    2.1    3.3    4.1    3.4    1.3    1.0    0.5    0.3    2.5
  628    0.5    0.4    1.2    1.3    2.7    3.2    2.9    1.1    0.6    0.2    0.4    1.0    1.9    2.5    3.1    0.7    1.4    0.1    1.3    3.2    3.9    3.1    3.5    0.1   -0.2   -0.7    0.1    1.1
  630    0.0    0.6    0.0    1.6    3.9    4.1    1.0    0.3    1.0    0.3    0.2    0.9    1.8    3.2    3.3   -0.6   -0.9   -0.2    0.0    1.9    3.7    2.9    3.2    0.2    0.4   -0.3    0.0    2.5
  634    0.6    0.3    0.5    1.5    1.9    2.6    1.2    0.4    0.4    0.5    0.4    2.0    1.5    3.0    1.7    0.6    0.1    0.1    0.1    2.5    3.8    1.8    1.5    0.1   -0.1   -0.5   -0.5   -1.9
  635    0.3    0.3    0.0    1.6    3.2    2.4    2.6    1.8    0.8    0.4    0.1    0.9    3.4    3.9    3.6    0.6   -0.5    0.1    0.1    3.2    3.9    2.5    4.0    1.4    0.0    0.0    0.0    2.8
  636    0.4    0.6    0.4    1.1    2.6    2.2    2.5    1.3    0.4    0.2    0.1    0.2    1.3    2.1    2.6    0.5    0.2    0.0    0.1    3.0    3.1    2.6    2.6    0.7    0.0   -0.1    0.3    3.0
  642    0.6    1.2    0.5    1.0    2.1    1.9    1.9    1.5    0.4    0.2    0.4    0.3    1.0    1.6    2.1    0.3    0.4    0.0   -0.1    2.5    2.4    2.5    2.0    1.3    0.2   -0.3    0.2    2.4
  651   -0.7   -0.7    0.0    1.8    2.3   -2.2   -1.1    0.3    0.1    0.2    0.9    1.1    2.2    3.6    2.0   -0.4   -1.2   -0.8   -1.8   -0.8   -1.7    3.5    1.0   -1.3   -0.2   -0.2    0.4    0.4
  652   -0.1    0.0    0.2    0.9    1.8   -1.0   -1.0    0.8    0.2    0.0    0.2    0.8    1.7    2.1    2.2    0.7    0.0   -0.2   -0.7    0.0    2.8    2.2    1.9   -0.6   -0.1   -0.2    0.1    1.7
   96   -1.9   -1.5   -1.4   -0.9   -0.8   -0.8   -1.4   -0.7   -0.4    0.0    0.3    0.8    0.0   -0.7   -0.6   -0.4    0.0    0.1    0.1    0.3    0.4    0.0    0.0    0.3    0.5    0.0   -1.0   -2.1
  661    0.2    0.6   -0.3   -0.8   -1.3    0.2    0.9    0.0    1.4    2.2    1.6   -1.0   -3.3   -1.1   -1.0   -1.0   -0.8   -2.7   -1.7   -3.4   -3.4   -1.4   -0.1    0.3    1.8    1.2   -0.2   -2.0
  670    0.0    0.2   -0.5   -0.6   -0.5   -1.1    0.5    0.9    2.6    2.4    1.4   -1.1   -2.4   -3.0   -0.4   -0.8   -0.5   -1.4   -1.7   -1.8   -2.8   -2.1   -0.8    0.5    1.1    2.1    0.6   -1.5
  671    0.4    0.6   -0.4   -0.8   -0.3   -1.2    0.5    1.1    2.4    2.5    1.2   -1.0   -2.1   -2.5   -0.6   -0.5   -1.0   -1.1   -1.9   -4.2   -2.6   -1.5   -0.6    0.1    1.2    1.6    0.3   -2.4
  695   -0.9   -1.7    1.3    2.4    2.9   -2.4   -1.0   -0.3    0.9    3.0    2.8    1.8    2.2    3.3    2.9    0.5   -2.5   -2.4   -3.9   -1.2    3.4    2.3    2.0    1.2    2.8   -3.5   -1.2    1.0
  699    0.2    0.3    0.2    0.7    0.8    0.8    0.5    0.4    0.4    0.1    0.1    0.5    0.8    0.8    0.6    0.0    0.0    0.0    0.1    1.7    1.4    0.8    0.7    0.5    0.3    0.3    0.4    1.3
  701   -0.5    0.0    0.6    0.7    2.5    3.1    2.7    1.3    0.3    0.6    0.5    0.3    1.1    1.8    2.8   -0.3    0.3    0.0   -0.1    2.9    3.7    3.3    2.9    0.7    0.7    0.1    0.6    2.1
  702    0.4    0.3   -0.7    1.5    2.4    3.0    1.7    1.3    0.2    0.1    0.1    0.3    1.6    3.5    2.0    0.7    0.1    0.0    0.0    2.3    3.3    2.5    2.1    0.5   -0.1   -0.2    0.0    2.0
  703   -0.4    0.2    1.5    1.0    2.4    3.5    2.3    1.0    0.1    0.0    0.0    0.2    1.4    3.3    2.7    0.0    0.7   -0.2    0.0    2.7    3.1    2.5    3.1    0.8    0.3   -0.1    0.1    2.6
  704    0.2    0.4    0.6    1.4    1.7    1.6    1.9    1.6    1.4    0.1    0.1    1.1    1.5    1.2    1.3    0.8   -0.1   -0.1    0.8    3.6    1.4    1.2    1.3    1.5    2.0    1.6    1.9    3.1
  706   -0.9    0.6    0.5    0.7    2.7    2.3    1.3    0.9    0.7    0.4    0.2    0.3    1.7    2.7    1.1   -0.4    0.3    0.5   -0.5    1.6    2.9    2.2    1.5    0.4    0.5    0.0    0.5    1.9
  709    1.5    0.4    0.6    1.6    2.2    2.4    1.7    1.3    1.1    1.3    0.8    1.0    1.7    2.1    1.5    1.0    0.8    0.2    0.3    2.8    3.1   -2.7    1.3    0.8    1.1    0.6    1.0    1.9
  710    0.7    0.3    0.1    0.6    1.6    1.3    0.9    0.5    0.3    0.4    0.1    0.3    1.1    1.7    1.1    0.1    0.2    0.2   -0.2    1.4    2.7    2.0    1.3    0.8    0.4    0.3    0.0    1.5
  711    0.5    0.3    0.9    1.0    3.8    3.5    2.8    1.9    1.7    1.3    0.5    0.4    1.7    3.7    2.3    0.9    0.7    1.0    0.6    2.5    4.9    2.9    2.6    1.5    0.8    0.7    1.2    2.8
  712    1.5    1.0    0.7    2.2    2.4    3.0    2.3    1.6    1.9    1.1    0.8    0.4    1.0    2.0    1.7    1.2    0.4    0.9    0.4    0.7   -0.5   -1.2    1.3    1.4    1.1    1.4    0.9    1.8
  713    0.7    0.4    0.6    1.5    2.8    3.7    2.7    1.9    2.1    0.8    0.6    0.7    0.9    0.9    1.8    0.9    1.0    0.9    0.6   -1.0   -0.7   -1.4    1.2    1.4    1.3    1.5    1.2    2.3
  724    1.3    1.5    1.1    1.8    1.8    1.6    1.5    1.6    1.3    1.0    0.7    1.2    1.5    2.3    1.7    0.9    0.5    0.8    1.1    2.5    2.9    1.9    2.1    2.6    3.3    3.7    3.9    4.2
  727   -0.1   -0.3    0.1    0.2    0.7    0.4    0.2    0.2    0.3    0.4    0.1    0.1    0.4    0.9    0.6    0.0    0.0    0.1    0.1    0.9    1.6    1.3    1.0    1.4    1.4    1.7    2.1    2.7
  730   -0.4    0.5    0.1    0.9    2.4    2.0    1.3    0.8    0.6    0.2    0.1    0.4    1.9    2.3    1.4   -0.4    0.0    0.0    0.0    2.2    2.9    2.3    1.8    0.5    0.4    0.0    0.2    1.7
  731    0.2    0.7    0.2    1.3    2.4    1.8    1.4    0.8    0.8    0.6    0.2    0.6    1.8    2.4    1.3    0.1    0.2    0.2    0.0    2.5    4.0    2.2    1.6    0.5    0.5    0.1    0.7    2.7
  732    0.3    0.1    0.3    1.2    2.1    2.7    2.2    1.6    1.8    1.0    0.3    0.2    1.1    2.6    2.2    0.5    0.2    0.0    0.3    3.1   -0.7    3.6    2.1    0.8    0.4    0.8    0.9    2.5
  733    0.8    0.8   -0.7    1.4    3.4    3.4    2.6    1.8    0.4    0.1    0.0    0.3    2.2    4.2    2.9    1.5    0.2   -0.1    0.0    3.2    4.1    3.2    3.4    0.6    0.0   -0.5    0.0    2.7
  734   -0.1    1.2   -0.3    1.5    3.8    4.4    3.7    1.6    0.2    0.3    0.4    0.4    1.9    4.5    4.1    0.4   -0.1   -0.4    0.0    4.2    4.8    4.0    4.1    1.2   -0.2   -0.6    0.1    4.1
  736    2.0    1.9   -0.1    2.6    4.4    5.3    4.9    3.5    1.3    0.5    0.4    2.0    4.8    6.4    4.7    2.3   -1.4    0.7    1.3    4.5    6.5    4.4    5.1    3.4    3.0    1.6    0.9    4.5
  737    0.4    0.7    0.7    1.4    2.1    2.6    2.0    1.4    0.3    0.3    0.2    0.7    2.5    3.4    2.1    0.4    0.5    0.1    0.3    2.4    3.8    2.6    2.3    1.2    0.3   -0.4    0.0    2.3
  738   -0.1    0.1    0.2    1.5    2.0    1.6    1.3    0.9    0.5   -0.1    0.0    1.1    2.3    1.9    1.3    0.1    0.0    0.1    0.0    3.0    3.2    1.7    1.6    0.9    1.2    0.5    0.8    2.8
  741    0.2    0.0    0.1    0.7    2.1    1.4    1.0    0.7    0.6    0.4    0.2    0.3    1.3    2.1    1.4    0.3    0.1    0.1    0.2    2.2    2.8    2.1    1.5    1.0    0.3    0.4    0.4    1.8
  745    1.1    0.4    0.4    1.2    2.8    2.4    2.3    1.8    1.8    1.4    0.5    0.5    2.3    4.1    2.7    1.0    0.6    0.6    0.3    0.3    5.4    3.3    2.6    1.5    1.0    1.1    1.5    1.5
  748    1.3    1.2    1.0    2.2    2.5    3.5    2.6    1.6    1.5    1.1    0.4   -0.3    1.0    1.8    2.0    1.2    0.6    1.1    0.1   -0.9   -1.6   -0.9    1.6    1.3    1.6    1.7    1.2    2.6
  751    1.3    0.7    2.2    3.2    3.2    3.3    2.7    2.0    1.8    1.6    0.7    0.8    1.8    2.5    2.1    1.1    1.1    1.3    1.9    2.0    2.7    2.2    1.9    1.7    1.9    2.3    3.0    3.0
  752    0.5    0.0    0.6    1.0    1.3    1.1    0.8    0.8    0.9    0.9    0.4    0.5    1.0    1.5    1.2    0.2    0.2    0.6    0.3    1.3    2.1    1.8    1.8    1.8    1.9    2.6    2.4    3.4
  754    0.1    0.2    0.2    0.7    0.8    0.8    0.6    0.6    0.4    0.1    0.1    0.6    0.9    1.1    1.0    0.0    0.0    0.0    0.1    2.2    2.6    1.1    1.1    0.3    0.4    0.1    0.4    1.8
  757    0.0    0.1    0.0    0.3    2.2    2.2    1.5    0.8    0.1    0.0    0.0    0.1    1.0    1.8    1.7    0.1    0.2   -0.1    0.0    2.4    2.0    1.9    1.6    0.7    0.1   -0.1    0.0    2.4
  760   -0.5    0.8    0.1    0.6    2.4    2.1    1.7    1.4    0.9    0.5    0.2    0.3    2.0    2.3    1.7    0.0    0.7    0.5    0.0    0.1    2.6    1.6    2.1    0.6    1.2    0.1    0.2    0.5
  762   -0.5    1.2    0.6    1.0    3.7    5.7    3.3    1.9    1.3    1.0    0.7    0.8    3.1    4.7    3.5    0.4    0.2    0.4   -0.2    2.7    4.6    3.4    4.2    0.8    0.2   -0.1    0.9    2.5
  767    1.1    0.6    0.8    2.0    2.7    2.8    2.8    2.4    1.7    1.0    0.3   -0.7    1.0    1.5    2.0    1.2    0.1    0.3   -0.2   -3.6   -3.6   -1.7    1.3    1.4    1.0    1.6    1.3    2.6
  768   -0.2    0.0    0.0    0.8    2.0    1.9    1.4    1.2    0.4    0.6    0.3    0.4    1.0    1.7    1.4    0.7    0.3   -0.1    0.2    2.2    2.9    1.5    2.1    0.5    0.3   -0.1    0.2    1.4
  769    0.5    0.2    0.6    1.0    1.3    1.6    1.3    1.3    0.9    0.0    0.1    0.7    1.0    0.9    1.3    0.3   -0.2   -0.1    1.2    3.2    1.8    0.9    1.4    0.9    1.3    1.1    1.4    3.1
  770    0.6    0.2    0.0    0.9    2.3    1.6    1.1    0.6    0.6    0.2    0.2    0.4    1.4    2.0    1.1    0.3    0.3    0.5    0.1    1.5    3.2    1.7    1.2    0.6    0.5    0.4    0.3    1.8
  771    0.7    1.0    0.9    1.4    1.7    2.1    2.0    1.7    1.6    0.3    0.2    1.0    1.0    1.4    1.9    0.8    0.0    0.1    0.6    3.3    2.1    1.3    2.2    1.4    1.9    1.8    1.5    3.2
  775    0.6    0.7    0.3    1.5    2.4    2.3    1.6    1.0    1.0    0.5    0.2    1.0    2.0    2.7    2.4   -0.1    0.1    0.5    0.0    2.5    3.7    3.3    2.1    1.0    0.8    0.6    0.3    2.4
  779   -0.2   -0.6    0.1    0.3    0.9    0.4    0.1    0.3    0.4    0.5    0.1    0.2    0.6    1.0    0.8   -0.2   -0.2   -0.1    0.0    1.0    1.9    1.7    1.4    1.8    2.3    2.6    2.9    2.9
  780   -0.2    0.2    0.6    0.9    1.6    1.9    1.7    1.4    1.1    1.2    0.2   -0.1    0.4    1.2    1.7    0.9    1.1    1.0    0.7    1.2    1.7    1.9    2.0    2.0    2.1    2.7    2.3    3.0
  781    2.9    2.8    3.3    4.1    4.7    4.5    3.8    2.8    1.9    2.4    0.8    1.0    2.4    3.4    2.7    1.4    1.8    2.7    2.3    3.0    4.0    3.5    2.9    2.6    3.0    3.5    3.6    3.8
  782    0.4    0.3    1.0    1.4    1.7    1.8    1.4    1.4    1.5    1.3    0.5    0.3    0.9    1.6    1.1    0.6    0.5    0.6    1.2    1.2    1.7    1.8    1.2    1.5    1.6    1.7    2.9    2.3
  788    0.0    0.4    0.1    0.7    1.8    1.6    1.1    0.8    0.3    0.3    0.2    0.3    1.2    1.8    1.1    0.0    0.0    0.0    0.0    1.7    2.5    1.8    1.5    0.6    0.4    0.1    0.0    1.3
  789    1.4    2.2    1.9    3.1    3.1    3.2    3.1    3.3    2.9    0.3    0.5    2.2    2.3    1.9    3.0    1.1   -0.3    0.2    1.5    3.1    3.4    2.7    2.7    3.0    4.0    4.3    4.0    4.7
  801   -1.0   -0.5   -1.0   -0.7   -0.6   -2.4   -1.6   -1.3   -0.9    0.1    0.0    0.5   -1.8   -2.5   -1.7   -0.3   -0.2   -0.1   -0.4   -2.5   -2.2   -1.7   -1.5   -0.6   -0.2    0.2    0.2    1.5
  803   -0.7   -0.4   -0.6   -0.9    1.0   -2.7   -1.9   -1.4   -0.5    0.0    0.0    0.3    0.0   -3.5   -2.4    0.0   -0.2    0.0   -0.1   -2.9   -3.6   -2.9   -1.8   -0.1   -0.4    0.5    0.4    3.1
  804   -0.3   -1.0   -0.7   -1.1   -2.0   -2.1   -0.9   -1.1   -0.9   -0.3   -0.3   -1.1   -2.1   -2.8   -1.7   -0.5    0.0    0.3   -0.7   -2.6   -2.9   -1.6   -0.7   -0.1    0.0    0.4    0.2   -2.3
  810   -1.0    0.4   -0.4    0.0    1.7    3.1    2.2    1.1    1.0    0.6   -0.1   -0.1   -0.1   -0.3   -3.0   -1.4    0.0    0.2   -0.2   -1.4   -1.7   -0.3    0.6   -0.3   -0.2    0.3    0.4    1.3
  811   -0.6   -0.7   -0.6   -0.8   -1.2   -3.0   -0.3   -2.0   -1.0   -0.3   -0.5   -1.1   -2.1   -3.0   -1.8    0.5    0.9    0.7   -0.2   -1.2   -4.1   -2.7   -2.4   -0.9    0.4    1.0    0.3   -0.7
  812   -0.1    0.1   -0.3    0.0    0.1    1.8    0.5    0.2    0.1    0.0   -0.2   -0.3   -0.4   -1.2   -1.6   -0.1    0.1    0.1   -0.1   -0.3    0.2   -0.1   -0.8    0.0   -1.0   -0.1    0.0    0.4
  813   -0.5   -0.3   -0.5    0.4    1.6    1.8    1.6    0.4   -0.8   -0.5   -0.2   -0.5   -0.2   -1.9   -2.3   -0.1    0.0    0.0   -0.4   -2.3    0.0   -1.1   -1.3   -0.9    0.1   -0.1    0.1    0.7
  815    0.4   -1.0   -0.3    0.4    1.9    3.0    1.9   -1.0   -0.1    0.3    0.1    0.4    1.2    1.8   -1.1   -0.6   -0.3   -0.3   -0.4   -0.2    0.6   -1.7   -1.0   -0.7    0.0   -0.1    0.4    1.2
  817   -0.8   -0.6   -0.7   -0.6   -1.1   -2.0   -1.0   -1.0   -0.6    0.0    0.0   -0.1   -1.3   -2.2   -1.5   -0.1    0.0    0.0   -0.4   -2.6   -3.3   -1.9   -1.2   -0.2    0.0    0.0    0.4    1.5
  822    0.1    0.3    0.0    1.0    2.4    2.6    3.0    1.6    0.9    1.0    0.3    0.2    1.3    2.3    1.7   -0.1   -0.4    0.0   -0.3   -1.0   -2.9   -1.6    1.0    0.9    0.7    0.7    0.3    0.8
  823    0.5   -0.8   -0.7    0.6    2.4    3.2    1.8   -0.7   -1.2    0.2    0.1    0.3    1.5    1.6   -2.5   -1.2   -0.3   -0.6   -0.5    0.5   -1.3   -2.6   -2.1   -0.7    0.3    1.1    0.6    2.9
  825    0.8    0.7   -0.1    1.7    2.9    4.2    3.0    1.3    0.1    0.9    0.0    0.2    0.6   -0.4   -3.1   -0.5   -0.2   -0.5   -1.1   -0.8    0.9   -1.9   -1.0    0.3    0.9    1.1    0.9    1.9
  826   -0.2   -0.7   -1.0    1.3    3.8    3.1    2.0   -0.4   -1.1    1.4   -0.2    0.2    1.5   -2.8   -2.1   -0.9   -0.3   -0.1   -1.0   -2.5   -3.4   -2.6   -1.1   -1.0    0.6    0.9    1.3    2.9
  827   -1.6   -1.4   -1.6    0.4    2.1    2.2    2.2    1.3   -1.5   -0.2   -0.1   -0.4    0.2   -3.5   -4.4   -1.5   -0.7   -0.1   -0.9   -2.3   -2.4   -2.8   -3.1   -2.4    1.1    0.3    0.5    2.0
  828   -0.4   -0.3   -0.7    0.4    0.4    1.3    1.0    0.2   -0.1    0.3   -0.1   -0.1    0.3   -0.5   -1.9    0.2    0.1    0.1   -0.1   -0.4    0.3   -0.3   -1.8    1.0   -0.2   -0.2    0.2    0.6
  830   -1.0   -0.9   -1.1   -1.3   -2.0   -3.2   -1.0   -1.0   -1.2   -0.5   -0.5   -1.0   -2.0   -2.8   -2.1   -0.1    0.2    0.4   -0.5   -3.8   -3.7   -2.5   -1.4    0.0   -0.3    0.0    0.6   -3.4
  832    0.4   -0.5   -0.9    0.3    2.2    4.7    4.3   -2.6   -1.2    0.2    0.5    0.8    1.1    1.7   -2.8   -1.1   -0.5   -0.1   -0.5    0.1    1.3   -3.4   -1.8   -0.9    0.2    1.0    0.8    1.5
  834    0.4    1.0   -0.4    1.6    3.6    4.4    3.7    0.9   -1.2    0.7    0.7    0.7    2.2    3.1    2.0   -1.5   -2.0   -1.7   -1.7   -0.2    2.2    3.3    1.5    1.3    2.5    1.9    1.4    3.6
  835   -0.6   -0.1   -0.2    0.4    1.6    3.5   -0.9   -1.0    0.0    0.3    0.2    0.6    2.1    2.3   -2.7    0.4    0.1   -0.1   -0.5    0.0   -0.7   -1.3   -1.5   -1.3   -0.2    0.0    0.2    0.1
  836   -0.7   -1.1   -1.5    0.8    2.8    3.2    1.3   -1.9   -1.2   -0.2   -0.3    0.3    1.2   -3.3   -2.6   -1.3   -0.6   -0.7   -1.2   -2.7   -2.8   -2.2   -1.7   -0.9    0.8    0.7    1.3    3.2
  844   -0.4   -0.7   -0.7   -1.7   -2.7   -2.5   -1.0   -1.0   -0.8    0.0   -0.2   -1.2   -2.0   -2.6   -1.9   -0.4    0.5    0.9   -0.9   -4.0   -2.8   -2.5   -1.6   -0.2   -0.3    0.3    1.4   -2.5
  850   -0.3   -1.1   -1.1   -1.4   -2.1   -2.3   -1.0   -0.4   -1.2   -1.6   -1.7   -1.6   -1.4   -2.0   -2.2   -1.3   -0.8   -1.3   -1.7   -3.6   -3.4   -3.1   -2.4   -1.1   -0.3    2.3   -1.2   -3.2
  853    1.1   -0.7   -0.9    1.0    1.9    1.9    1.8    0.8   -0.7    0.6   -0.2    0.2    1.2   -1.6   -1.3   -0.5   -0.7   -0.5   -0.7   -1.6   -1.5   -1.1   -0.8    0.2    1.1    0.6    1.1    2.4
  871    0.0   -0.1    0.3    0.4    0.8    0.3    0.3    0.3    0.6    0.6    0.1    0.1    0.2    0.5    0.8    0.2    0.2    0.2    0.4    0.6    0.7    1.1    1.0    1.2    1.3    1.5    2.3    2.4
  875   -0.8   -0.5   -2.1   -1.3   -0.6   -1.5   -3.0    2.4    1.7    0.3    0.2   -1.0   -1.6   -0.6   -0.6   -2.5   -2.1   -3.6   -3.1   -3.9   -4.9   -2.1   -1.9    0.8    2.4    3.4    3.5    1.0
  876    0.7    0.6    0.4   -0.1   -2.2   -0.7   -0.7    0.9    1.0    1.3    1.5    0.6   -1.2   -2.5   -2.1    0.7    0.8    1.0   -1.1   -4.0   -3.7   -1.7   -0.6    0.0    0.7    1.1    0.4   -2.4
  877    0.2    0.0    0.2    1.5    2.9    3.1   -0.7    0.4   -0.4   -0.5    0.1    0.8    1.8    2.8    2.3   -1.1   -0.6   -0.6   -0.4    1.3    2.1    2.6    1.9    0.2    0.8   -0.2    0.3    2.4
  878   -0.7   -0.5   -1.4   -0.7   -2.4   -1.8   -2.1   -0.5    0.0    1.0    0.6    0.0   -2.1   -3.3   -1.7    0.6    0.5   -0.2   -1.3   -2.4   -2.5   -2.3   -0.8    0.0    1.0    1.3    0.9   -3.4
  887    0.4    0.9    0.4    2.2    4.7    4.0    3.2    2.0    0.7    0.8    0.7    0.7    2.1    3.2    2.3    0.4    1.0   -0.1   -0.1    2.0    2.8    4.2    1.7    1.0    0.5   -0.2    0.4    0.7
  900   -0.5   -0.1   -0.6    0.4    1.9   -1.0   -1.3   -0.5   -0.8   -0.7   -0.9   -1.2   -1.6   -2.1   -1.6    0.0    0.0    0.7   -0.5   -3.6   -3.1   -1.7   -0.9    0.2    0.2    0.1   -0.1   -3.3
  901   -0.3   -0.6   -0.5   -1.4   -1.9   -1.6   -0.4   -0.1   -0.7   -0.9   -1.0   -1.2   -1.6   -1.5   -1.9   -1.1   -0.4   -0.3   -0.8   -2.7   -2.9   -2.5   -1.9   -0.7   -0.4   -1.1   -1.0   -2.3
  907    0.8    0.6    1.3    2.5   -0.5    3.2    1.4    1.0    0.7    0.0   -0.3   -0.4   -0.4   -2.6   -2.4   -0.8   -0.6   -0.7   -0.4   -3.4   -3.1   -2.3   -0.2    0.1   -0.2    0.6   -0.1   -0.3
  908   -0.4   -0.7   -0.1    0.7    2.0   -2.0   -1.3    0.5    0.1   -0.3   -0.2   -0.4   -2.3   -2.9   -1.6   -0.6   -0.6   -0.3   -0.3   -3.1   -2.9   -1.9   -1.3   -0.6   -0.9   -0.4    0.0    2.3
  909   -5.0   -4.3   -3.1   -2.2   -1.3   -1.1   -1.7    1.1   -0.2   -2.3   -1.8   -1.7   -4.5   -4.3   -2.8   -4.7   -3.6   -3.6   -3.9   -4.6   -3.8   -2.9   -2.4   -5.1   -2.9   -3.4   -1.8    2.7
  912    1.5    0.3    0.4    1.5    2.8    3.5    2.8    1.9    1.2    0.6    0.4   -0.2    0.4    1.5    2.6    1.8    0.9    0.6   -0.1    3.5    3.9    3.0    3.2    2.0    1.8    0.7    0.4    1.7
  915   -0.3    0.0    0.0    0.1    1.8    3.7    1.3    0.9    0.4    0.4   -0.1   -0.9   -0.8   -1.8    1.5   -0.7    0.0    0.1   -0.1    0.1    0.2   -0.1   -0.2    0.8    0.4    0.2    0.5   -0.4
  917   -0.2    0.0    0.3    1.4    2.1    1.4    0.3    0.6    0.0    0.0   -0.5   -0.6   -0.9   -2.2   -0.8   -0.2    0.0   -0.2   -0.7   -1.9   -0.6   -0.9    1.2    0.7   -0.1    0.3   -0.3   -0.6
  918    0.0    0.0    0.0    0.5    2.0    1.4    1.1    0.5    0.3   -0.1   -0.4   -0.6   -1.0   -2.9   -2.4   -0.8   -0.1   -0.3   -0.8   -2.8   -3.0   -1.6   -1.5    0.4   -0.1   -0.1    0.4    0.6
  919   -0.4    0.2   -0.3    0.7    1.1    1.9    1.6    0.4    0.1    0.3   -0.2   -0.2    0.5    0.1   -3.0    0.0    0.0    0.4    0.0   -1.9    1.0   -0.9   -1.6   -1.4   -0.6   -0.4    0.4   12.2
  920   -0.1    0.4    0.0    0.6    1.2    1.3    0.6    0.2    0.2    0.1   -0.1   -0.1    0.1   -0.1   -1.9   -0.4    0.0    0.0    0.0   -1.8   -0.8   -0.7   -0.9   -0.4   -0.1   -0.1    0.1    0.7
  923   -0.5   -0.6   -0.7   -1.5   -3.0   -3.3    0.1   -0.4   -1.6   -1.6   -1.8   -2.6   -2.4   -2.7   -2.2   -0.8   -0.6   -0.6   -1.2   -3.2   -3.5   -2.8   -1.8   -0.3   -0.3   -0.3   -0.7   -3.6
  932    0.8    0.3    0.8    1.2    2.5    3.0    1.9    1.0    0.9    0.4   -0.3   -0.8   -1.0   -3.0    0.9    0.1   -0.1    0.4   -0.7   -0.3   -0.5   -0.5    1.4    0.3    0.7    1.2    0.5    0.9
  936   -0.6    0.1    0.1    0.7    2.0    2.6    0.8    1.3    0.3    0.1   -0.1   -0.7   -0.8   -1.7   -0.3   -0.7    0.1    0.0   -0.2   -0.8   -0.1   -0.2   -0.2    1.0    0.2   -0.1    0.0   -0.5
  940   -0.9   -0.9   -0.9   -0.6   -2.3   -3.1   -0.2    0.2   -1.4   -1.2   -1.6   -2.3   -2.5   -3.1   -1.5   -0.1   -0.2   -0.1   -1.2   -2.2   -3.2   -3.2   -1.7    0.1    0.2    0.0   -1.3   -2.1
  946    0.4    0.0    0.0    1.1    1.9    3.2    2.2    1.0    0.4    0.6   -0.1    0.2    0.6    1.7    1.8    0.2    0.3   -0.3    0.0    3.0    3.0    1.3    0.9    0.8    0.3    0.6    0.1    0.5
  790    3.9    1.6    2.3    1.4    1.6    4.6    4.8    3.9    3.6    1.3    0.7   -0.6    1.0    1.0    3.5    1.9    0.8   -0.3   -0.7   -5.1   -5.7   -4.6    2.0    2.2    3.4    3.3    3.6    4.6
10111    0.9    0.5    1.2    3.3    4.2    3.9    0.2    1.5    0.5    0.4    0.8    2.1    2.7    2.6    0.9    1.1    0.8    0.0   -1.3    0.8    2.8    3.6    0.7   -0.9   -0.9   -0.9   -1.0    0.2
10112    1.0    0.6    1.2    3.3    4.1    3.9    0.0    1.7    0.7    0.6    0.9    2.1    2.7    3.0    1.2    1.2    0.9   -0.1   -1.3    0.9    3.0    3.6    0.9   -0.9   -1.0   -0.9   -1.1    0.0
10121   -1.2   -1.2   -2.1   -2.9   -2.2   -1.3   -0.5    0.7    1.0    1.2    0.2   -1.1   -3.4   -3.2   -0.4   -0.9   -0.8   -1.5   -2.2   -2.4   -3.2   -2.4   -1.1    0.6    1.2    1.3    1.0    0.4
10122   -1.0   -0.9   -1.9   -2.7   -2.0   -0.9   -0.5    1.1    1.1    1.3    0.3   -1.3   -3.3   -3.1   -0.2   -0.9   -0.8   -1.5   -2.4   -2.4   -3.2   -2.5   -1.0    0.7    1.2    1.3    0.6   -0.3
10131   -1.4   -1.3   -2.1   -2.0   -2.9   -2.4   -1.4   -1.4   -0.4    0.0   -0.2   -0.2   -2.1   -3.6   -1.6   -1.1   -0.8   -1.3   -1.8   -1.9   -2.5   -2.4   -1.5    0.0    1.0    1.1    0.7    0.1
10132   -1.4   -1.3   -1.9   -2.4   -3.1   -2.3   -2.0   -1.6   -0.2    0.0   -0.3   -0.2   -2.4   -3.4   -1.8   -1.0   -0.6   -1.4   -1.5   -1.5   -2.3   -3.0   -1.8   -0.1    1.0    1.0    0.8   -0.8
10141   -0.7    0.5    0.1    4.2    4.5    4.1   -1.2   -0.9   -0.1   -0.2    0.3    2.2    2.2    2.7    3.0   -0.8   -1.1   -1.2   -1.1    0.4    2.4    3.4    2.0    0.5   -0.1    0.7    0.8    1.9
10142   -0.9    0.1    0.2    4.1    4.4    3.7   -1.1   -0.7   -0.3   -0.4    0.3    2.1    2.1    2.5    2.8   -0.9   -1.0   -1.2   -1.1    0.5    2.3    3.3    2.0    0.4    0.2    0.7    0.7    1.9
10151    0.7    0.8    0.4    2.2    4.6    3.5    2.9    1.8    0.5    0.3    0.3    0.4    2.0    3.5    2.5    0.6    0.5   -0.1    0.6    2.2    3.1    4.8    2.0    0.7    0.3   -0.4    0.6    0.9
10152    0.7    0.8    0.4    2.1    4.5    3.5    3.0    1.9    0.7    0.4    0.4    0.4    2.0    3.4    2.6    0.5    0.6    0.0    0.6    2.2    3.1    4.7    1.9    0.7    0.4   -0.2    0.5    0.7
10161    0.5    1.1   -0.9    1.9    5.0    5.1    3.6    0.7    0.2    0.7   -0.1    1.0    2.3    3.3    2.1   -1.7   -1.5   -1.2   -2.3    0.1    2.6    3.3    2.0    1.4    1.2    1.1    2.1    0.5
10162    0.4    1.1   -0.1    2.5    5.2    5.3    3.5    1.4    0.1    0.6   -0.1    1.1    2.5    3.4    2.2   -0.7   -1.3   -1.1   -2.1    0.5    2.9    3.3    2.2    1.1    1.3    1.0    2.0    0.9
10171    0.1    0.7    0.3    2.6    5.1    4.9    2.7   -0.7    0.6    0.3    0.3    1.9    2.8    2.8    2.5   -1.0   -0.8   -0.8   -1.4    0.3    1.6    2.3    0.9   -0.2    0.2    0.5    1.0    0.6
10172   -0.2    0.5    0.3    2.8    5.1    4.9    2.6   -0.9    0.5    0.1    0.4    1.9    2.7    2.8    2.5   -0.9   -0.8   -0.8   -1.3    0.5    1.2    3.3    1.3   -1.5    0.6    0.3    1.2    1.0
10181    0.8    1.4    0.8    2.5    3.7    2.6    1.9    1.6    1.5    0.9    0.7    0.7    2.7    3.6    1.6    0.4    0.7    0.6    0.5    1.3    4.6    3.9    1.4    1.1    0.9    0.9    2.6    4.4
10182    0.8    1.4    0.8    2.5    3.7    2.6    1.9    1.6    1.5    0.9    0.7    0.7    2.7    3.6    1.6    0.4    0.7    0.6    0.5    1.3    4.6    3.9    1.4    1.1    0.9    0.9    2.6    4.4
10192    1.1    0.3    1.5    3.4    4.4    4.4    2.2    1.1    0.9    0.8    1.1    1.2    2.3    3.4    1.3    0.8    0.0   -0.2    0.6    3.0    2.9    2.1    1.7    1.4    2.0    1.2    1.6    3.0
10201   -0.3    1.0    0.4    1.9    4.5    3.7    2.2    1.6    0.9    0.6    0.5    0.9    3.9    3.8    1.7    0.0    0.3    1.0    0.4    1.6    3.7    3.9    1.7    0.7    0.7    0.5    1.9    3.1
10202   -0.1    0.9    0.5    1.9    4.7    3.9    2.3    1.6    0.8    0.6    0.5    1.0    4.1    4.0    1.7    0.1    0.5    1.0    0.4    1.7    3.9    4.0    1.8    0.7    0.7    0.6    2.0    3.1
10211   -0.7    0.9    0.8    2.8    4.2    4.6    3.5    2.0    1.0    0.8    0.0    0.9    1.2    1.7    2.5   -0.2    0.4   -0.8   -0.2    2.2    3.1    3.3    2.4    0.9    1.3    1.3    1.8    0.7
10212    0.0    0.9    1.0    2.7    4.2    4.5    3.3    1.8    1.0    0.8    0.0    0.6    1.2    1.8    2.2    0.1    0.5   -0.9   -0.2    2.3    3.3    3.9    2.3    1.0    1.3    1.3    1.8    1.1
10221   -1.2   -1.7   -3.0   -1.7   -3.5   -3.2   -2.6   -3.2   -2.0    0.1   -0.3   -0.1   -3.9   -4.1   -2.5   -0.7    0.1    0.6   -2.1   -3.4   -3.8   -3.5   -1.8   -1.2   -1.5   -0.1    1.2   -1.6
10222   -1.6   -2.1   -3.0   -1.2   -2.5   -3.5   -2.6   -3.6   -2.1   -0.1   -0.2    0.5   -3.1   -4.1   -2.8   -1.0   -0.3    0.4   -2.2   -3.2   -3.6   -3.6   -2.1   -1.3   -1.8    0.3    1.3   -0.8
10231    1.2    0.1   -0.5    2.1    3.7    4.0    2.7    1.8    1.7    0.9   -0.4   -0.6    0.5    1.3    1.8   -0.3    0.1   -0.4   -0.9    1.4    1.3   -0.1    1.4    1.0    1.0    1.4    1.9    1.4
10232    1.2    0.1   -0.5    2.1    3.7    4.0    2.7    1.8    1.7    0.9   -0.4   -0.6    0.5    1.3    1.8   -0.3    0.1   -0.4   -0.9    1.4    1.3   -0.1    1.4    1.0    1.0    1.4    1.9    1.4
10241    1.0    0.4    0.6    2.1    4.3    4.0    0.7   -0.5    1.1    1.1    0.4    1.9    2.4    3.0   -2.7   -0.6   -0.9   -0.7   -1.5   -0.2    0.9   -2.4   -1.8   -1.0   -0.3    0.3    1.0    0.5
10242    1.0    0.6    0.7    2.6    4.5    4.2    1.1   -0.7    0.9    1.0    0.2    1.9    2.6    3.0   -0.9   -0.9   -0.8   -0.7   -1.5   -0.1    1.5   -1.1   -1.5   -1.0   -0.4    0.5    0.8    0.2
10251   -0.3   -0.2   -1.8    0.0    3.0    3.8    2.9    2.2    1.0    0.1   -1.1   -0.8    0.2    0.6    0.1   -0.4    0.1    0.0   -1.0   -0.1   -1.2   -1.8    1.0    0.1   -0.1    0.8    0.7    0.1
10252   -0.9    0.1   -1.7   -0.2    1.8    3.5    2.5    1.8    0.9    0.0   -1.1   -1.0   -0.4   -0.4   -1.4   -0.6    0.1    0.6   -0.8    0.0   -0.7   -0.7    0.0   -0.8   -0.8    0.5    0.2    0.2
10261    0.4   -0.2    0.9    1.5    2.4    2.4    1.9    1.7    1.9    1.7    0.4    0.2    0.9    1.9    1.8    0.8    0.7    1.1    0.9    1.7    2.6    3.1    2.1    2.8    3.2    3.6    4.7    5.9
10262    1.2    0.9    1.6    2.3    3.4    3.5    2.9    2.5    2.2    2.0    0.7    0.3    1.3    2.2    2.1    1.4    1.4    1.6    1.8    2.1    2.5    3.0    2.0    2.3    2.6    2.9    4.3    5.3
10272    0.3   -0.7    0.9    1.3    2.3    1.9    1.3    1.2    1.5    1.4    0.3    0.3    0.9    1.9    1.6    0.4    0.4    0.8    0.9    1.7    2.8    3.3    2.1    2.9    3.4    3.8    4.9    6.2
10281   -0.4    1.1    0.6    2.2    4.2    3.0    1.7    1.2    0.8    0.5    0.4    0.7    2.0    3.8    1.3   -0.1    0.4    0.4   -0.2    1.1    2.8    3.6    1.8    0.6    0.8    0.6    1.4    2.6
10282   -0.3    1.2    0.7    2.2    4.3    2.9    1.6    1.2    0.8    0.5    0.5    0.9    2.2    3.9    1.3   -0.1    0.5    0.3   -0.2    1.1    2.9    3.7    1.8    0.7    0.8    0.7    1.4    2.6
20111    0.6   -0.2    0.1    3.4    3.6   -0.6   -0.6    0.8    0.6    0.8    0.6    2.6    3.1    2.5    1.1    0.7   -0.7   -1.0   -1.7   -0.5    1.3    2.8    1.4    0.5    0.5   -0.1   -0.2    1.2
20121    0.8    0.8    1.0    3.8    4.7    4.1   -1.5    1.3    0.8    0.7    0.9    2.5    3.5    4.8    0.7    0.9   -0.7   -1.2   -1.4    1.5    3.2    4.6    1.1   -0.4   -0.5   -1.1   -1.0    0.1
20131    0.6    0.6    1.5    3.8    5.6    4.5    3.2    2.0    1.2    0.5    0.8    2.5    4.5    4.1    1.1    1.4    0.3   -1.0   -1.4    2.2    4.1    3.8    1.0   -1.0   -1.5   -1.6   -1.5   -0.3
20141   -1.2   -1.1   -1.2    3.7    5.6    3.5   -2.9   -2.7   -1.3    0.6    0.1    1.2    1.5   -3.8   -2.5   -0.4    0.0   -0.8   -0.5    0.1    1.7   -0.4   -1.3   -0.5   -0.7   -0.2    0.6   -1.9
20151    0.2    0.6    0.6    3.4    4.3    4.1    3.6    2.4    1.2    0.9    0.9    1.6    3.6    3.4    2.7    1.5   -0.5    0.4    0.7    2.7    4.2    4.6    2.9    0.4   -0.3   -0.7   -0.5    0.3
20161   -0.2    0.9    0.4    2.3    4.2    3.6    2.6    1.8    0.4    0.5    0.3    0.6    1.6    3.2    2.4    0.3    0.4    0.1   -0.2    2.3    3.0    4.2    2.1    1.1    0.2   -0.5    1.1    1.7
20171   -0.9    0.8    0.3    2.4    4.3    4.4    2.6    1.4    0.2    0.3    0.1    0.6    2.0    4.3    1.9    0.1    0.7   -0.8    0.1    2.7    3.2    4.0    2.3    1.0    0.6   -0.2    1.6    2.2
20181    0.0    0.4    0.2    2.3    5.6    4.8    2.5    1.5    0.8    1.1    0.9    1.3    3.5    5.2    2.1    0.8    0.4   -0.5   -0.1    1.8    4.0    5.1    2.4    0.6    0.0   -0.8    0.3    2.3
20191    0.3    0.4    1.1    3.5    3.7    3.4    3.2    2.7    2.0   -0.7    0.1    2.9    3.2    2.6    3.1    0.7   -1.3   -0.5    1.7    3.4    3.7    2.9    2.4    2.2    2.7    2.7    2.4    4.1
20201   -0.4    1.1    0.6    2.2    4.2    3.0    1.7    1.2    0.8    0.5    0.4    0.7    2.0    3.8    1.3   -0.1    0.4    0.4   -0.2    1.1    2.8    3.6    1.8    0.6    0.8    0.6    1.4    2.6
20211    0.8    1.5    0.8    2.1    3.2    3.5    2.7    2.4    1.8    1.2    0.8    0.6    1.0    2.4    1.8    1.0    1.0    0.8    0.5    1.2    0.4   -0.2    1.8    1.1    1.5    1.1    2.3    2.3
20221    1.8    0.9    1.6    2.4    3.3    5.1    4.2    3.4    2.8    0.8    0.5   -0.7    0.5    1.1    2.9    1.6    0.6    0.5   -0.8   -3.2   -1.9   -1.4    1.7    2.0    2.6    2.3    3.7    3.4
20231    1.3    1.8    1.4    3.4    4.6    3.1    2.2    2.0    1.6    0.9    0.8    3.2    4.3    4.1    1.8    0.6    0.6    0.6    1.0    2.9    3.9    3.5    1.7    1.6    2.0    2.2    3.8    4.8
20241    1.5    1.7    1.7    3.4    4.8    3.2    2.4    2.2    1.7    1.2    0.9    2.5    4.4    4.4    2.0    0.9    1.0    0.9    1.1    2.5    4.1    3.8    1.8    1.6    1.8    1.9    3.7    4.9
20251   -1.3   -0.7   -1.8    1.0    2.4    2.7   -0.6   -2.0   -2.5   -1.9   -2.2   -2.0   -1.7   -3.4   -2.3   -0.3   -0.3    0.0   -2.1   -1.4   -2.1   -2.1   -1.3   -0.4    0.2    0.0    0.0   -1.8
20261   -1.7   -1.0   -1.9    0.4    2.8    2.5   -4.0   -2.4   -1.4    0.0    0.7    1.5    1.7   -5.7   -2.6   -0.7   -0.4   -0.7   -1.0   -0.8   -2.2   -2.6   -2.0   -1.3   -0.7   -0.5    0.7    1.2
20271    0.0    0.3    0.6    2.1    4.1    4.6    4.5    2.7    1.1    1.1    1.6    0.8    1.7    3.1    2.8    1.0    0.8    0.6   -1.4   -0.4    0.3   -0.9    0.6    2.8    1.5    1.0    2.8    1.0
20281    0.1    0.4   -0.3    0.7    3.4    4.1    3.9    2.5    1.2    1.1    0.2    0.1    0.6    1.8    0.5   -1.1   -0.8    0.0   -1.2   -0.4   -1.1   -1.7    0.3    0.1    0.7    1.0    1.2    0.2
20291    0.8   -1.6   -1.1    0.8    2.9    4.0    3.8    1.0   -1.5    0.7   -0.6    0.4    1.2   -1.5   -3.3   -1.1   -0.5   -0.5   -1.5   -1.2   -1.4   -3.3   -2.7   -0.5    0.7    1.1    1.6    1.6
20301   -0.1    0.2    0.6    2.0    2.1    1.0    1.6    1.7    0.8    0.0   -0.7   -0.7   -0.4   -2.4   -1.0   -0.4    0.1   -0.3   -1.1   -2.1   -1.4   -1.3   -0.2    0.5   -0.1    0.6    0.2    0.3
30111   -0.1    0.2    0.6    4.0    4.2    3.6   -1.3    0.6    0.7    0.6    0.6    2.8    3.1    2.6    0.4   -0.1   -1.3   -1.0   -1.9    0.3    2.3    4.3    1.1   -0.6   -0.1   -0.7   -0.2    1.0
30121    0.8    0.2    0.5    3.4    3.5   -1.2   -0.3    0.7    0.4    0.8    0.9    2.6    3.1    2.5    1.4    0.8   -0.7   -1.0   -1.6   -0.6    1.2    2.4    1.4    0.6    0.7   -0.2   -0.3    1.5
30131   -1.1   -1.2   -1.2    3.2    3.4   -3.2   -2.0    0.1   -0.6   -1.0    0.2    1.8    2.5    2.5   -2.6   -1.1   -1.1   -1.1   -0.9    0.6    1.5    1.3   -1.0   -0.8   -0.6   -1.0    1.0    1.9
30141    0.8    0.9    1.4    2.9    4.3    4.6    2.9    1.8    0.9    0.7    0.4    0.6    1.6    3.1    2.0    0.6    0.4   -0.3   -0.4    2.7    3.4    3.6    2.6    1.3    1.3    1.0    2.0    1.9
30151   -0.9    0.9    0.2    1.6    4.3    3.7    2.2    1.8    1.2    1.0    0.8    0.8    2.6    4.1    1.8    0.1    0.9    0.7   -0.4    0.6    2.7    3.8    1.9    0.3    0.5    0.2    0.7    2.1
30161   -0.6   -1.2   -1.6    0.5    1.2    2.5    2.5    0.7   -1.0    0.2   -0.2    0.0    1.0    0.8   -2.7    0.1   -0.1    0.2   -0.3   -0.6    0.3   -0.5   -1.2    0.8   -0.3   -0.5    0.8    1.0
30171   -1.0   -0.5   -1.7    0.8    2.6    0.6   -1.1   -1.8   -2.4   -1.7   -2.6   -2.1   -1.7   -3.4   -2.0   -0.1   -0.2    0.2   -2.1   -1.9   -2.5   -2.2   -1.0    0.1    0.4    0.1   -1.0   -2.8
30181   -1.1   -0.7   -1.7    0.8    2.5    2.3    0.8   -0.2   -2.5   -2.0   -2.1   -1.7   -1.4   -3.5   -2.4   -0.3   -0.2   -0.1   -1.7   -1.1   -1.6   -2.0   -1.1   -0.5    0.4    0.0    0.3   -1.0
30191   -0.4   -0.3   -0.5    1.2    1.3    1.5    1.6    0.5    0.0    0.1   -0.4    0.0    0.7    0.9   -3.3    0.1    0.0    0.3    0.1   -0.8    0.8   -1.6   -1.4   -0.6    0.3   -0.4    1.2    1.8
30201    0.8    0.7    0.4    2.2    4.0    4.3    3.3    1.8    1.5    0.9   -0.2    0.2    0.8    1.5    2.1    0.5    0.4   -0.7   -0.4    1.8    3.0    2.6    1.9    1.2    1.4    1.3    1.4    0.5
30211    0.6    0.1    0.1    0.9    3.3    4.1    3.3    2.8    1.4    1.3    0.1   -1.4   -0.7   -0.7    1.5    1.5    0.7    0.7    0.1    0.2   -0.6   -0.5    0.3    1.8    1.0    1.8    1.8   -0.8
30221    0.7   -0.3   -0.7    0.3    3.1    3.8    3.0    2.3    1.6    1.2   -0.4   -1.0   -0.3   -0.7    0.6    0.9    0.1    0.2   -0.6    0.3    0.2   -0.5    0.6    1.0    0.9    1.2    1.4    0.2
30231   -1.0    0.4    0.2    1.2    1.4    3.5    1.1    1.3    0.3   -0.1   -0.7   -0.6   -0.3   -1.0   -1.6   -1.1    0.1    0.0   -0.7   -1.1   -0.9   -0.6   -0.3    0.7   -0.2   -0.3    0.2    0.4
30241    0.9    0.4    0.9    1.4    2.1    3.6    0.1    0.6   -0.4    0.0   -1.5   -1.6   -1.6   -2.4   -0.5   -0.9   -0.5    0.2   -1.3   -0.5   -0.6   -0.2   -0.1    0.8    0.7   -0.5   -0.5   -1.1
30251    1.5    0.3    0.7    1.2    2.1    4.4    3.7    1.7    1.5    0.1   -1.4   -1.9   -1.6   -0.6    0.5    1.7   -0.5   -0.6   -1.9   -3.3   -3.1   -1.9    0.8    2.2    0.8    1.4    1.6   -0.2
40111    0.7    0.5    1.1    3.3    4.2    4.0    0.3    1.4    0.4    0.3    0.7    2.1    2.7    2.2    0.4    0.9    0.5   -0.1   -1.4    0.8    2.7    3.7    0.6   -1.0   -0.7   -0.9   -0.8    0.5
40121   -0.2    0.0    0.6    2.9    3.8   -1.9   -0.3    1.5    0.6    0.5    1.0    2.1    2.4    2.0    1.3    0.7   -0.3   -0.1   -1.4   -0.1    1.8    2.8    1.0   -1.0   -0.5   -0.9    0.1    1.5
40131    0.4    0.1    0.5    3.5    3.6   -0.3   -0.4    0.7    0.7    0.9    0.8    2.8    3.0    2.4    1.2    1.0   -0.9   -1.0   -1.8   -0.5    1.4    3.1    1.4    0.0    0.3   -0.2   -0.1    1.5
40141   -0.1    0.0    0.3    3.8    4.1    3.4   -2.4    0.7   -0.4    0.1    0.4    1.8    3.0    3.0    1.3    0.4   -0.7   -1.0   -1.5    0.5    2.1    3.6    1.6   -0.1   -0.2   -0.3    0.2    0.7
40151    0.8    0.8    1.2    3.6    5.0    4.2    0.9    1.8    1.1    0.5    0.8    2.3    4.1    4.6    0.7    1.3   -0.2   -1.1   -1.4    1.8    3.8    4.2    0.9   -0.7   -1.0   -1.3   -1.3   -0.2
40161   -0.4    1.7    2.5    4.1    4.9    4.2    3.5    2.0    2.0    1.5    1.5    3.1    4.9    3.3    4.3    2.5    0.4    0.0   -1.2    2.6    5.0    5.0    3.1   -1.4   -1.9   -2.3   -1.8    0.7
40171   -0.8   -0.8   -1.2    2.0    0.1   -2.6   -0.1   -0.2   -0.7   -0.6   -0.1    1.2    1.8    2.9   -2.2   -0.3   -0.8   -0.5   -0.3    0.1    0.6   -0.1   -2.0   -0.8   -0.6   -0.6   -0.1    1.2
40181   -0.6   -0.4   -0.8    2.3    3.4   -3.2   -1.0   -0.3   -0.7   -0.6   -0.4    0.5    1.7    2.9    0.6   -0.1   -0.3   -0.2   -1.1    0.2    0.8    0.8    1.5    0.5    0.1   -0.2   -0.1    0.3
40191   -0.2   -0.2   -0.4    2.9    3.7   -1.2   -1.9    0.1   -0.1   -0.3   -0.1    1.1    2.1    2.9    1.4   -0.5   -0.9   -0.5   -1.0    0.6    1.7    2.1    1.9    0.4   -0.3   -0.2    0.1    0.5
40201   -1.1   -1.2   -0.8    3.8    4.2   -1.4   -1.6   -1.0   -0.3   -0.8    0.3    2.2    2.7    2.6   -1.3   -1.2   -1.3   -1.3   -1.0    0.9    2.0    1.9    1.2    0.6   -0.6   -0.7    0.9    2.2
40211   -1.3   -1.0   -1.2    3.3    3.9   -3.1   -2.9   -2.1    0.4   -0.1   -0.2    1.4    1.2   -2.3   -2.8   -0.5   -0.4   -0.5   -0.7    0.9    1.8    1.0   -0.5   -0.5   -0.1    0.0    0.4    0.3
40221   -0.8   -0.1   -1.3   -1.6   -2.1   -1.0   -1.8    0.0    0.5    1.1    1.0   -0.4   -2.5   -3.2   -1.1    0.7    0.5    0.0   -1.7   -2.9   -3.7   -2.4   -1.1    0.3    1.5    1.7    1.2   -2.8
40231   -0.1    0.3   -0.8   -1.1   -2.3   -0.6   -1.4    0.8    1.0    1.3    1.5    0.1   -2.2   -2.8   -0.7    1.1    0.7    0.5   -1.5   -3.3   -4.0   -2.7   -1.0    0.2    1.4    1.8    1.1   -3.2
40241    0.0    0.6    1.2    3.9    4.8    5.0    3.9    2.1    1.1    1.1    1.5    2.2    3.2    2.7    2.9    2.1    0.1    0.2    0.3    2.3    3.7    4.7    2.6    0.5   -0.1   -0.8   -0.6   -0.3
40251   -0.2    0.3    0.6    2.6    4.3    4.6    4.0    2.6    1.0    1.0    0.9    1.2    1.8    1.9    2.7    0.2    0.3   -0.3   -1.0    1.0    2.8    3.1    2.7    1.4    1.3    1.1    2.1    0.5
40262    1.0    0.7    1.5    3.6    4.4    4.4    2.3    1.0    0.7    0.3    0.2    0.4    1.9    3.2    1.1    0.5    0.1   -0.7   -0.3    3.1    3.6    3.4    2.4    1.4    1.5    1.2    1.5    2.6
40271    1.0    0.6    1.5    3.4    3.9    3.9    2.5    1.5    2.0    0.8    0.7    0.6    0.7    1.9    1.3    0.5    0.8    0.7    0.2    0.6   -0.2   -1.0    1.2    0.9    1.4    1.6    1.9    2.2
40281    1.2    3.4    1.8    2.9    3.9    2.8    2.5    3.0    2.4    0.8    1.1    2.3    3.3    2.8    2.8    0.9    0.2    0.5    1.4    2.8    4.0    2.9    2.3    3.3    4.6    5.1    4.7    4.8
40291   -3.8   -4.6   -3.7   -2.8   -3.5   -6.4   -4.2   -1.8   -0.1    0.2   -0.3   -0.4   -1.6   -3.4   -4.0   -3.2   -0.7   -1.1   -1.7   -1.7   -1.3   -1.6   -0.8    0.9    2.3    0.2   -2.2   -3.1
40301   -1.3   -1.5   -2.6   -2.6   -3.6   -2.7   -2.1   -1.5   -1.0    0.2   -0.3   -1.1   -2.9   -3.7   -2.3   -0.4    0.4    0.4   -2.1   -3.3   -3.5   -2.9   -0.9   -0.2    0.8    1.1    1.3    0.4
40311    0.0   -0.3   -1.7   -1.3   -3.0   -2.8   -0.7   -1.3   -1.7   -1.0   -2.2   -2.3   -2.8   -2.8   -0.8    0.4    1.4    1.2   -1.0   -3.2   -4.0   -2.5   -1.0   -0.3    1.1    0.8   -0.5   -2.0
40321   -1.0   -0.7   -0.5    1.5    3.3    0.3   -0.3    1.4   -2.3   -1.5   -2.3   -1.4   -1.0   -3.3   -1.7    0.2   -0.1    0.0   -0.7   -1.1   -1.6   -2.5   -0.9   -0.2    0.0    0.3   -0.4   -1.5
40331    0.4    0.2    0.2    0.2    3.1    4.0    3.4    2.8    1.3    1.4   -0.1   -1.4   -0.8   -1.4    1.0    1.4    0.6    0.6   -0.1    0.1   -0.1   -0.3    0.0    1.5    0.9    1.4    1.4   -0.6
40341    0.6    0.4    0.5    1.7    2.0   -1.4   -0.7    1.1    0.9    0.3   -0.5   -0.3    0.0   -0.1   -3.0   -0.3    0.1    0.3   -0.7   -1.6   -2.1   -1.7   -0.8   -1.2    0.5   -0.7    1.4    1.7
40351   -1.3   -1.0   -1.4   -1.6   -3.4   -3.2    0.1   -0.5   -2.5   -2.3   -3.2   -3.7   -4.2   -3.3   -1.2   -0.2   -0.2   -0.2   -2.0   -3.6   -3.2   -2.7   -0.7    0.0    0.1    0.0   -1.9   -2.4
40361   -1.0   -0.9   -1.0    0.5    2.8   -3.9   -0.4    0.7   -2.5   -2.1   -2.8   -2.2   -2.5   -3.8   -1.3    0.2   -0.1    0.0   -1.4   -2.7   -2.3   -2.8   -0.5    0.3    0.2    0.1   -2.3   -4.2
