2014061512+000HOUR     2014061521LST
STNID    15H    27H    39H    51H    63H    75H    87H    99H   111H   123H   135H   188H   159H   171H   183H   195H   207H   219H   231H   243H   255H   267H   279H
STNID 061612 061700 061712 061800 061812 061900 061912 062000 062012 062100 062112 062200 062212 062300 062312 062400 062412 062500 062512 062600 062612 062700 062712LST
88108  433.0  903.0  393.0  109.0  101.0  431.0  413.0  411.0  301.0  301.0  301.0  301.0  301.0  301.0  301.0  301.0  301.0  301.0  301.0  301.0  301.0  301.0  301.0 
88101  401.0  403.0  411.0  301.0  301.0  301.0  301.0  301.0  301.0  301.0  301.0  301.0  301.0  301.0  301.0  301.0  301.0  301.0  301.0  301.0  301.0  301.0  301.0   
88104  301.0  301.0  301.0  301.0  301.0  301.0  301.0  301.0  301.0  301.0  301.0  301.0  301.0  301.0  301.0  301.0  301.0  301.0  301.0  301.0  401.0  401.0  401.0    
88131  301.0  301.0  301.0  301.0  301.0  301.0  301.0  301.0  301.0  301.0  301.0  301.0  301.0  301.0  301.0  301.0  301.0  301.0  301.0  301.0  401.0  401.0  401.0  
88133  301.0  301.0  301.0  301.0  301.0  301.0  301.0  301.0  301.0  301.0  301.0  301.0  301.0  301.0  301.0  301.0  301.0  301.0  301.0  301.0  401.0  401.0  401.0   
88146  301.0  301.0  301.0  301.0  301.0  301.0  301.0  301.0  301.0  301.0  301.0  301.0  301.0  301.0  301.0  301.0  301.0  301.0  301.0  301.0  401.0  401.0  401.0  
88156  301.0  301.0  301.0  301.0  301.0  301.0  301.0  301.0  301.0  301.0  301.0  301.0  301.0  301.0  301.0  301.0  301.0  301.0  301.0  301.0  401.0  401.0  401.0  
88143  301.0  301.0  301.0  301.0  301.0  301.0  301.0  301.0  301.0  301.0  301.0  301.0  301.0  301.0  301.0  301.0  301.0  301.0  301.0  301.0  401.0  401.0  401.0  
88159  301.0  301.0  301.0  301.0  301.0  301.0  301.0  301.0  301.0  301.0  301.0  301.0  301.0  301.0  301.0  301.0  301.0  301.0  301.0  301.0  401.0  401.0  401.0  
88184  301.0  301.0  301.0  301.0  301.0  301.0  301.0  301.0  301.0  301.0  301.0  301.0  301.0  301.0  301.0  301.0  301.0  301.0  301.0  301.0  401.0  401.0  401.0  
88050  301.0  301.0  301.0  301.0  301.0  301.0  301.0  301.0  301.0  301.0  301.0  301.0  301.0  301.0  301.0  301.0  301.0  301.0  301.0  301.0  401.0  401.0  401.0  
88028  301.0  301.0  301.0  301.0  301.0  301.0  301.0  301.0  301.0  301.0  301.0  301.0  301.0  301.0  301.0  301.0  301.0  301.0  301.0  301.0  401.0  401.0  401.0  
88058  301.0  301.0  301.0  301.0  301.0  301.0  301.0  301.0  301.0  301.0  301.0  301.0  301.0  301.0  301.0  301.0  301.0  301.0  301.0  301.0  401.0  401.0  401.0  
88003  301.0  301.0  301.0  301.0  301.0  301.0  301.0  301.0  301.0  301.0  301.0  301.0  301.0  301.0  301.0  301.0  301.0  301.0  301.0  301.0  401.0  401.0  401.0  
88067  301.0  301.0  301.0  301.0  301.0  301.0  301.0  301.0  301.0  301.0  301.0  301.0  301.0  301.0  301.0  301.0  301.0  301.0  301.0  301.0  401.0 -999.0  999.0  