2014061512+000HOUR     2014061521LST
STNID    15H    27H    39H    51H    63H    75H    87H    99H   111H   123H   135H   188H   159H   171H   183H   195H   207H   219H   231H   243H   255H   267H   279H
STNID 061612 061700 061712 061800 061812 061900 061912 062000 062012 062100 062112 062200 062212 062300 062312 062400 062412 062500 062512 062600 062612 062700 062712LST
88108  433.0  903.0  393.0  109.0  101.0  431.0  413.0  411.0  331.0  331.0  331.0  331.0  331.0  331.0  331.0  331.0  331.0  331.0  331.0  331.0  331.0  331.0  331.0 
88101  431.0  413.0  411.0  331.0  331.0  331.0  331.0  331.0  331.0  331.0  331.0  331.0  331.0  331.0  331.0  331.0  331.0  331.0  331.0  331.0  331.0  331.0  331.0   
88104  331.0  331.0  331.0  331.0  331.0  331.0  331.0  331.0  331.0  331.0  331.0  331.0  331.0  331.0  331.0  331.0  331.0  331.0  331.0  331.0  421.0  421.0  421.0    
88131  331.0  331.0  331.0  331.0  331.0  331.0  331.0  331.0  331.0  331.0  331.0  331.0  331.0  331.0  331.0  331.0  331.0  331.0  331.0  331.0  421.0  421.0  421.0  
88133  331.0  331.0  331.0  331.0  331.0  331.0  331.0  331.0  331.0  331.0  331.0  331.0  331.0  331.0  331.0  331.0  331.0  331.0  331.0  331.0  421.0  421.0  421.0   
88146  331.0  331.0  331.0  331.0  331.0  331.0  331.0  331.0  331.0  331.0  331.0  331.0  331.0  331.0  331.0  331.0  331.0  331.0  331.0  331.0  421.0  421.0  421.0  
88156  331.0  331.0  331.0  331.0  331.0  331.0  331.0  331.0  331.0  331.0  331.0  331.0  331.0  331.0  331.0  331.0  331.0  331.0  331.0  331.0  421.0  421.0  421.0  
88143  331.0  331.0  331.0  331.0  331.0  331.0  331.0  331.0  331.0  331.0  331.0  331.0  331.0  331.0  331.0  331.0  331.0  331.0  331.0  331.0  421.0  421.0  421.0  
88159  331.0  331.0  331.0  331.0  331.0  331.0  331.0  331.0  331.0  331.0  331.0  331.0  331.0  331.0  331.0  331.0  331.0  331.0  331.0  331.0  421.0  421.0  421.0  
88184  331.0  331.0  331.0  331.0  331.0  331.0  331.0  331.0  331.0  331.0  331.0  331.0  331.0  331.0  331.0  331.0  331.0  331.0  331.0  331.0  421.0  421.0  421.0  
88050  331.0  331.0  331.0  331.0  331.0  331.0  331.0  331.0  331.0  331.0  331.0  331.0  331.0  331.0  331.0  331.0  331.0  331.0  331.0  331.0  421.0  421.0  421.0  
88028  331.0  331.0  331.0  331.0  331.0  331.0  331.0  331.0  331.0  331.0  331.0  331.0  331.0  331.0  331.0  331.0  331.0  331.0  331.0  331.0  421.0  421.0  421.0  
88058  331.0  331.0  331.0  331.0  331.0  331.0  331.0  331.0  331.0  331.0  331.0  331.0  331.0  331.0  331.0  331.0  331.0  331.0  331.0  331.0  421.0  421.0  421.0  
88003  331.0  331.0  331.0  331.0  331.0  331.0  331.0  331.0  331.0  331.0  331.0  331.0  331.0  331.0  331.0  331.0  331.0  331.0  331.0  331.0  421.0  421.0  421.0  
88067  331.0  331.0  331.0  331.0  331.0  331.0  331.0  331.0  331.0  331.0  331.0  331.0  331.0  331.0  331.0  331.0  331.0  331.0  331.0  331.0  421.0  421.0  421.0  

값 포맷 == nnn.0 
missing == 9
nnn.0 --> 하늘상태코드(1~4) + 강수형태코드(0~3) + 신뢰도정보코드(1~3) .0 


지역식별코드  88nnn

88108 서울 (서울, 인천, 경기도) 
88101 춘천 (강원도 영서) 
88104 강릉 (강원도 영동)
88131 청주 (충청북도)
88133 대전 (대전, 세종, 충청남도)
88146 전주 (전라북도)
88156 광주 (광주, 전라남도)
88143 대구 (대구, 경상북도)
88159 부산 (부산, 울산, 경상남도)
88184 제주 (제주도)
88050 안주 (평안남도)
88028 수풍 (평안북도)
88058 평양 (황해도) 
88003 선봉 (함경남도)
88067 신계 (함경북도)