2014081112+000HOUR     2014081121LST
STNID  +009H  +015H  +021H  +027H  +033H  +039H  +045H  +051H  +057H  +063H  +069H  +075H  +081H  +087H
STNID 081206 081212 081218 081300 081306 081312 081318 081400 081406 081412 081418 081500 081506 081512
47003    0.0    0.0    0.0    0.0    0.0    0.0    0.0    0.0    0.0    0.0    0.0    0.0    0.0    0.7
47005    0.0    0.0    0.0    0.0    0.0    0.0    0.0    2.4    0.0    0.0    0.1    0.9    0.4    1.6
47008    0.0    0.0    0.0    0.0    0.0    0.0    0.0    0.0    0.0    0.0    0.0    0.0    0.1    0.6
47014    2.0    0.1    0.0    0.0    0.0    0.0    0.0    0.0    0.0    0.1    1.3    0.0    0.0    0.4
47016    0.0    0.0    0.0    0.0    0.0    0.0    0.4    0.4    0.0    0.0    0.7    0.9    2.9    0.0
47020    0.0    1.2    0.0    0.0    0.0    0.0    0.0    0.0    0.0    0.2    0.0    0.0    0.0    3.1
47022    0.0    0.0    0.0    0.0    0.0    0.0    0.4    0.0    0.0    0.0    0.9    0.0    0.0    0.0
47025    0.0    0.0    0.0    0.0    0.0    0.0    0.0    0.0    0.0    0.0    0.0    0.0    0.0    0.9
47028    0.0    0.0    0.0    0.0    0.0    0.0    0.0    0.0    0.0    0.0    0.0    0.0    0.0    0.0
47031    0.0    0.0    0.0    0.0    0.0    0.0    0.3    0.0    0.0    0.0    0.0    0.0    0.1    0.0
47035    0.0    0.0    0.0    0.0    0.0    0.0    0.0    0.0    0.0    0.0    0.0    0.0    0.1    0.0
47037    0.0    0.0    0.0    0.0    0.1    0.0    0.3    0.0    0.0    0.0    0.0    0.0    0.0    0.4
47039    0.0    0.0    0.1    0.0    0.0    0.0    0.0    0.0    0.0    0.0    0.0    0.0    0.0    0.3
47041    0.0    0.0    0.0    0.0    0.0    0.0    0.0    0.0    0.0    0.0    0.0    0.0    0.0    2.1
47046    0.0    0.0    0.0    0.0    0.0    0.0    0.0    0.0    0.0    0.0    0.0    0.0    0.0    2.0
47050    0.0    0.0    0.2    0.0    0.0    0.0    0.1    0.0    0.0    0.0    0.0    0.0    0.0    0.5
47052    0.0    0.0    0.1    0.0    0.0    0.0    0.1    0.0    0.0    0.0    0.0    0.0    0.0    0.0
47055    0.0    0.0    0.0    0.0    0.0    0.0    0.0    0.0    0.0    0.0    0.0    0.0    1.1    0.0
47058    0.0    0.0    0.1    0.0    0.0    0.0    0.2    0.0    0.0    0.0    0.0    0.0    0.0    0.1
47060    0.0    0.0    0.0    0.0    0.0    0.0    0.0    0.0    0.0    0.0    0.0    0.0    0.0    0.4
47061    0.0    0.0    0.0    0.0    0.0    0.1    0.0    0.0    0.0    0.0    0.0    0.2    4.0    0.0
47065    0.0    0.0    0.0    0.0    0.0    0.0    0.0    0.0    0.0    0.0    0.0    0.0    0.0    0.0
47067    0.0    0.0    0.0    0.0    0.0    0.0    0.0    0.0    0.0    0.0    0.0    0.1    1.2    0.0
47068    0.0    0.0    0.0    0.0    0.0    0.0    0.0    0.0    0.0    0.0    0.0    0.0    0.0    0.4
47069    0.0    0.0    0.0    0.0    0.0    0.2    0.0    0.0    0.0    0.0    0.1    0.1    0.0    0.0
47070    0.0    0.0    0.0    0.0    0.1    0.0    0.0    0.0    0.0    0.0    0.0    0.7    3.2    0.0
47075    0.0    0.0    0.0    0.0    0.0    0.0    0.0    0.0    0.0    0.0    0.0    0.6   12.3    0.0
47090    0.0    0.0    0.0    0.0    0.0    0.0    0.0    0.0    0.0    0.0    0.0    0.3    9.6    0.0
47095    0.0    0.2    0.0    0.0    0.0    0.0    0.0    0.0    0.0    0.0    0.0    0.7    6.4    0.0
47098    0.0    0.0    0.0    0.0    0.0    0.0    0.0    0.0    0.0    0.0    0.0    0.7   10.5    0.0
47099    0.0    0.0    0.0    0.0    0.0    0.0    0.0    0.0    0.0    0.0    0.0    0.7    2.9    1.2
47100    0.0    0.0    0.0    0.0    0.0    0.1    0.0    0.0    0.0    0.0    0.1    0.2    6.1    0.0
47101    0.0    0.1    0.0    0.0    0.0    0.0    0.0    0.0    0.1    0.0    0.0    1.2    8.9    0.0
47102    0.0    0.0    0.0    0.0    0.0    0.0    0.0    0.0    0.0    0.0    0.0    0.0    0.0    0.0
47104    0.0    0.0    0.0    0.0    0.0    0.0    0.0    0.0    0.0    0.0    0.2    0.2    8.3    0.0
47105    0.0    0.0    0.0    0.0    0.0    0.0    0.0    0.0    0.0    0.0    0.2    0.2    8.3    0.0
47106    0.0    0.0    0.0    0.0    0.0    0.0    0.0    0.0    0.0    0.0    0.5    0.8    9.1    0.7
47108    0.0    0.3    0.3    0.0    0.0    0.0    0.0    0.0    0.0    0.0    0.1    0.8    3.5    0.0
47112    0.0    0.1    0.0    0.0    0.0    0.0    0.0    0.0    0.0    0.0    0.0    0.7    3.2    0.0
47114    0.1    0.0    0.0    0.0    0.0    0.0    0.0    0.0    0.1    0.0    0.2    1.4    3.3    0.0
47115    0.0    0.0    0.0    0.0    0.0    0.0    0.0    0.2    0.0    0.0    0.1    3.4    9.9    0.0
47119    0.0    0.0    0.0    0.0    0.0    0.0    0.0    0.0    0.0    0.0    0.1    3.1    0.9    0.0
47121    0.0    0.0    0.0    0.0    0.0    0.0    0.0    0.0    0.0    0.0    0.4    3.7    8.4    1.9
47127    0.0    0.0    0.0    0.0    0.0    0.0    0.0    0.0    0.0    0.0    0.2    4.5   10.6    0.2
47129    0.0    0.0    0.0    0.0    0.0    0.0    0.0    0.0    0.0    0.0    0.1    0.6    2.0    0.0
47130    0.0    0.0    0.0    0.0    0.0    0.0    0.0    0.2    0.0    0.0    0.7    3.0   10.8    0.0
47131    0.0    0.0    0.0    0.0    0.0    0.0    0.1    0.0    0.0    0.0    0.8    4.9    3.0    0.8
47133    0.0    0.0    0.0    0.0    0.0    0.0    0.1    0.0    0.0    0.1    1.9    8.7    2.4    0.9
47135    0.0    0.0    0.0    0.0    0.0    0.0    0.2    0.0    0.0    0.3    1.9    1.0    9.4    0.0
47136    0.0    0.0    0.0    0.0    0.0    0.0    0.2    0.1    0.0    0.1    6.2    4.2    4.2    0.0
47137    0.0    0.0    0.0    0.0    0.0    0.0    0.2    0.0    0.0    0.1    1.8    3.8    5.8    0.8
47138    0.0    0.0    0.0    0.0    0.0    0.0    0.1    0.1    0.0    0.7    2.5    0.0    3.3    0.5
47140    0.0    0.0    0.0    0.0    0.0    0.0    0.2    0.0    0.0    2.0    1.9    5.9    5.3    0.4
47143    0.0    0.0    0.0    0.0    0.0    0.0    0.1    0.1    0.0    2.6    0.8    2.3    0.1    8.5
47146    0.0    0.0    0.0    0.0    0.0    0.0    0.2    0.0    0.0    2.0    2.3    0.4   11.4    0.0
47152    0.0    0.0    0.0    0.0    0.0    0.0    0.1    0.0    0.3    0.1    0.0    0.0    0.6    0.0
47155    0.0    0.0    0.0    0.0    0.0    0.0    0.1    0.1    0.2    0.0    0.0    0.0    1.0    0.0
47156    0.0    0.0    0.0    0.0    0.0    0.2    0.2    0.1    0.8    2.2    0.0    4.4    0.3    1.8
47159    0.0    0.0    0.0    0.0    0.0    0.0    0.0    0.0    0.1    0.0    0.0    0.0    0.5    0.1
47162    0.0    0.0    0.0    0.0    0.0    0.0    0.1    0.1    0.2    0.0    0.0    0.0    0.6    0.0
47165    0.0    0.0    0.0    0.0    0.0    0.1    0.3    0.1    2.1    1.8    2.0    1.8    0.1    1.7
47168    0.0    0.0    0.0    0.0    0.0    0.0    0.1    0.1    0.1    0.0    0.0    0.0    0.3    0.0
47169    0.0    0.0    0.0    0.0    0.0    0.3    0.9    0.0    0.3    5.5    0.3    1.5    3.3    0.0
47170    0.0    0.0    0.0    0.0    0.0    0.0    0.1    0.1    0.2    0.0    0.0    0.1    3.8    0.0
47172    0.0    0.0    0.0    0.0    0.0    0.2    0.0    0.1    0.0    2.3    0.5    1.7    6.3    8.1
47174    0.0    0.0    0.0    0.0    0.0    0.0    0.2    0.1    0.3    0.0    0.3    0.0    3.4    0.2
47175    0.0    0.0    0.0    0.0    0.0    0.0    0.2    0.0    0.1    0.1    1.5    0.0    1.5    0.4
47184    0.0    0.0    0.0    0.0    0.0    0.0    0.0    0.0    0.0    0.0    0.0    0.5    1.0    0.0
47185    0.0    0.0    0.0    0.0    0.0    0.0    0.0    0.0    0.0    0.0    0.0    0.5    0.9    0.0
47188    0.0    0.0    0.0    0.0    0.0    0.0    0.0    0.0    0.0    0.0    0.0    0.5    0.4    0.0
47189    0.0    0.0    0.0    0.0    0.0    0.0    0.0    0.0    0.0    0.0    0.0    0.1    0.5    0.0
47192    0.0    0.0    0.0    0.0    0.0    0.0    0.2    0.2    0.6    0.0    0.1    0.0    0.3    0.2
47201    0.0    0.0    0.1    0.0    0.0    0.1    0.0    0.0    0.0    0.0    0.1    0.7    2.1    0.0
47202    0.0    0.0    0.0    0.0    0.0    0.0    0.0    0.0    0.0    0.0    0.0    1.6    7.3    0.0
47203    0.0    0.0    0.0    0.0    0.0    0.0    0.0    0.0    0.0    0.0    0.1    1.9    5.0    0.0
47211    0.0    0.0    0.0    0.0    0.0    0.0    0.0    0.0    0.0    0.0    0.0    2.0    6.9    0.0
47212    0.0    0.1    0.0    0.0    0.0    0.0    0.0    0.0    0.1    0.0    0.0    1.2    8.9    0.0
47216    0.0    0.0    0.0    0.0    0.0    0.0    0.0    0.1    0.0    0.0    0.9    2.7    8.9    0.0
47217    0.0    0.0    0.0    0.0    0.0    0.0    0.0    0.0    0.0    0.0    0.5    1.8    7.8    2.4
47221    0.0    0.0    0.0    0.0    0.0    0.0    0.0    0.0    0.0    0.0    0.2    4.5    6.5    1.3
47226    0.0    0.0    0.0    0.0    0.0    0.0    0.1    0.0    0.0    0.1    1.3    7.4    5.2    0.8
47232    0.0    0.0    0.0    0.0    0.0    0.0    0.0    0.1    0.1    0.0    0.1    1.6    2.6    0.0
47235    0.0    0.0    0.0    0.0    0.0    0.0    0.2    0.0    0.0    1.0    2.3    2.1    1.5    0.0
47236    0.0    0.0    0.0    0.0    0.0    0.0    0.1    0.0    0.0    0.9    2.8    8.8    2.4    0.8
47238    0.0    0.0    0.0    0.0    0.0    0.0    0.1    0.0    0.0    0.8    2.4    4.1    6.6    0.6
47243    0.0    0.0    0.0    0.0    0.0    0.0    0.1    0.0    0.0    1.9    1.7    1.2    4.5    0.6
47244    0.0    0.0    0.0    0.0    0.0    0.0    0.3    0.1    0.0    1.7    3.2    3.0    0.9    9.2
47245    0.0    0.0    0.0    0.0    0.0    0.1    0.0    0.1    0.0    2.1    2.4    0.6    9.9    0.2
47247    0.0    0.0    0.0    0.0    0.0    0.1    0.3    0.1    0.0    3.2    0.8    4.7    1.8    5.0
47248    0.0    0.0    0.0    0.0    0.0    0.0    0.3    0.1    0.0    2.4    2.3    4.2    1.4    9.9
47251    0.0    0.0    0.0    0.0    0.0    0.2    0.0    0.1    0.0    2.5    1.4    0.9   10.4    1.0
47252    0.0    0.0    0.0    0.0    0.0    0.2    0.0    0.0    0.0    2.1    0.6    0.9    8.3    3.0
47253    0.0    0.0    0.0    0.0    0.0    0.0    0.1    0.0    0.2    0.0    0.0    0.0    0.3    0.0
47254    0.0    0.0    0.0    0.0    0.0    0.1    0.2    0.0    0.0    1.9    1.8    3.1    0.9    6.7
47255    0.0    0.0    0.0    0.0    0.0    0.0    0.1    0.1    0.2    0.0    0.0    0.0    0.7    0.0
47257    0.0    0.0    0.0    0.0    0.0    0.0    0.0    0.0    0.2    0.0    0.0    0.0    0.1    0.1
47258    0.0    0.0    0.0    0.0    0.0    0.0    0.1    0.1    0.1    0.0    0.1    0.2    2.1    0.1
47259    0.0    0.0    0.0    0.0    0.0    0.0    0.1    0.1    0.2    0.0    0.0    0.3    4.0    0.2
47260    0.0    0.0    0.0    0.0    0.0    0.0    0.1    0.1    0.2    0.0    0.0    0.3    4.0    0.2
47261    0.0    0.0    0.0    0.0    0.0    0.0    0.2    0.0    0.1    0.1    1.5    0.0    1.5    0.4
47262    0.0    0.0    0.0    0.0    0.0    0.0    0.1    0.1    0.1    0.0    0.1    0.2    2.1    0.1
47263    0.0    0.0    0.0    0.0    0.0    0.0    0.2    0.2    0.6    0.0    0.1    0.0    0.3    0.2
47264    0.0    0.0    0.0    0.0    0.0    0.0    0.2    0.1    0.0    3.5    0.0    2.7    1.2    7.2
47266    0.0    0.0    0.0    0.0    0.0    0.0    0.2    0.1    0.2    0.0    0.1    0.1    1.1    0.0
47271    0.0    0.0    0.0    0.0    0.0    0.0    0.1    0.1    0.0    0.1    1.3    8.2    0.8    0.3
47272    0.0    0.0    0.0    0.0    0.0    0.0    0.0    0.1    0.0    0.1    4.2    7.3    2.3    1.3
47273    0.0    0.0    0.0    0.0    0.0    0.0    0.1    0.0    0.0    0.1    2.6    7.1    5.1    0.4
47276    0.0    0.0    0.0    0.0    0.0    0.0    0.1    0.1    0.0    0.0    2.2    2.3    5.8    0.5
47277    0.0    0.0    0.0    0.0    0.0    0.0    0.0    0.2    0.0    0.0    5.2    2.5    3.4    1.9
47278    0.0    0.0    0.0    0.0    0.0    0.0    0.2    0.0    0.0    0.0    3.6    2.4    4.0    0.5
47279    0.0    0.0    0.0    0.0    0.0    0.0    0.2    0.0    0.0    0.8    3.7    2.7    0.7    6.5
47281    0.0    0.0    0.0    0.0    0.0    0.0    0.1    0.1    0.0    1.8    0.8    0.0    1.6    5.5
47283    0.0    0.0    0.0    0.0    0.0    0.0    0.1    0.1    0.0    1.3    0.5    0.1    3.9    0.0
47284    0.0    0.0    0.0    0.0    0.0    0.0    0.2    0.1    0.0    3.1    0.0    1.3    0.5    3.1
47285    0.0    0.0    0.0    0.0    0.0    0.0    0.1    0.2    0.1    1.4    0.1    0.0    0.2    0.3
47288    0.0    0.0    0.0    0.0    0.0    0.0    0.2    0.1    0.3    0.1    0.2    0.0    1.0    0.0
47289    0.0    0.0    0.0    0.0    0.0    0.0    0.1    0.1    0.3    1.1    0.1    0.0    0.3    0.9
47294    0.0    0.0    0.0    0.0    0.0    0.0    0.0    0.0    0.1    0.0    0.0    0.0    0.9    0.1
47295    0.0    0.0    0.0    0.0    0.0    0.0    0.0    0.1    0.2    0.0    0.0    0.0    0.6    0.1
  300    0.0    0.0    0.0    0.0    0.0    0.0    0.2    0.0    0.0    2.3    0.1    4.4    5.0    0.1
  301    0.0    0.0    0.0    0.0    0.0    0.3    0.0    0.0    0.0    2.0    0.0    1.1    5.1    1.0
  302    0.0    0.0    0.0    0.0    0.0    0.1    0.2    0.1    2.6    0.8    2.6    0.0    2.3    3.5
  303    0.0    0.0    0.0    0.0    0.0    0.1    0.1    0.0    2.9    1.6    0.0    0.1    3.7    0.9
  304    0.0    0.0    0.0    0.0    0.0    0.0    0.0    0.0    0.2    0.1    0.0    0.9    2.9    1.0
  305    0.0    0.0    0.0    0.0    0.0    0.0    0.0    0.0    0.0    0.0    0.0    0.1    1.3    0.2
  306    0.0    0.0    0.0    0.0    0.0    0.0    0.0    0.0    0.0    0.0    0.0    0.0    2.0    0.0
  307    0.0    0.0    0.0    0.0    0.0    0.0    0.0    0.0    0.0    0.0    0.0    0.1    1.6    0.2
  310    0.0    0.0    0.0    0.0    0.0    0.0    0.0    0.1    0.0    0.0    1.0    1.8   10.1    0.0
  311    0.0    0.0    0.0    0.0    0.0    0.0    0.3    0.0    0.0    1.7    4.3    3.0    0.3   11.0
  312    0.0    0.0    0.0    0.0    0.0    0.0    0.1    0.1    0.0    0.0    2.2    2.3    5.8    0.5
  313    0.0    0.0    0.0    0.0    0.0    0.0    0.0    0.0    0.1    0.0    0.0    0.2    0.5    0.1
  314    0.0    0.0    0.0    0.0    0.0    0.0    0.2    0.0    0.0    0.3    4.1    1.4    4.2    2.3
  315    0.0    0.0    0.0    0.0    0.0    0.0    0.3    0.1    0.2    3.3    0.5    0.5    1.9    0.1
  316    0.0    0.0    0.0    0.0    0.0    0.0    0.3    0.0    1.5    1.5    0.1    1.6    6.5    0.0
  317    0.0    0.0    0.0    0.0    0.0    0.0    0.2    0.0    0.0    2.0    2.3    0.4   11.4    0.0
  318    0.0    0.0    0.0    0.0    0.0    0.0    0.0    0.0    0.0    0.0    0.2    0.7    5.7    0.4
  319    0.0    0.0    0.0    0.0    0.0    0.0    0.0    0.1    0.0    0.0    0.3    1.7   10.9    2.6
  320    0.0    0.0    0.0    0.0    0.0    0.0    0.0    0.0    0.0    0.0    0.0    2.0    6.3    0.0
  321    0.0    0.0    0.0    0.0    0.0    0.0    0.0    0.0    0.0    0.0    0.0    2.0    6.9    0.0
  322    0.0    0.0    0.0    0.0    0.0    0.0    0.1    0.0    0.1    0.0    0.0    0.7    4.6    0.0
  323    0.0    0.0    0.0    0.0    0.0    0.0    0.1    0.0    0.1    0.0    0.0    0.7    4.6    0.0
  324    0.0    0.0    0.0    0.0    0.0    0.0    0.0    0.0    0.0    0.0    0.2    4.5   10.6    0.2
  325    0.0    0.0    0.0    0.0    0.0    0.0    0.0    0.1    0.0    0.0    0.2    3.4    6.4    0.5
  326    0.0    0.0    0.0    0.0    0.0    0.0    0.0    0.0    0.0    0.0    0.0    1.6    9.6    0.0
  327    0.0    0.0    0.0    0.0    0.0    0.0    0.1    0.0    0.0    0.0    0.8    4.9    3.0    0.8
  328    0.0    0.0    0.0    0.0    0.0    0.0    0.0    0.0    0.0    0.0    0.0    0.9    0.4    0.0
  329    0.0    0.0    0.0    0.0    0.0    0.0    0.0    0.0    0.0    0.0    0.0    1.5    0.4    0.0
  330    0.0    0.0    0.0    0.0    0.0    0.0    0.0    0.0    0.0    0.0    0.0    0.1    0.5    0.0
  351    0.0    0.1    0.0    0.0    0.0    0.0    0.0    0.0    0.0    0.0    0.0    1.0   14.5    3.6
  352    0.0    0.1    0.0    0.0    0.0    0.0    0.0    0.0    0.0    0.0    0.0    1.0   14.5    3.6
  353    0.1    0.0    0.0    0.0    0.0    0.1    0.0    0.0    0.0    0.0    0.0    0.9    5.7    3.9
  354    0.0    0.0    0.0    0.0    0.0    0.0    0.0    0.0    0.1    0.0    0.1    1.4    2.3    0.0
  355    0.0    0.0    0.0    0.0    0.0    0.0    0.0    0.0    0.0    0.0    0.1    2.4    1.9    0.0
  356    0.0    0.0    0.0    0.0    0.0    0.0    0.0    0.0    0.0    0.0    0.1    2.4    1.9    0.0
  357    0.0    0.0    0.0    0.0    0.0    0.0    0.0    0.0    0.1    0.0    0.1    1.4    2.3    0.0
  358    0.0    0.0    0.0    0.0    0.0    0.0    0.0    0.0    0.1    0.0    0.1    1.1    2.5    0.0
  359    0.0    0.0    0.0    0.0    0.0    0.0    0.0    0.0    0.0    0.0    0.0    0.7   10.5    0.0
  360    0.0    0.1    0.0    0.0    0.0    0.0    0.0    0.0    0.0    0.0    0.0    1.1    8.8    0.0
  361    0.0    0.1    0.0    0.0    0.0    0.0    0.0    0.0    0.0    0.0    0.0    0.6    6.0    0.0
  362    0.0    0.0    0.0    0.0    0.0    0.0    0.0    0.0    0.0    0.0    0.3    1.8   35.4    0.0
  364    0.0    0.0    0.0    0.0    0.0    0.0    0.0    0.0    0.0    0.0    0.4    1.1   10.4    0.0
  365    0.0    0.0    0.0    0.0    0.0    0.0    0.0    0.0    0.0    0.0    0.0    1.1    9.8    0.0
  366    0.0    0.0    0.0    0.0    0.0    0.0    0.0    0.0    0.0    0.0    0.3    1.8   35.4    0.0
  367    0.0    0.0    0.0    0.0    0.0    0.0    0.0    0.0    0.0    0.0    0.0    0.7    4.9    0.0
  368    0.0    0.1    0.0    0.0    0.0    0.0    0.0    0.0    0.0    0.0    0.0    1.1    8.8    0.0
  369    0.0    0.0    0.0    0.0    0.0    0.0    0.0    0.0    0.0    0.0    0.0    1.1    9.8    0.0
  370    0.0    0.0    0.0    0.0    0.0    0.0    0.0    0.0    0.0    0.0    0.1    5.4    2.1    0.0
  371    0.0    0.0    0.0    0.0    0.0    0.0    0.0    0.0    0.0    0.0    0.1    3.9   39.4    0.0
  372    0.0    0.1    0.0    0.0    0.0    0.0    0.0    0.0    0.0    0.0    0.0    1.0   14.5    3.6
  373    0.0    0.1    0.0    0.0    0.0    0.1    0.0    0.0    0.0    0.0    0.0    1.1    3.0    0.0
  374    0.0    0.0    0.0    0.0    0.0    0.0    0.0    0.0    0.0    0.0    0.1    2.4    1.9    0.0
  375    0.0    0.1    0.0    0.0    0.0    0.0    0.0    0.0    0.0    0.0    0.0    1.0   14.5    3.6
  380    0.0    0.0    0.0    0.0    0.0    0.0    0.0    0.0    0.0    0.0    0.0    0.7    2.9    1.2
  381    0.0    0.0    0.0    0.0    0.0    0.1    0.0    0.0    0.1    0.0    0.0    0.5   28.9    0.0
  382    0.0    0.0    0.0    0.0    0.0    0.0    0.0    0.0    0.0    0.0    0.0    0.8    7.9    0.0
  383    0.0    0.0    0.0    0.0    0.0    0.0    0.0    0.0    0.0    0.0    0.0    1.1    6.4    0.0
  384    0.0    0.0    0.0    0.0    0.0    0.0    0.0    0.0    0.0    0.0    0.0    0.8    7.9    0.0
  385    0.0    0.0    0.0    0.0    0.0    0.0    0.0    0.0    0.0    0.0    0.2    0.3    5.9    0.0
  387    0.0    0.0    0.0    0.0    0.0    0.0    0.0    0.0    0.0    0.0    0.1    3.1    0.9    0.0
  388    0.0    0.0    0.0    0.0    0.0    0.0    0.2    0.0    0.0    0.0    1.5    3.8    1.3    0.7
  389    0.0    0.0    0.0    0.0    0.0    0.0    0.0    0.1    0.0    0.1    4.2    7.3    2.3    1.3
  390    0.0    0.0    0.0    0.0    0.0    0.0    0.1    0.0    0.0    0.8    2.4    4.1    6.6    0.6
  391    0.0    0.0    0.0    0.0    0.0    0.0    0.2    0.0    0.0    1.5    3.9    3.4    0.5    9.0
  392    0.0    0.0    0.0    0.0    0.0    0.0    0.0    0.0    0.0    0.0    0.0    0.3    8.9    0.0
  393    0.0    0.0    0.0    0.0    0.0    0.0    0.1    0.1    0.0    0.1    2.3    5.9    3.7    1.5
  394    0.0    0.0    0.0    0.0    0.0    0.0    0.2    0.1    0.2    0.6    0.1    0.0    0.8    0.0
  395    0.0    0.1    0.0    0.0    0.0    0.0    0.0    0.0    0.0    0.0    0.0    1.4   43.2    0.0
  396    0.0    0.0    0.0    0.0    0.0    0.0    0.0    0.0    0.1    0.0    0.1    1.5    3.6    0.0
  397    0.0    0.1    0.0    0.0    0.0    0.0    0.0    0.0    0.1    0.0    0.0    1.2    8.9    0.0
  398    0.0    0.1    0.0    0.0    0.0    0.0    0.0    0.0    0.0    0.0    0.0    1.0   14.5    3.6
  399    0.0    0.1    0.0    0.0    0.0    0.0    0.0    0.0    0.0    0.0    0.0    0.5    8.6    0.0
  400    0.0    0.0    0.0    0.0    0.0    0.0    0.0    0.0    0.0    0.0    0.4    1.1   10.4    0.0
  401    0.0    0.0    0.0    0.0    0.0    0.0    0.0    0.0    0.0    0.0    0.4    1.1   10.4    0.0
  402    0.0    0.1    0.0    0.0    0.0    0.0    0.0    0.0    0.0    0.0    0.0    1.4   43.2    0.0
  403    0.0    0.0    0.0    0.0    0.0    0.0    0.0    0.0    0.0    0.0    0.4    1.1   10.4    0.0
  404    0.0    0.0    0.0    0.0    0.0    0.0    0.0    0.0    0.0    0.0    0.4    0.7    5.7    0.0
  405    0.0    0.0    0.0    0.0    0.0    0.0    0.0    0.0    0.0    0.0    0.4    0.7    5.7    0.0
  406    0.0    0.2    0.1    0.0    0.0    0.0    0.0    0.0    0.0    0.0    0.1    0.9    4.1    0.0
  407    0.0    0.2    0.1    0.0    0.0    0.0    0.0    0.0    0.0    0.0    0.1    0.9    4.1    0.0
  408    0.0    0.2    0.1    0.0    0.0    0.0    0.0    0.0    0.0    0.0    0.1    0.9    4.1    0.0
  409    0.0    0.2    0.1    0.0    0.0    0.0    0.0    0.0    0.0    0.0    0.1    0.9    4.1    0.0
  410    0.0    0.0    0.0    0.0    0.0    0.0    0.0    0.0    0.0    0.0    0.4    0.7    5.7    0.0
  411    0.0    0.0    0.0    0.0    0.0    0.0    0.0    0.0    0.0    0.0    0.4    0.7    5.7    0.0
  412    0.0    0.3    0.3    0.0    0.0    0.0    0.0    0.0    0.0    0.0    0.1    0.8    3.5    0.0
  413    0.0    0.0    0.0    0.0    0.0    0.0    0.0    0.0    0.0    0.0    0.4    1.1   10.4    0.0
  414    0.0    0.2    0.1    0.0    0.0    0.0    0.0    0.0    0.0    0.0    0.1    0.9    4.1    0.0
  415    0.0    0.0    0.0    0.0    0.0    0.0    0.0    0.0    0.0    0.0    0.4    1.1   10.4    0.0
  416    0.0    0.3    0.3    0.0    0.0    0.0    0.0    0.0    0.0    0.0    0.1    0.8    3.5    0.0
  417    0.0    0.0    0.0    0.0    0.0    0.0    0.0    0.0    0.0    0.0    0.4    0.7    5.7    0.0
  418    0.0    0.0    0.0    0.0    0.0    0.0    0.0    0.0    0.0    0.0    0.4    0.7    5.7    0.0
  419    0.0    0.0    0.0    0.0    0.0    0.0    0.0    0.0    0.0    0.0    0.0    2.1   13.8    0.0
  421    0.0    0.0    0.0    0.0    0.0    0.0    0.0    0.0    0.0    0.0    0.4    1.1   10.4    0.0
  422    0.0    0.1    0.0    0.0    0.0    0.0    0.0    0.0    0.0    0.0    0.0    1.0    3.3    0.0
  423    0.0    0.0    0.0    0.0    0.0    0.0    0.0    0.0    0.0    0.0    0.0    0.5    4.2    0.0
  424    0.0    0.2    0.1    0.0    0.0    0.0    0.0    0.0    0.0    0.0    0.1    0.9    4.1    0.0
  425    0.0    0.0    0.0    0.0    0.0    0.0    0.0    0.0    0.0    0.0    0.4    1.1   10.4    0.0
  430    0.0    0.0    0.0    0.0    0.0    0.0    0.0    0.0    0.0    0.0    0.1    3.1   13.1    0.0
  431    0.0    0.3    0.3    0.0    0.0    0.0    0.0    0.0    0.0    0.0    0.1    0.8    3.5    0.0
  432    0.0    0.0    0.0    0.0    0.0    0.0    0.0    0.0    0.0    0.0    0.1    3.1   13.1    0.0
  433    0.0    0.0    0.0    0.0    0.0    0.0    0.0    0.0    0.0    0.0    0.0    0.5    4.2    0.0
  434    0.0    0.0    0.0    0.0    0.0    0.0    0.0    0.0    0.0    0.0    0.0    1.1    9.8    0.0
  435    0.0    0.0    0.0    0.0    0.0    0.0    0.0    0.0    0.0    0.0    0.1    3.1    0.9    0.0
  436    0.0    0.0    0.0    0.0    0.0    0.0    0.0    0.0    0.0    0.0    0.1   10.7    1.3    0.0
  437    0.0    0.0    0.0    0.0    0.0    0.0    0.0    0.0    0.0    0.0    0.4    0.7    5.7    0.0
  438    0.0    0.0    0.0    0.0    0.0    0.0    0.0    0.0    0.0    0.0    0.0    1.1    9.8    0.0
  439    0.0    0.0    0.0    0.0    0.0    0.0    0.0    0.0    0.0    0.0    0.0    5.7    0.4    0.0
  440    0.0    0.0    0.0    0.0    0.0    0.0    0.0    0.0    0.0    0.0    0.1    1.9    5.0    0.0
  441    0.0    0.1    0.0    0.0    0.0    0.0    0.0    0.0    0.0    0.0    0.0    0.7    3.2    0.0
  442    0.0    0.1    0.0    0.0    0.0    0.0    0.0    0.0    0.0    0.0    0.0    1.4   43.2    0.0
  443    0.0    0.0    0.0    0.0    0.0    0.0    0.0    0.0    0.0    0.0    0.2    2.7    2.4    0.0
  444    0.0    0.1    0.0    0.0    0.0    0.0    0.0    0.0    0.0    0.0    0.0    1.4   43.2    0.0
  445    0.0    0.0    0.0    0.0    0.0    0.0    0.0    0.0    0.0    0.0    0.1    3.1   13.1    0.0
  446    0.0    0.0    0.0    0.0    0.0    0.0    0.0    0.0    0.0    0.0    0.0    5.7    0.4    0.0
  447    0.0    0.0    0.0    0.0    0.0    0.0    0.0    0.0    0.1    0.0    0.1    1.6    2.6    0.0
  448    0.0    0.0    0.0    0.0    0.0    0.0    0.0    0.0    0.0    0.0    0.1    1.6   18.1    0.0
  449    0.0    0.0    0.0    0.0    0.0    0.0    0.0    0.0    0.0    0.0    0.0    1.6    7.3    0.0
  450    0.0    0.3    0.3    0.0    0.0    0.0    0.0    0.0    0.0    0.0    0.1    0.8    3.5    0.0
  451    0.0    0.1    0.0    0.0    0.0    0.0    0.0    0.0    0.0    0.0    0.0    1.1    8.8    0.0
  452    0.0    0.0    0.0    0.0    0.0    0.0    0.0    0.0    0.0    0.0    0.0    0.7   10.5    0.0
  453    0.0    0.0    0.0    0.0    0.0    0.0    0.0    0.0    0.0    0.0    0.0    1.1    9.8    0.0
  454    0.0    0.0    0.0    0.0    0.0    0.0    0.0    0.0    0.0    0.0    0.0    0.7   10.5    0.0
  455    0.0    0.1    0.0    0.0    0.0    0.0    0.0    0.0    0.0    0.0    0.0    0.9    4.1    0.0
  456    0.0    0.1    0.0    0.0    0.0    0.0    0.0    0.0    0.0    0.0    0.0    0.6    6.0    0.0
  457    0.0    0.1    0.0    0.0    0.0    0.0    0.0    0.0    0.0    0.0    0.0    1.4   43.2    0.0
  458    0.0    0.0    0.0    0.0    0.0    0.0    0.0    0.0    0.0    0.0    0.0    1.6    7.3    0.0
  459    0.0    0.0    0.0    0.0    0.0    0.0    0.0    0.0    0.0    0.0    0.3    1.8   35.4    0.0
  460    0.0    0.0    0.0    0.0    0.0    0.0    0.0    0.0    0.0    0.0    0.1    1.6   18.1    0.0
  461    0.0    0.0    0.0    0.0    0.0    0.0    0.0    0.0    0.0    0.0    0.1   10.7    1.3    0.0
  462    0.0    0.0    0.0    0.0    0.0    0.0    0.0    0.0    0.0    0.0    0.1    2.2    1.8    0.0
  463    0.0    0.0    0.0    0.0    0.0    0.0    0.0    0.0    0.1    0.0    0.1    1.5    3.6    0.0
  464    0.0    0.0    0.0    0.0    0.0    0.0    0.0    0.0    0.0    0.0    0.1    1.9    1.8    0.3
  465    0.0    0.0    0.0    0.0    0.0    0.0    0.1    0.0    0.1    0.0    0.1    1.8    3.7    0.7
  466    0.0    0.0    0.0    0.0    0.0    0.0    0.0    0.0    0.1    0.0    0.1    1.5    3.6    0.0
  467    0.0    0.0    0.0    0.0    0.0    0.0    0.0    0.0    0.0    0.0    0.2    3.1    2.5    0.0
  468    0.0    0.0    0.0    0.0    0.0    0.0    0.0    0.0    0.0    0.0    0.2    3.1    2.5    0.0
  469    0.0    0.0    0.0    0.0    0.0    0.0    0.0    0.0    0.0    0.0    0.2    2.4    1.2    0.1
  470    0.0    0.0    0.0    0.0    0.0    0.0    0.0    0.0    0.0    0.0    0.2    2.7    2.4    0.0
  471    0.0    0.0    0.0    0.0    0.0    0.0    0.0    0.0    0.0    0.0    0.1    2.4    1.9    0.0
  472    0.0    0.0    0.0    0.0    0.0    0.0    0.0    0.0    0.1    0.0    0.1    1.1    2.5    0.0
  473    0.0    0.1    0.0    0.0    0.0    0.1    0.0    0.0    0.0    0.0    0.0    1.1    3.0    0.0
  474    0.0    0.2    0.0    0.0    0.0    0.0    0.0    0.0    0.0    0.0    0.0    0.7    6.4    0.0
  475    0.0    0.2    0.0    0.0    0.0    0.0    0.0    0.0    0.0    0.0    0.0    0.5    8.0    0.0
  476    0.0    0.2    0.0    0.0    0.0    0.0    0.0    0.0    0.0    0.0    0.0    0.7    6.4    0.0
  477    0.0    0.0    0.0    0.0    0.0    0.0    0.0    0.0    0.0    0.0    0.0    0.7   10.5    0.0
  478    0.0    0.1    0.0    0.0    0.0    0.0    0.0    0.0    0.0    0.0    0.0    0.6    6.0    0.0
  479    0.0    0.0    0.0    0.0    0.0    0.0    0.0    0.0    0.0    0.0    0.0    0.6    4.5    0.0
  480    0.0    0.1    0.0    0.0    0.0    0.0    0.0    0.0    0.0    0.0    0.0    0.6    6.0    0.0
  481    0.0    0.0    0.0    0.0    0.0    0.0    0.0    0.0    0.0    0.0    0.0    0.7    2.9    1.2
  482    0.0    0.3    0.2    0.0    0.0    0.1    0.0    0.0    0.0    0.0    0.0    1.1    3.2    0.0
  483    0.0    0.0    0.0    0.0    0.0    0.0    0.0    0.0    0.0    0.0    0.0    0.7    3.0    0.0
  484    0.0    0.1    0.0    0.0    0.0    0.0    0.0    0.0    0.0    0.0    0.0    1.1    5.4    0.0
  485    0.0    0.0    0.0    0.0    0.0    0.0    0.0    0.0    0.0    0.0    0.0    1.6    7.3    0.0
  486    0.0    0.1    0.0    0.0    0.0    0.0    0.0    0.0    0.0    0.0    0.0    1.1    5.4    0.0
  487    0.0    0.0    0.0    0.0    0.0    0.0    0.0    0.0    0.0    0.0    0.0    0.7    2.5    0.0
  488    0.0    0.0    0.0    0.0    0.0    0.0    0.0    0.0    0.0    0.0    0.1    1.6    1.7    0.0
  489    0.0    0.0    0.0    0.0    0.0    0.0    0.0    0.0    0.0    0.0    0.1    1.6    1.7    0.0
  490    0.0    0.1    0.0    0.0    0.0    0.0    0.0    0.0    0.0    0.0    0.0    0.6    6.0    0.0
  491    0.0    0.1    0.0    0.0    0.0    0.0    0.0    0.0    0.0    0.0    0.0    0.6    6.0    0.0
  492    0.0    0.0    0.0    0.0    0.0    0.0    0.0    0.0    0.0    0.0    0.0    1.1    9.8    0.0
  495    0.0    0.0    0.0    0.0    0.0    0.0    0.0    0.0    0.1    0.0    0.1    2.1    1.7    0.0
  496    0.0    0.0    0.0    0.0    0.0    0.0    0.1    0.0    0.0    0.1    1.9    8.7    2.4    0.9
  497    0.0    0.0    0.0    0.0    0.0    0.0    0.0    0.0    0.0    0.0    0.1    0.3    6.0    0.0
  498    0.0    0.0    0.0    0.0    0.0    0.1    0.0    0.0    0.0    0.0    0.1    0.1    6.0    0.0
  499    0.0    0.1    0.0    0.0    0.0    0.0    0.0    0.0    0.0    0.0    0.0    0.5    7.5    0.0
  500    0.0    0.0    0.0    0.0    0.0    0.1    0.0    0.0    0.0    0.0    0.0    0.7    1.7    0.0
  501    0.0    0.0    0.0    0.0    0.0    0.2    0.0    0.0    0.0    0.0    0.1    0.2    0.3    0.0
  502    0.0    0.0    0.0    0.0    0.0    0.1    0.0    0.0    0.0    0.0    0.1    0.7    1.6    0.0
  503    0.0    0.0    0.0    0.0    0.0    0.0    0.0    0.0    0.0    0.0    0.0    0.7    2.5    0.0
  504    0.0    0.0    0.0    0.0    0.0    0.0    0.0    0.0    0.0    0.0    0.0    0.7   10.5    0.0
  505    0.0    0.1    0.0    0.0    0.0    0.0    0.0    0.0    0.0    0.0    0.0    1.0    3.3    0.0
  506    0.0    0.0    0.2    0.0    0.0    0.1    0.0    0.0    0.0    0.0    0.0    0.9    3.1    0.0
  507    0.0    0.1    0.0    0.0    0.0    0.0    0.0    0.0    0.0    0.0    0.0    0.6    6.0    0.0
  508    0.0    0.0    0.0    0.0    0.0    0.1    0.0    0.0    0.0    0.0    0.0    0.7    1.7    0.0
  509    0.0    0.0    0.0    0.0    0.0    0.0    0.0    0.0    0.0    0.0    0.0    1.1    9.8    0.0
  510    0.0    0.0    0.0    0.0    0.0    0.0    0.0    0.0    0.0    0.0    0.4    0.7    5.7    0.0
  511    0.0    0.1    0.0    0.0    0.0    0.0    0.0    0.0    0.0    0.0    0.0    0.7    3.2    0.0
  512    0.0    0.0    0.0    0.0    0.0    0.0    0.0    0.0    0.0    0.0    0.0    0.7    4.9    0.0
  513    0.0    0.0    0.1    0.0    0.0    0.0    0.0    0.1    0.0    0.0    0.0    0.6    2.1    0.0
  514    0.0    0.0    0.0    0.0    0.0    0.0    0.0    0.0    0.0    0.0    0.0    0.7    4.9    0.0
  515    0.0    0.0    0.0    0.0    0.0    0.0    0.0    0.0    0.0    0.0    0.1    1.6    2.3    0.0
  516    0.0    0.0    0.0    0.0    0.0    0.0    0.0    0.0    0.1    0.0    0.1    2.1    1.7    0.0
  517    0.0    0.0    0.0    0.0    0.0    0.0    0.0    0.0    0.0    0.0    0.0    0.3    9.6    0.0
  518    0.0    0.0    0.0    0.0    0.0    0.0    0.0    0.0    0.1    0.0    0.0    3.0    4.2    0.0
  519    0.0    0.0    0.0    0.0    0.0    0.0    0.0    0.0    0.0    0.0    0.0    0.9    8.1    0.0
  520    0.0    0.0    0.0    0.0    0.0    0.0    0.0    0.0    0.0    0.0    0.0    0.1    9.0    0.0
  521    0.0    0.0    0.0    0.0    0.0    0.0    0.0    0.0    0.0    0.0    0.0    0.1    9.0    0.0
  522    0.0    0.0    0.0    0.0    0.0    0.0    0.0    0.0    0.0    0.0    0.0    0.8    7.9    0.0
  523    0.0    0.0    0.0    0.0    0.0    0.0    0.0    0.0    0.0    0.0    0.2    0.2    8.3    0.0
  524    0.0    0.0    0.0    0.0    0.0    0.0    0.0    0.0    0.0    0.0    0.2    0.2    8.3    0.0
  525    0.0    0.0    0.0    0.0    0.0    0.0    0.0    0.0    0.0    0.0    0.2    0.7    5.7    0.0
  526    0.0    0.0    0.0    0.0    0.0    0.0    0.0    0.0    0.0    0.0    0.3    1.7    9.0    1.1
  527    0.1    0.0    0.0    0.0    0.0    0.0    0.0    0.0    0.0    0.0    0.5    3.3    6.6    2.6
  528    0.0    0.0    0.0    0.0    0.0    0.0    0.0    0.0    0.0    0.0    0.0    0.0    0.0    0.0
  529    0.0    0.0    0.0    0.0    0.0    0.0    0.0    0.2    0.0    0.0    0.7    3.0   10.8    0.0
  530    0.0    0.0    0.0    0.0    0.0    0.0    0.0    0.2    0.0    0.0    0.3    0.9   12.2    1.4
  531    0.0    0.0    0.0    0.0    0.0    0.0    0.0    0.0    0.0    0.0    0.0    1.1    6.4    0.0
  532    0.0    0.1    0.0    0.0    0.0    0.1    0.0    0.0    0.0    0.0    0.0    1.1    3.0    0.0
  533    0.0    0.1    0.0    0.0    0.0    0.0    0.0    0.0    0.0    0.0    0.0    1.4   43.2    0.0
  534    0.0    0.0    0.0    0.0    0.0    0.0    0.1    0.0    0.1    0.0    0.1    1.8    3.7    0.7
  535    0.1    0.0    0.0    0.0    0.0    0.0    0.0    0.0    0.0    0.0    0.1    0.8    5.3    0.0
  536    0.1    0.0    0.0    0.0    0.0    0.0    0.0    0.0    0.1    0.0    0.2    1.4    3.3    0.0
  537    0.0    0.0    0.0    0.0    0.0    0.0    0.0    0.0    0.0    0.0    0.4    0.7    5.5    0.4
  538    0.0    0.1    0.0    0.0    0.0    0.0    0.0    0.0    0.0    0.0    0.0    0.5    7.5    0.0
  539    0.0    0.2    0.0    0.0    0.0    0.0    0.0    0.0    0.0    0.0    0.0    0.7    6.4    0.0
  540    0.0    0.3    0.3    0.0    0.0    0.0    0.0    0.0    0.0    0.0    0.1    0.8    3.5    0.0
  541    0.0    0.1    0.0    0.0    0.0    0.0    0.0    0.0    0.0    0.0    0.0    1.1    8.8    0.0
  542    0.0    0.1    0.0    0.0    0.0    0.0    0.0    0.0    0.0    0.0    0.0    1.1    8.8    0.0
  543    0.0    0.0    0.0    0.0    0.0    0.0    0.0    0.0    0.0    0.0    0.0    0.7    2.5    0.0
  544    0.0    0.0    0.0    0.0    0.0    0.0    0.0    0.0    0.0    0.0    0.1    1.6    1.7    0.0
  545    0.0    0.0    0.0    0.0    0.0    0.0    0.0    0.0    0.0    0.0    0.1    1.8    8.5    0.0
  546    0.0    0.0    0.0    0.0    0.0    0.0    0.0    0.0    0.0    0.0    0.1    2.1    6.2    0.0
  547    0.0    0.0    0.0    0.0    0.0    0.0    0.0    0.0    0.1    0.0    0.1    1.4    2.6    0.0
  548    0.0    0.0    0.0    0.0    0.0    0.0    0.0    0.0    0.1    0.0    0.1    1.5    3.6    0.0
  549    0.0    0.0    0.0    0.0    0.0    0.0    0.0    0.0    0.0    0.0    0.3    1.8   35.4    0.0
  550    0.0    0.0    0.0    0.0    0.0    0.0    0.0    0.0    0.0    0.0    0.0    5.7    0.4    0.0
  551    0.0    0.0    0.0    0.0    0.0    0.0    0.0    0.0    0.1    0.0    0.1    2.1    1.7    0.0
  552    0.0    0.0    0.0    0.0    0.0    0.1    0.0    0.0    0.1    0.0    0.0    0.5   28.9    0.0
  553    0.0    0.0    0.0    0.0    0.0    0.0    0.0    0.0    0.0    0.0    0.0    0.3    9.6    0.0
  554    0.0    0.0    0.0    0.0    0.0    0.0    0.0    0.0    0.0    0.0    0.0    2.4    5.9    0.0
  555    0.0    0.0    0.0    0.0    0.0    0.0    0.0    0.0    0.0    0.0    0.0    0.9    8.1    0.0
  556    0.0    0.0    0.0    0.0    0.0    0.0    0.0    0.0    0.0    0.0    0.0    0.8    7.9    0.0
  557    0.0    0.0    0.1    0.0    0.0    0.0    0.0    0.0    0.0    0.0    1.8   82.7    0.0    0.0
  558    0.0    0.0    0.0    0.0    0.0    0.0    0.0    0.0    0.1    0.0    0.0    1.4    6.9    0.0
  559    0.0    0.0    0.0    0.0    0.0    0.0    0.0    0.0    0.0    0.0    0.1    0.4    5.3    0.0
  560    0.0    0.0    0.0    0.0    0.0    0.0    0.0    0.0    0.0    0.0    0.2    0.7    6.3    0.1
  561    0.1    0.0    0.0    0.0    0.0    0.0    0.0    0.0    0.0    0.0    0.1    0.9    4.2    0.0
  562    0.0    0.0    0.0    0.0    0.0    0.0    0.0    0.0    0.0    0.0    0.4    3.7    8.4    1.9
  563    0.0    0.0    0.0    0.0    0.0    0.0    0.0    0.0    0.0    0.0    0.2    0.9    7.0    1.1
  565    0.0    0.0    0.0    0.0    0.0    0.0    0.0    0.0    0.0    0.0    0.0    0.7    4.9    0.0
  566    0.0    0.0    0.0    0.0    0.0    0.0    0.0    0.0    0.0    0.0    0.2    0.2    8.3    0.0
  567    0.0    0.0    0.0    0.0    0.0    0.0    0.0    0.0    0.0    0.0    0.0    0.6    4.5    0.0
  568    0.0    0.2    0.0    0.0    0.0    0.0    0.0    0.0    0.0    0.0    0.0    0.7    6.4    0.0
  569    0.0    0.1    0.0    0.0    0.0    0.0    0.0    0.0    0.0    0.0    0.0    1.1    8.8    0.0
  570    0.0    0.0    0.0    0.0    0.0    0.0    0.0    0.0    0.0    0.0    0.0    0.7    2.5    0.0
  571    0.0    0.0    0.0    0.0    0.0    0.0    0.0    0.0    0.0    0.0    0.1    1.6    1.7    0.0
  572    0.0    0.0    0.0    0.0    0.0    0.0    0.0    0.0    0.0    0.0    0.4    1.1   10.4    0.0
  573    0.0    0.0    0.0    0.0    0.0    0.0    0.0    0.0    0.0    0.0    0.1    1.5    4.0    0.0
  574    0.0    0.0    0.0    0.0    0.0    0.0    0.0    0.0    0.1    0.0    0.1    1.5    3.6    0.0
  575    0.0    0.0    0.0    0.0    0.0    0.0    0.0    0.0    0.0    0.0    0.2    3.1    2.5    0.0
  576    0.0    0.0    0.0    0.0    0.0    0.0    0.0    0.0    0.0    0.0    0.1    5.4    2.1    0.0
  577    0.0    0.0    0.0    0.0    0.0    0.1    0.0    0.0    0.0    0.0    0.0    0.7    1.7    0.0
  578    0.0    0.0    0.0    0.0    0.0    0.0    0.0    0.0    0.0    0.0    0.0    0.6    2.4    0.0
  579    0.0    0.0    0.0    0.0    0.0    0.0    0.0    0.1    0.0    0.0    0.7    1.7    9.4    0.0
  580    0.0    0.0    0.0    0.0    0.0    0.0    0.0    0.0    0.0    0.0    0.5    0.8    9.1    0.7
  581    0.0    0.0    0.0    0.0    0.0    0.0    0.0    0.1    0.0    0.0    0.5    4.6    5.4    0.0
  582    0.0    0.0    0.0    0.0    0.0    0.0    0.0    0.1    0.0    0.0    0.1    3.2    6.2    1.3
  583    0.1    0.0    0.0    0.0    0.0    0.0    0.0    0.0    0.0    0.0    0.2    2.1    3.8    0.3
  585    0.0    0.0    0.0    0.0    0.0    0.0    0.0    0.0    0.0    0.0    0.0    0.8    7.9    0.0
  586    0.0    0.0    0.0    0.0    0.0    0.0    0.0    0.0    0.0    0.0    0.0    0.8    7.9    0.0
  587    0.0    0.0    0.0    0.0    0.0    0.0    0.0    0.0    0.0    0.0    0.0    0.7    6.2    0.0
  588    0.0    0.0    0.0    0.0    0.0    0.0    0.0    0.0    0.0    0.0    0.0    1.1    6.4    0.0
  589    0.0    0.0    0.2    0.0    0.0    0.1    0.0    0.0    0.0    0.0    0.0    0.9    3.1    0.0
  590    0.0    0.0    0.0    0.0    0.0    0.0    0.0    0.0    0.0    0.0    0.3    1.8   35.4    0.0
  591    0.1    0.0    0.0    0.0    0.0    0.0    0.0    0.0    0.0    0.0    0.1    2.0    2.3    0.2
  592    0.0    0.0    0.0    0.0    0.0    0.0    0.0    0.0    0.1    0.0    0.1    1.5    3.6    0.0
  593    0.0    0.0    0.0    0.0    0.0    0.0    0.0    0.0    0.0    0.0    0.0    0.1    9.0    0.0
  594    0.0    0.0    0.0    0.0    0.0    0.0    0.0    0.0    0.0    0.0    0.0    2.0    6.9    0.0
  595    0.0    0.0    0.0    0.0    0.0    0.0    0.0    0.0    0.0    0.0    0.0    0.5    8.1    0.0
  596    0.0    0.0    0.0    0.0    0.0    0.0    0.0    0.0    0.0    0.0    0.0    0.1    9.0    0.0
  597    0.0    0.0    0.0    0.0    0.0    0.0    0.0    0.0    0.0    0.0    0.2    0.9    7.0    1.1
  598    0.0    0.3    0.2    0.0    0.0    0.1    0.0    0.0    0.0    0.0    0.0    1.1    3.2    0.0
  599    0.0    0.2    0.1    0.0    0.0    0.0    0.0    0.0    0.0    0.0    0.1    0.9    4.1    0.0
  600    0.0    0.0    0.0    0.0    0.0    0.0    0.0    0.0    0.0    0.0    0.1    2.3    6.9    0.5
  601    0.0    0.0    0.0    0.0    0.0    0.0    0.0    0.0    0.1    0.0    0.3    6.2    6.4    1.6
  602    0.0    0.0    0.0    0.0    0.0    0.0    0.1    0.0    0.0    0.0    0.1    1.8    2.1    0.6
  603    0.0    0.0    0.0    0.0    0.0    0.0    0.0    0.0    0.0    0.0    0.1    2.6    4.4    1.6
  604    0.0    0.0    0.0    0.0    0.0    0.0    0.3    0.0    0.0    0.4    2.1    3.6    9.4    0.3
  605    0.0    0.0    0.0    0.0    0.0    0.0    0.3    0.0    0.0    0.4    2.1    3.6    9.4    0.3
  606    0.0    0.0    0.0    0.0    0.0    0.0    0.0    0.0    0.0    0.0    0.1    1.1    1.2    0.0
  607    0.0    0.0    0.0    0.0    0.0    0.0    0.0    0.0    0.0    0.0    0.2    0.3    1.9    0.0
  608    0.0    0.0    0.0    0.0    0.0    0.0    0.0    0.1    0.0    0.0    0.2    1.0    3.8    0.0
  609    0.0    0.0    0.0    0.0    0.0    0.0    0.1    0.0    0.0    0.3    0.6    0.4    3.9    0.0
  610    0.0    0.0    0.0    0.0    0.0    0.0    0.0    0.1    0.0    0.0    0.2    1.0    3.8    0.0
  611    0.0    0.0    0.0    0.0    0.0    0.0    0.1    0.0    0.0    0.1    1.5    6.1    2.0    0.8
  612    0.0    0.0    0.0    0.0    0.0    0.0    0.2    0.0    0.0    0.1    2.4    7.4    0.8    0.8
  614    0.0    0.0    0.0    0.0    0.0    0.0    0.1    0.0    0.0    1.6    2.4    7.1    3.7    0.5
  615    0.0    0.0    0.0    0.0    0.0    0.0    0.1    0.0    0.0    0.9    2.8    8.8    2.4    0.8
  616    0.0    0.0    0.0    0.0    0.0    0.0    0.0    0.0    0.0    0.0    0.1    1.6    2.1    0.0
  617    0.0    0.0    0.0    0.0    0.0    0.0    0.0    0.0    0.0    0.0    0.1    1.4    2.0    0.0
  618    0.0    0.0    0.0    0.0    0.0    0.0    0.1    0.0    0.0    0.1    1.9    1.0    3.0    0.0
  619    0.0    0.0    0.0    0.0    0.0    0.0    0.0    0.0    0.0    0.0    0.1    2.6    4.4    1.6
  620    0.0    0.0    0.0    0.0    0.0    0.0    0.0    0.0    0.0    0.0    0.1    1.9    1.8    0.3
  621    0.0    0.0    0.0    0.0    0.0    0.0    0.0    0.0    0.0    0.0    0.2    4.5    6.5    1.3
  622    0.0    0.0    0.0    0.0    0.0    0.0    0.0    0.0    0.0    0.0    0.2    4.5    6.3    1.6
  623    0.0    0.0    0.0    0.0    0.0    0.0    0.1    0.0    0.0    0.0    0.8    4.9    3.0    0.8
  624    0.0    0.0    0.0    0.0    0.0    0.0    0.1    0.0    0.0    0.0    0.3    4.7    7.7    1.3
  625    0.0    0.0    0.0    0.0    0.0    0.0    0.1    0.0    0.0    0.2    1.8    4.7   11.2    0.0
  626    0.0    0.0    0.0    0.0    0.0    0.0    0.2    0.0    0.0    0.3    2.1    2.4    6.6    0.0
  627    0.0    0.0    0.0    0.0    0.0    0.0    0.0    0.0    0.0    0.0    0.1    1.1    1.2    0.0
  628    0.0    0.0    0.0    0.0    0.0    0.0    0.0    0.1    0.1    0.0    0.2    1.3    3.9    0.0
  629    0.0    0.0    0.0    0.0    0.0    0.0    0.1    0.0    0.0    0.0    0.1    1.4    1.6    0.1
  630    0.0    0.0    0.0    0.0    0.0    0.0    0.0    0.0    0.0    0.0    0.1    2.4    3.0    0.6
  631    0.0    0.0    0.0    0.0    0.0    0.0    0.0    0.0    0.0    0.0    0.1    1.6    1.7    0.0
  632    0.0    0.0    0.0    0.0    0.0    0.0    0.1    0.0    0.0    0.0    0.2    1.2    4.1    0.0
  633    0.0    0.0    0.0    0.0    0.0    0.0    0.2    0.0    0.0    0.1    2.4    7.4    0.8    0.8
  634    0.0    0.0    0.0    0.0    0.0    0.0    0.0    0.1    0.1    0.0    0.1    1.3    2.9    0.0
  635    0.0    0.0    0.0    0.0    0.0    0.0    0.1    0.0    0.0    1.6    2.3    7.8    4.0    0.7
  636    0.0    0.0    0.0    0.0    0.0    0.0    0.2    0.0    0.0    0.4    2.4    7.3    4.8    0.9
  637    0.0    0.0    0.0    0.0    0.0    0.0    0.1    0.0    0.0    0.0    0.0    0.4    1.8    0.1
  638    0.0    0.0    0.0    0.0    0.0    0.0    0.0    0.0    0.0    0.0    0.4    3.7    8.4    1.9
  639    0.0    0.0    0.0    0.0    0.0    0.0    0.1    0.0    0.0    0.0    0.5    5.7    6.5    0.8
  640    0.0    0.0    0.0    0.0    0.0    0.0    0.1    0.0    0.0    0.0    0.3    4.7    7.7    1.3
  641    0.0    0.0    0.0    0.0    0.0    0.0    0.1    0.0    0.0    0.1    1.3    7.7    3.4    0.9
  642    0.0    0.0    0.0    0.0    0.0    0.0    0.1    0.0    0.0    0.1    1.9    8.7    2.4    0.9
  643    0.0    0.0    0.0    0.0    0.0    0.0    0.1    0.0    0.0    0.1    1.9    8.7    2.4    0.9
  644    0.0    0.0    0.0    0.0    0.0    0.0    0.1    0.0    0.0    1.6    1.9    6.2    4.0    0.7
  645    0.0    0.0    0.0    0.0    0.0    0.0    0.0    0.1    0.0    0.0    0.5    0.2    3.6    0.0
  646    0.0    0.0    0.0    0.0    0.0    0.0    0.1    0.0    0.0    1.7    1.9    4.8    3.3    0.2
  647    0.0    0.0    0.0    0.0    0.0    0.0    0.2    0.0    0.0    0.5    2.3    1.2    8.7    0.0
  648    0.0    0.0    0.0    0.0    0.0    0.0    0.2    0.0    0.0    0.1    1.5    8.0    4.8    0.9
  649    0.0    0.0    0.0    0.0    0.0    0.0    0.0    0.0    0.0    0.0    0.0    0.5    4.2    0.0
  650    0.0    0.0    0.0    0.0    0.0    0.0    0.0    0.0    0.0    0.0    0.0    0.4   15.3    0.0
  651    0.0    0.0    0.0    0.0    0.0    0.0    0.0    0.0    0.0    0.0    0.0    0.4   15.3    0.0
  652    0.0    0.1    0.0    0.0    0.0    0.0    0.0    0.0    0.0    0.0    0.0    0.6    6.0    0.0
  654    0.0    0.0    0.0    0.0    0.0    0.0    0.0    0.0    0.0    0.0    0.0    0.8    2.4    0.1
  655    0.0    0.0    0.0    0.0    0.0    0.0    0.0    0.0    0.0    0.0    0.0    0.0    0.0    0.0
  656    0.0    0.0    0.0    0.0    0.0    0.1    0.0    0.0    0.0    0.0    0.1    0.7    1.6    0.0
  657    0.0    0.0    0.0    0.0    0.0    0.0    0.2    0.0    0.0    1.0    2.3    2.1    1.5    0.0
  658    0.0    0.0    0.0    0.0    0.0    0.0    0.1    0.0    0.0    0.0    0.1    0.1    1.8    0.0
  659    0.0    0.0    0.0    0.0    0.0    0.0    0.1    0.0    0.0    0.8    2.4    4.1    6.6    0.6
  660    0.0    0.0    0.0    0.0    0.0    0.0    0.0    0.0    0.0    0.0    0.2    0.7    5.7    0.0
  661    0.0    0.0    0.0    0.0    0.0    0.0    0.0    0.0    0.0    0.0    0.0    0.3    9.6    0.0
  662    0.0    0.0    0.0    0.0    0.0    0.0    0.0    0.0    0.0    0.0    0.0    0.8    3.7    0.1
  663    0.0    0.0    0.0    0.0    0.0    0.0    0.0    0.1    0.0    0.0    0.0    0.2    0.3    0.0
  664    0.0    0.0    0.0    0.0    0.0    0.0    0.0    0.0    0.0    0.0    0.0    0.8    3.4    0.0
  665    0.0    0.0    0.0    0.0    0.0    0.0    0.0    0.0    0.0    0.0    0.0    0.6    2.4    0.0
  666    0.0    0.0    0.0    0.0    0.0    0.0    0.0    0.1    0.0    0.0    0.0    0.7    1.3    0.0
  667    0.0    0.0    0.0    0.0    0.0    0.0    0.1    0.0    0.0    0.0    0.2    0.2    1.7    0.0
  669    0.0    0.0    0.0    0.0    0.0    0.0    0.2    0.0    0.0    0.5    0.3    0.6    3.3    0.0
  670    0.0    0.0    0.0    0.0    0.0    0.0    0.0    0.0    0.0    0.0    0.0    0.1    9.0    0.0
  671    0.0    0.0    0.0    0.0    0.0    0.0    0.0    0.0    0.0    0.0    0.0    0.1    9.0    0.0
  672    0.0    0.0    0.0    0.0    0.0    0.2    0.0    0.0    0.0    2.0    1.3    0.5   11.2    0.0
  673    0.0    0.0    0.0    0.0    0.0    0.0    0.1    0.2    0.3    0.0    0.0    0.0    1.0    0.0
  674    0.0    0.0    0.0    0.0    0.0    0.0    0.0    0.1    0.0    0.0    0.7    4.1    7.7    0.0
  675    0.0    0.0    0.0    0.0    0.0    0.0    0.0    0.0    0.0    0.0    0.0    1.1    6.4    0.0
  680    0.0    0.0    0.0    0.0    0.0    0.0    0.0    0.0    0.1    0.0    0.0    0.8    7.2    0.0
  681    0.0    0.0    0.0    0.0    0.0    0.0    0.0    0.0    0.0    0.0    0.0    0.7    6.2    0.0
  682    0.0    0.0    0.0    0.0    0.0    0.0    0.0    0.0    0.0    0.0    0.0    1.2    8.1    0.0
  690    0.0    0.0    0.0    0.0    0.0    0.1    0.3    0.0    0.1    3.2    0.2    4.4    1.5    1.0
  691    0.0    0.0    0.0    0.0    0.0    0.0    0.1    0.0    0.0    0.4    2.8    8.8    0.0    0.9
  692    0.0    0.1    0.0    0.0    0.0    0.0    0.0    0.0    0.0    0.0    0.0    0.6    4.7    0.0
  693    0.0    0.0    0.0    0.0    0.0    0.0    0.1    0.0    0.0    0.0    0.3    2.5    3.4    0.7
  694    0.0    0.0    0.0    0.0    0.0    0.0    0.0    0.1    0.0    0.0    0.1    1.1    3.1    0.0
  695    0.0    0.0    0.0    0.0    0.0    0.1    0.0    0.0    0.0    0.0    0.0    0.7    6.7    0.0
  696    0.0    0.0    0.0    0.0    0.0    0.0    0.0    0.0    0.0    0.0    0.5    0.8    9.1    0.7
  697    0.0    0.0    0.0    0.0    0.0    0.1    0.0    0.2    0.1    0.6    0.0    0.1    0.9    7.5
  698    0.0    0.0    0.0    0.0    0.0    0.2    0.0    0.0    0.0    1.8    0.0    1.2    5.9    3.8
  699    0.0    0.0    0.0    0.0    0.0    0.1    0.1    0.0    1.1    3.0    0.1    4.2    0.0    4.3
  700    0.0    0.0    0.0    0.0    0.0    0.0    0.2    0.0    0.0    0.8    0.8    0.0    3.2    0.0
  701    0.0    0.0    0.0    0.0    0.0    0.0    0.2    0.0    0.0    0.4    2.4    0.2   11.4    0.0
  702    0.0    0.0    0.0    0.0    0.0    0.0    0.2    0.0    0.0    2.0    1.8    2.4    3.6    0.6
  703    0.0    0.0    0.0    0.0    0.0    0.0    0.2    0.0    0.0    0.7    4.1    0.4   10.0    0.0
  704    0.0    0.0    0.0    0.0    0.0    0.0    0.1    0.0    0.0    1.8    1.4    1.7    3.8    0.6
  706    0.0    0.0    0.0    0.0    0.0    0.2    0.2    0.1    0.8    2.2    0.0    4.4    0.3    1.8
  707    0.0    0.0    0.0    0.0    0.0    0.2    0.0    0.0    0.0    1.8    0.0    1.2    5.9    3.8
  708    0.0    0.0    0.0    0.0    0.0    0.1    0.1    0.1    1.8    2.3    0.0    4.1    0.1    1.9
  709    0.0    0.0    0.0    0.0    0.0    0.1    0.3    0.1    0.2    4.7    0.0    4.1    3.7    0.7
  710    0.0    0.0    0.0    0.0    0.0    0.0    0.4    0.1    2.6    0.9    0.4    3.3    0.4    1.2
  711    0.0    0.0    0.0    0.0    0.0    0.0    0.2    0.1    0.3    0.0    0.4    0.1    3.8    0.4
  712    0.0    0.0    0.0    0.0    0.0    0.0    0.2    0.1    0.2    0.0    0.1    0.0    0.6    0.0
  713    0.0    0.0    0.0    0.0    0.0    0.0    0.2    0.1    0.2    0.0    0.1    0.0    0.6    0.0
  714    0.0    0.0    0.0    0.0    0.0    0.3    0.0    0.0    0.2    5.2    1.4    3.1    2.0    3.9
  715    0.0    0.0    0.0    0.0    0.0    0.0    0.2    0.2    0.3    0.9    1.3    0.1    0.5    1.5
  716    0.0    0.0    0.0    0.0    0.0    0.1    0.3    0.0    1.5    3.6    3.9    0.0    3.5    4.2
  717    0.0    0.0    0.0    0.0    0.0    0.0    0.1    0.1    0.1    0.0    0.1    0.1    2.7    0.2
  718    0.0    0.0    0.0    0.0    0.0    0.0    0.1    0.2    0.1    0.9    0.1    0.1    0.7    3.5
  719    0.0    0.0    0.0    0.0    0.0    0.0    0.2    0.0    0.0    2.3    0.1    4.4    5.0    0.1
  720    0.0    0.0    0.0    0.0    0.0    0.0    0.0    0.0    0.2    0.1    0.0    0.2    3.8    0.4
  721    0.0    0.0    0.0    0.0    0.0    0.0    0.0    0.0    0.1    0.0    0.0    0.5    2.1    0.7
  722    0.0    0.0    0.0    0.0    0.0    0.1    0.3    0.1    2.2    1.0    0.0    4.7    0.8    1.0
  723    0.0    0.0    0.0    0.0    0.0    0.0    0.0    0.0    0.0    0.0    0.0    0.0    2.0    0.2
  724    0.0    0.0    0.0    0.0    0.0    0.0    0.0    0.0    0.0    0.0    0.0    0.2    4.4    1.8
  725    0.0    0.0    0.0    0.0    0.0    0.0    0.0    0.0    0.0    0.0    0.0    0.5    0.4    0.0
  726    0.0    0.0    0.0    0.0    0.0    0.0    0.0    0.0    0.0    0.0    0.0    0.9    0.4    0.0
  727    0.0    0.0    0.0    0.0    0.0    0.0    0.0    0.0    0.0    0.0    0.0    1.5    0.4    0.0
  730    0.0    0.0    0.0    0.0    0.0    0.2    0.1    0.0    0.3    2.6    0.0    3.5    0.1    4.7
  731    0.0    0.0    0.0    0.0    0.0    0.0    0.4    0.1    2.2    0.5    0.7    0.0    1.3    0.6
  732    0.0    0.0    0.0    0.0    0.0    0.0    0.3    0.0    0.3    0.0    0.6    0.3    5.2    0.3
  733    0.0    0.0    0.0    0.0    0.0    0.0    0.1    0.0    0.0    1.6    2.3    7.8    4.0    0.7
  734    0.0    0.0    0.0    0.0    0.0    0.0    0.2    0.0    0.0    2.0    1.5    1.1    6.2    0.3
  735    0.0    0.0    0.0    0.0    0.0    0.0    0.2    0.0    0.0    0.3    4.1    1.4    4.2    2.3
  736    0.0    0.0    0.0    0.0    0.0    0.0    0.2    0.0    0.0    2.1    1.3    2.6    4.2    0.6
  737    0.0    0.0    0.0    0.0    0.0    0.0    0.1    0.0    0.0    2.0    2.0    0.7    7.8    0.3
  738    0.0    0.0    0.0    0.0    0.0    0.1    0.0    0.1    0.0    2.1    2.4    0.6    9.9    0.2
  739    0.0    0.0    0.0    0.0    0.0    0.2    0.0    0.0    0.0    2.0    1.3    0.5   11.2    0.0
  741    0.0    0.0    0.0    0.0    0.0    0.1    0.3    0.1    2.2    1.0    0.0    4.7    0.8    1.0
  742    0.0    0.0    0.0    0.0    0.0    0.1    0.1    0.0    1.1    3.0    0.1    4.2    0.0    4.3
  743    0.0    0.0    0.0    0.0    0.0    0.2    0.2    0.0    0.4    6.2    2.4    2.4    4.1    2.2
  744    0.0    0.0    0.0    0.0    0.0    0.0    0.2    0.0    0.1    0.1    1.5    0.0    1.5    0.4
  745    0.0    0.0    0.0    0.0    0.0    0.1    0.3    0.0    0.2    0.0    0.9    0.1    6.1    0.0
  746    0.0    0.0    0.0    0.0    0.0    0.0    0.1    0.1    0.1    0.0    0.1    0.1    2.7    0.2
  747    0.0    0.0    0.0    0.0    0.0    0.0    0.0    0.0    0.0    0.0    0.0    0.9    2.7    1.2
  748    0.0    0.0    0.0    0.0    0.0    0.0    0.2    0.2    0.2    0.0    0.1    0.1    1.8    0.0
  749    0.0    0.0    0.0    0.0    0.0    0.0    0.1    0.1    0.1    0.0    0.1    0.2    2.1    0.1
  750    0.0    0.0    0.0    0.0    0.0    0.0    0.0    0.0    0.1    0.1    0.0    0.0    0.4    0.0
  751    0.0    0.0    0.0    0.0    0.0    0.0    0.0    0.0    0.0    0.0    0.1    1.7    0.3    0.0
  752    0.0    0.0    0.0    0.0    0.0    0.0    0.0    0.0    0.0    0.0    0.0    0.5    0.9    0.0
  753    0.0    0.0    0.0    0.0    0.0    0.0    0.0    0.0    0.0    0.0    0.0    0.1    0.3    0.4
  754    0.0    0.0    0.0    0.0    0.0    0.2    0.0    0.0    0.3    3.0    0.0    3.9    0.8    8.1
  755    0.0    0.0    0.0    0.0    0.0    0.1    0.3    0.0    1.0    2.2    0.0    5.0    1.1    0.7
  756    0.0    0.0    0.0    0.0    0.0    0.1    0.0    0.0    0.0    2.2    0.1    3.7    6.0    0.2
  757    0.0    0.0    0.0    0.0    0.0    0.0    0.1    0.1    0.0    1.2    2.0    0.3    9.4    0.0
  758    0.0    0.0    0.0    0.0    0.0    0.0    0.1    0.0    0.0    0.6    2.3    0.1   12.4    0.0
  759    0.0    0.0    0.0    0.0    0.0    0.0    0.2    0.1    0.0    3.4    0.1    4.5    2.2   11.5
  760    0.0    0.0    0.0    0.0    0.0    0.1    0.1    0.0    0.0    1.4    2.3    0.8    5.0    9.6
  761    0.0    0.0    0.0    0.0    0.0    0.0    0.1    0.0    0.0    2.0    2.0    0.7    7.8    0.3
  762    0.0    0.0    0.0    0.0    0.0    0.1    0.1    0.1    0.0    1.3    3.5    0.6   12.2    0.0
  763    0.0    0.0    0.0    0.0    0.0    0.0    0.1    0.0    0.0    1.6    1.9    6.2    4.0    0.7
  764    0.0    0.0    0.0    0.0    0.0    0.0    0.2    0.1    0.0    0.7    4.3    0.6    8.3    1.9
  765    0.0    0.0    0.0    0.0    0.0    0.0    0.2    0.1    0.3    0.0    0.4    0.1    3.8    0.4
  766    0.0    0.0    0.0    0.0    0.0    0.0    0.2    0.1    0.2    0.0    0.1    0.0    0.6    0.0
  767    0.0    0.0    0.0    0.0    0.0    0.0    0.0    0.0    0.1    0.1    0.0    0.0    0.4    0.0
  768    0.0    0.0    0.0    0.0    0.0    0.1    0.3    0.1    0.2    4.7    0.0    4.1    3.7    0.7
  769    0.0    0.0    0.0    0.0    0.0    0.2    0.0    0.0    0.0    1.8    0.0    1.2    5.9    3.8
  770    0.0    0.0    0.0    0.0    0.0    0.0    0.4    0.1    2.6    0.9    0.4    3.3    0.4    1.2
  771    0.0    0.0    0.0    0.0    0.0    0.2    0.2    0.1    0.8    4.7    3.0    1.3    1.8    4.6
  772    0.0    0.0    0.0    0.0    0.0    0.0    0.2    0.0    0.1    0.1    1.5    0.0    1.5    0.4
  773    0.0    0.0    0.0    0.0    0.0    0.0    0.3    0.1    0.5    0.0    1.4    0.1    3.4    0.1
  774    0.0    0.0    0.0    0.0    0.0    0.1    0.1    0.0    1.1    3.0    0.1    4.2    0.0    4.3
  775    0.0    0.0    0.0    0.0    0.0    0.2    0.1    0.0    0.1    2.7    0.0    2.6    1.8    9.0
  776    0.0    0.0    0.0    0.0    0.0    0.0    0.1    0.1    0.1    0.0    0.1    0.1    2.7    0.2
  777    0.0    0.0    0.0    0.0    0.0    0.0    0.1    0.1    0.2    0.0    0.0    0.3    4.0    0.2
  778    0.0    0.0    0.0    0.0    0.0    0.0    0.3    0.1    1.3    0.0    0.8    0.1    5.1    0.0
  779    0.0    0.0    0.0    0.0    0.0    0.0    0.0    0.0    0.0    0.0    0.0    0.5    0.9    0.0
  780    0.0    0.0    0.0    0.0    0.0    0.0    0.0    0.0    0.0    0.0    0.0    0.5    0.4    0.0
  781    0.0    0.0    0.0    0.0    0.0    0.0    0.0    0.0    0.0    0.0    0.0    0.5    0.4    0.0
  782    0.0    0.0    0.0    0.0    0.0    0.0    0.0    0.0    0.0    0.0    0.0    0.1    0.3    0.4
  783    0.0    0.0    0.0    0.0    0.0    0.1    0.1    0.1    1.8    2.3    0.0    4.1    0.1    1.9
  784    0.0    0.0    0.0    0.0    0.0    0.0    0.4    0.0    2.3    0.4    1.3    0.6    0.3    0.8
  785    0.0    0.0    0.0    0.0    0.0    0.0    0.1    0.1    0.2    0.0    0.0    0.1    3.8    0.0
  786    0.0    0.0    0.0    0.0    0.0    0.0    0.2    0.1    0.1    0.0    0.1    0.0    0.7    0.0
  787    0.0    0.0    0.0    0.0    0.0    0.0    0.0    0.1    0.1    0.0    0.0    0.1    1.3    0.0
  788    0.0    0.0    0.0    0.0    0.0    0.1    0.3    0.1    2.2    1.0    0.0    4.7    0.8    1.0
  789    0.0    0.0    0.0    0.0    0.0    0.2    0.1    0.0    0.7    4.8    1.5    3.0    0.8    6.1
  790    0.0    0.0    0.0    0.0    0.0    0.0    0.0    0.1    0.1    0.0    0.0    0.1    1.3    0.0
  791    0.0    0.0    0.0    0.0    0.0    0.0    0.4    0.1    0.2    5.7    0.0    2.4    4.6    1.2
  792    0.0    0.0    0.0    0.0    0.0    0.0    0.0    0.0    0.0    0.0    0.1    1.0    0.8    0.0
  793    0.0    0.0    0.0    0.0    0.0    0.0    0.0    0.0    0.0    0.0    0.0    0.9    0.4    0.0
  794    0.0    0.0    0.0    0.0    0.0    0.0    0.2    0.1    0.2    0.0    0.1    0.1    2.0    0.0
  795    0.0    0.0    0.0    0.0    0.0    0.1    0.3    0.0    0.1    3.2    0.2    4.4    1.5    1.0
  796    0.0    0.0    0.0    0.0    0.0    0.0    0.0    0.0    0.0    0.0    0.0    0.2    0.9    0.2
  797    0.0    0.0    0.0    0.0    0.0    0.2    0.6    0.0    0.7    7.7    2.5    2.9    3.5    0.0
  798    0.0    0.0    0.0    0.0    0.0    0.3    1.6    0.0    0.0    5.5    0.0    0.8    5.3    0.0
  799    0.0    0.0    0.0    0.0    0.0    0.3    0.0    0.0    0.0    1.3    0.3    0.8    8.9    0.0
  800    0.0    0.0    0.0    0.0    0.0    0.0    0.0    0.2    0.0    0.0    1.2    2.6   12.8    0.0
  801    0.0    0.0    0.0    0.0    0.0    0.0    0.1    0.1    0.0    0.0    2.2    2.3    5.8    0.5
  802    0.0    0.0    0.0    0.0    0.0    0.0    0.0    0.2    0.0    0.0    1.2    2.6   12.8    0.0
  803    0.0    0.0    0.0    0.0    0.0    0.0    0.1    0.1    0.0    0.0    3.5    2.3    2.6    4.0
  804    0.0    0.0    0.0    0.0    0.0    0.0    0.1    0.2    0.0    0.4    5.1    0.1    2.5    3.9
  805    0.0    0.0    0.0    0.0    0.0    0.0    0.1    0.0    0.1    1.2    3.5    0.0    1.6    4.6
  806    0.0    0.0    0.0    0.0    0.0    0.0    0.2    0.0    0.0    0.1    2.8    2.2    2.6    1.3
  807    0.0    0.0    0.0    0.0    0.0    0.0    0.2    0.0    0.0    0.0    3.3    2.6    1.5    2.7
  808    0.0    0.0    0.0    0.0    0.0    0.0    0.1    0.2    0.0    1.0    0.3    0.2    5.3    0.0
  809    0.0    0.0    0.0    0.0    0.0    0.0    0.1    0.0    0.0    0.2    3.0    1.9    3.3    2.7
  810    0.0    0.0    0.0    0.0    0.0    0.0    0.1    0.0    0.0    2.4    1.5    3.3    0.4    9.2
  811    0.0    0.0    0.0    0.0    0.0    0.0    0.1    0.1    0.0    1.3    0.5    0.1    3.9    0.0
  812    0.0    0.0    0.0    0.0    0.0    0.0    0.1    0.0    0.0    2.4    1.5    3.3    0.4    9.2
  813    0.0    0.0    0.0    0.0    0.0    0.0    0.2    0.1    0.2    0.6    0.1    0.0    0.8    0.0
  814    0.0    0.0    0.0    0.0    0.0    0.0    0.1    0.1    0.0    0.1    1.3    8.2    0.8    0.3
  815    0.0    0.0    0.0    0.0    0.0    0.0    0.1    0.1    0.0    0.1    6.8    7.7    0.8    1.6
  816    0.0    0.0    0.0    0.0    0.0    0.0    0.1    0.2    0.0    1.0    0.3    0.2    5.3    0.0
  817    0.0    0.0    0.0    0.0    0.0    0.0    0.0    0.1    0.0    0.0    1.2    3.0   12.6    0.0
  818    0.0    0.0    0.0    0.0    0.0    0.0    0.1    0.0    0.0    0.1    3.4    9.0    2.0    0.6
  819    0.0    0.0    0.0    0.0    0.0    0.0    0.1    0.1    0.0    0.0    1.8    3.6    6.0    0.0
  820    0.0    0.0    0.0    0.0    0.0    0.0    0.2    0.0    0.0    0.1    3.4    4.9    4.9    0.9
  821    0.0    0.0    0.0    0.0    0.0    0.0    0.2    0.0    0.0    0.1    1.8    3.8    5.8    0.8
  822    0.0    0.0    0.0    0.0    0.0    0.0    0.2    0.0    0.0    0.8    3.7    2.7    0.7    6.5
  823    0.0    0.0    0.0    0.0    0.0    0.0    0.2    0.0    0.0    0.0    3.3    2.6    1.5    2.7
  824    0.0    0.0    0.0    0.0    0.0    0.0    0.2    0.0    0.0    1.5    3.9    3.4    0.5    9.0
  825    0.0    0.0    0.0    0.0    0.0    0.0    0.2    0.0    0.0    1.5    3.9    3.4    0.5    9.0
  826    0.0    0.0    0.0    0.0    0.0    0.0    0.1    0.1    0.0    1.8    0.8    0.0    1.6    5.5
  827    0.0    0.0    0.0    0.0    0.0    0.0    0.1    0.0    0.0    2.6    0.1    0.0    1.2    4.0
  828    0.0    0.0    0.0    0.0    0.0    0.0    0.1    0.1    0.0    1.7    0.2    0.1    0.1    1.6
  829    0.0    0.0    0.0    0.0    0.0    0.0    0.2    0.1    0.1    0.2    0.1    0.0    2.9    0.0
  830    0.0    0.0    0.0    0.0    0.0    0.0    0.1    0.1    0.0    0.7    2.5    0.0    3.3    0.5
  831    0.0    0.0    0.0    0.0    0.0    0.0    0.1    0.1    0.0    0.0    0.6    5.2    6.1    0.0
  832    0.0    0.0    0.0    0.0    0.0    0.0    0.2    0.0    0.0    0.0    1.8    3.6    5.7    0.1
  833    0.0    0.0    0.0    0.0    0.0    0.0    0.1    0.0    0.0    0.1    2.6    7.1    5.1    0.4
  834    0.0    0.0    0.0    0.0    0.0    0.0    0.1    0.0    0.0    0.2    2.4    2.6    9.6    0.0
  835    0.0    0.0    0.0    0.0    0.0    0.0    0.1    0.1    0.0    0.1    1.3    9.4    1.6    0.9
  836    0.0    0.0    0.0    0.0    0.0    0.0    0.1    0.1    0.1    0.9    5.1    3.4    0.6    7.9
  837    0.0    0.0    0.0    0.0    0.0    0.0    0.1    0.1    0.0    0.1    2.4    7.3    0.8    0.8
  838    0.0    0.0    0.0    0.0    0.0    0.0    0.1    0.0    0.0    0.2    4.8    8.0    4.6    0.0
  839    0.0    0.0    0.0    0.0    0.0    0.0    0.1    0.1    0.0    0.0    2.2    2.3    5.8    0.5
  840    0.0    0.0    0.0    0.0    0.0    0.0    0.1    0.0    0.1    2.0    2.1    0.3    0.2    6.7
  841    0.0    0.0    0.0    0.0    0.0    0.0    0.1    0.0    0.1    1.6    0.8    0.0    2.4    3.8
  842    0.0    0.0    0.0    0.0    0.0    0.0    0.2    0.1    0.0    1.5    0.2    0.1    3.3    0.0
  843    0.0    0.0    0.0    0.0    0.0    0.0    0.0    0.2    0.0    0.0    0.5    2.6   13.5    0.0
  844    0.0    0.0    0.0    0.0    0.0    0.0    0.0    0.2    0.0    0.1    7.8    2.8    2.5    2.6
  845    0.0    0.0    0.0    0.0    0.0    0.0    0.1    0.1    0.0    2.6    0.8    2.3    0.1    8.5
  846    0.0    0.0    0.0    0.0    0.0    0.0    0.1    0.1    0.0    2.6    0.8    2.3    0.1    8.5
  847    0.0    0.0    0.0    0.0    0.0    0.0    0.2    0.0    0.0    0.0    2.7    2.9    3.2    0.0
  848    0.0    0.0    0.0    0.0    0.0    0.0    0.2    0.1    0.2    0.5    0.1    0.0    1.5    0.0
  849    0.0    0.0    0.0    0.0    0.0    0.0    0.1    0.1    0.0    0.1    2.3    5.9    3.7    1.5
  850    0.0    0.0    0.0    0.0    0.0    0.0    0.2    0.1    0.0    0.8    0.1    0.5    3.6    0.0
  851    0.0    0.0    0.0    0.0    0.0    0.0    0.0    0.2    0.0    0.0    0.7    3.0   10.8    0.0
  852    0.0    0.0    0.0    0.0    0.0    0.0    0.0    0.2    0.0    0.0    0.7    3.0   10.8    0.0
  853    0.0    0.0    0.0    0.0    0.0    0.0    0.1    0.0    0.1    1.5    4.7    2.3    0.3    5.4
  854    0.0    0.0    0.0    0.0    0.0    0.0    0.1    0.0    0.3    0.1    0.0    0.0    0.6    0.0
  855    0.0    0.0    0.0    0.0    0.0    0.0    0.0    0.0    0.0    0.0    0.0    0.9    0.4    0.0
  856    0.0    0.0    0.0    0.0    0.0    0.0    0.3    0.1    0.9    2.1    0.0    0.2    2.8    0.0
  857    0.0    0.0    0.0    0.0    0.0    0.0    0.1    0.1    0.2    0.0    0.0    0.1    3.8    0.0
  858    0.0    0.0    0.0    0.0    0.0    0.0    0.3    0.2    1.1    1.6    0.7    0.1    0.9    2.1
  859    0.0    0.0    0.0    0.0    0.0    0.0    0.2    0.0    0.2    0.2    0.0    0.1    1.3    0.0
  870    0.0    0.0    0.0    0.0    0.0    0.0    0.0    0.0    0.0    0.0    0.0    0.1    0.3    0.4
  871    0.0    0.0    0.0    0.0    0.0    0.0    0.0    0.0    0.0    0.0    0.0    0.1    0.3    0.4
  872    0.0    0.0    0.0    0.0    0.0    0.0    0.3    0.1    0.2    3.3    0.5    0.5    1.9    0.1
  873    0.1    0.0    0.0    0.0    0.0    0.0    0.0    0.0    0.0    0.0    0.2    1.3    4.9    0.1
  874    0.0    0.2    0.0    0.0    0.0    0.0    0.0    0.0    0.0    0.0    0.0    0.5    8.0    0.0
  875    0.0    0.0    0.0    0.0    0.0    0.0    0.0    0.0    0.0    0.0    0.0    2.4    5.9    0.0
  876    0.0    0.0    0.0    0.0    0.0    0.0    0.0    0.0    0.0    0.0    0.5    0.8    9.1    0.7
  877    0.0    0.0    0.0    0.0    0.0    0.0    0.0    0.0    0.1    0.0    0.1    1.6    2.6    0.0
  878    0.0    0.0    0.0    0.0    0.0    0.0    0.0    0.1    0.0    0.0    0.7    1.6    8.3    0.1
  879    0.0    0.0    0.0    0.0    0.0    0.0    0.0    0.0    0.0    0.0    0.2    0.3    5.9    0.0
  881    0.0    0.0    0.0    0.0    0.0    0.0    0.1    0.0    0.0    1.8    1.4    1.7    3.8    0.6
  882    0.0    0.0    0.0    0.0    0.0    0.2    0.1    0.0    0.1    2.7    0.0    2.6    1.8    9.0
  885    0.0    0.0    0.0    0.0    0.0    0.0    0.0    0.0    0.0    0.0    0.1    1.5    0.4    0.0
  886    0.0    0.0    0.0    0.0    0.0    0.0    0.2    0.0    0.0    2.0    1.9    5.9    5.3    0.4
  887    0.0    0.0    0.0    0.0    0.0    0.0    0.1    0.0    0.0    0.1    1.5    6.1    2.0    0.8
  888    0.0    0.0    0.0    0.0    0.0    0.0    0.2    0.0    0.0    0.1    1.5    8.0    4.8    0.9
  889    0.0    0.0    0.0    0.0    0.0    0.0    0.0    0.0    0.0    0.0    0.4    1.1   10.4    0.0
  900    0.0    0.0    0.0    0.0    0.0    0.0    0.1    0.1    0.2    0.0    0.0    0.0    0.8    0.1
  901    0.0    0.0    0.0    0.0    0.0    0.0    0.1    0.0    0.3    0.1    0.0    0.0    0.6    0.0
  902    0.0    0.0    0.0    0.0    0.0    0.0    0.1    0.1    0.3    1.1    0.1    0.0    0.3    0.9
  903    0.0    0.0    0.0    0.0    0.0    0.0    0.1    0.2    0.3    0.2    0.1    0.0    0.7    0.0
  905    0.0    0.0    0.0    0.0    0.0    0.0    0.0    0.0    0.2    0.0    0.0    0.0    0.1    0.1
  906    0.0    0.0    0.0    0.0    0.0    0.0    0.2    0.2    0.5    0.0    0.0    0.1    0.7    0.1
  907    0.0    0.0    0.0    0.0    0.0    0.0    0.2    0.1    0.2    0.0    0.0    0.0    0.7    0.0
  908    0.0    0.0    0.0    0.0    0.0    0.0    0.1    0.0    0.2    0.0    0.0    0.0    0.5    0.0
  909    0.0    0.0    0.0    0.0    0.0    0.0    0.0    0.0    0.1    0.0    0.0    0.3    0.1    0.0
  910    0.0    0.0    0.0    0.0    0.0    0.0    0.1    0.0    0.2    0.0    0.0    0.0    0.3    0.0
  911    0.0    0.0    0.0    0.0    0.0    0.0    0.0    0.0    0.1    0.0    0.0    0.1    0.2    0.0
  912    0.0    0.0    0.0    0.0    0.0    0.0    0.2    0.1    0.0    3.5    0.0    2.7    1.2    7.2
  913    0.0    0.0    0.0    0.0    0.0    0.0    0.0    0.1    0.2    0.0    0.0    0.0    0.6    0.1
  914    0.0    0.0    0.0    0.0    0.0    0.0    0.2    0.1    0.0    3.5    0.0    2.7    1.2    7.2
  915    0.0    0.0    0.0    0.0    0.0    0.0    0.1    0.2    0.3    0.7    0.1    0.0    0.2    0.6
  916    0.0    0.0    0.0    0.0    0.0    0.0    0.2    0.2    0.6    0.0    0.1    0.0    0.3    0.2
  917    0.0    0.0    0.0    0.0    0.0    0.0    0.3    0.2    0.2    0.0    0.0    0.0    0.5    0.0
  918    0.0    0.0    0.0    0.0    0.0    0.0    0.1    0.1    0.2    0.0    0.0    0.0    0.6    0.0
  919    0.0    0.0    0.0    0.0    0.0    0.0    0.2    0.1    0.3    0.1    0.2    0.0    1.0    0.0
  920    0.0    0.0    0.0    0.0    0.0    0.0    0.1    0.2    0.3    0.2    0.1    0.0    0.7    0.0
  921    0.0    0.0    0.0    0.0    0.0    0.0    0.0    0.0    0.1    0.0    0.0    0.1    0.8    0.2
  922    0.1    0.0    0.0    0.0    0.0    0.0    0.1    0.1    0.2    0.0    0.0    0.0    0.7    0.0
  923    0.0    0.0    0.0    0.0    0.0    0.0    0.0    0.0    0.2    0.0    0.0    0.0    0.1    0.1
  924    0.0    0.0    0.0    0.0    0.0    0.0    0.1    0.0    0.3    0.0    0.0    0.0    0.9    0.1
  925    0.1    0.0    0.0    0.0    0.0    0.0    0.1    0.1    0.2    0.0    0.0    0.0    0.7    0.0
  926    0.0    0.0    0.0    0.0    0.0    0.0    0.1    0.1    0.2    0.0    0.0    0.0    0.6    0.0
  927    0.0    0.0    0.0    0.0    0.0    0.0    0.2    0.1    0.2    0.5    0.1    0.0    1.5    0.0
  928    0.0    0.0    0.0    0.0    0.0    0.0    0.1    0.0    0.2    0.0    0.0    0.0    0.2    0.1
  929    0.0    0.0    0.0    0.0    0.0    0.0    0.1    0.1    0.1    0.0    0.0    0.0    0.8    0.0
  930    0.0    0.0    0.0    0.0    0.0    0.0    0.0    0.0    0.1    0.0    0.0    0.0    1.5    0.0
  931    0.0    0.0    0.0    0.0    0.0    0.0    0.0    0.0    0.1    0.0    0.0    0.0    1.3    0.0
  932    0.0    0.0    0.0    0.0    0.0    0.0    0.3    0.1    0.3    0.0    0.1    0.1    0.6    0.0
  933    0.0    0.0    0.0    0.0    0.0    0.0    0.3    0.1    0.3    0.0    0.1    0.1    0.6    0.0
  934    0.0    0.0    0.0    0.0    0.0    0.0    0.2    0.2    0.4    0.1    0.0    0.0    0.3    0.6
  935    0.0    0.0    0.0    0.0    0.0    0.0    0.2    0.2    0.0    1.5    0.0    0.0    0.3    0.1
  936    0.0    0.0    0.0    0.0    0.0    0.0    0.1    0.2    0.3    0.3    0.1    0.0    0.4    0.0
  937    0.0    0.0    0.0    0.0    0.0    0.0    0.0    0.0    0.2    0.0    0.0    0.0    0.1    0.1
  938    0.0    0.0    0.0    0.0    0.0    0.0    0.0    0.0    0.1    0.0    0.0    0.0    0.5    0.1
  939    0.0    0.0    0.0    0.0    0.0    0.0    0.0    0.0    0.1    0.0    0.0    0.0    0.5    0.1
  940    0.0    0.0    0.0    0.0    0.0    0.0    0.0    0.0    0.1    0.0    0.0    0.0    0.5    0.1
  941    0.0    0.0    0.0    0.0    0.0    0.0    0.0    0.0    0.1    0.0    0.0    0.0    0.5    0.1
  942    0.0    0.0    0.0    0.0    0.0    0.0    0.0    0.0    0.1    0.0    0.0    0.0    0.5    0.1
  943    0.0    0.0    0.0    0.0    0.0    0.0    0.1    0.0    0.3    0.1    0.0    0.0    0.6    0.0
  944    0.0    0.0    0.0    0.0    0.0    0.0    0.1    0.2    0.3    0.2    0.1    0.0    0.7    0.0
  945    0.0    0.0    0.0    0.0    0.0    0.0    0.2    0.1    0.0    3.1    0.0    1.3    0.5    3.1
  946    0.0    0.0    0.0    0.0    0.0    0.0    0.2    0.1    0.0    3.4    0.2    3.7    0.8   10.3
  947    0.0    0.0    0.0    0.0    0.0    0.0    0.0    0.0    0.1    0.0    0.0    0.1    0.3    0.0
  948    0.0    0.0    0.0    0.0    0.0    0.0    0.2    0.2    0.4    0.1    0.0    0.0    0.3    0.6
  949    0.0    0.0    0.0    0.0    0.0    0.0    0.1    0.0    0.3    0.1    0.0    0.0    0.6    0.0
  950    0.0    0.0    0.0    0.0    0.0    0.0    0.1    0.0    0.2    0.0    0.0    0.0    0.3    0.0
  951    0.0    0.0    0.0    0.0    0.0    0.1    0.0    0.1    0.0    2.5    2.7    0.7   12.7    0.0
  953    0.0    0.0    0.0    0.0    0.0    0.0    0.0    0.0    0.1    0.0    0.0    0.0    1.8    0.1
  954    0.0    0.0    0.0    0.0    0.0    0.0    0.1    0.0    0.3    0.0    0.0    0.0    0.9    0.1
  955    0.0    0.0    0.0    0.0    0.0    0.0    0.0    0.0    0.0    0.0    0.0    0.8    2.4    0.1
  956    0.0    0.0    0.0    0.0    0.0    0.0    0.0    0.0    0.0    0.0    0.1    0.1    1.2    0.0
  957    0.0    0.0    0.0    0.0    0.0    0.0    0.2    0.0    0.0    1.8    0.0    2.1    2.3    0.0
  958    0.0    0.0    0.0    0.0    0.0    0.1    0.0    0.0    0.0    2.2    0.1    3.7    6.0    0.2
  959    0.0    0.0    0.0    0.0    0.0    0.1    0.0    0.2    0.1    0.6    0.0    0.1    0.9    7.5
  960    0.0    0.0    0.0    0.0    0.0    0.0    0.0    0.0    0.0    0.0    0.1    1.0    0.8    0.0
  961    0.0    0.0    0.0    0.0    0.0    0.0    0.0    0.0    0.0    0.0    0.0    0.0    1.2    0.5
  962    0.0    0.0    0.0    0.0    0.0    0.0    0.0    0.0    0.2    0.0    0.0    0.0    0.1    0.1
  966    0.0    0.0    0.0    0.0    0.0    0.0    0.0    0.0    0.0    0.0    0.0    1.0    1.7    0.0
  967    0.0    0.0    0.0    0.0    0.0    0.0    0.0    0.0    0.0    0.0    0.0    1.3    1.0    0.1
  968    0.0    0.0    0.0    0.0    0.0    0.0    0.0    0.0    0.1    0.0    0.0    0.0    0.5    0.1
  969    0.0    0.0    0.0    0.0    0.0    0.0    0.0    0.0    0.2    0.0    0.0    0.0    0.1    0.1
  970    0.0    0.2    0.0    0.0    0.0    0.0    0.0    0.0    0.0    0.0    0.0    0.7    6.4    0.0
  971    0.0    0.0    0.0    0.0    0.0    0.0    0.0    0.0    0.0    0.0    0.1    3.1    0.9    0.0
  972    0.0    0.0    0.0    0.0    0.0    0.0    0.2    0.0    0.0    0.0    2.2    2.9    4.9    0.0
  973    0.0    0.0    0.0    0.0    0.0    0.0    0.2    0.1    0.2    0.1    0.3    0.0    3.0    0.0
  974    0.0    0.0    0.0    0.0    0.0    0.0    0.2    0.2    0.6    0.0    0.1    0.0    0.3    0.2
  975    0.0    0.0    0.0    0.0    0.0    0.0    0.2    0.0    0.0    2.0    1.8    2.4    3.6    0.6
  977    0.0    0.0    0.0    0.0    0.0    0.0    0.1    0.0    0.0    0.0    0.8    4.9    3.0    0.8
  978    0.0    0.1    0.0    0.0    0.0    0.0    0.0    0.0    0.1    0.0    0.0    1.2    8.9    0.0
  979    0.0    0.0    0.0    0.0    0.0    0.0    0.0    0.0    0.0    0.0    0.1    0.6    2.0    0.0
  980    0.0    0.0    0.0    0.0    0.0    0.0    0.0    0.0    0.0    0.0    0.0    0.1    0.5    0.0
  981    0.0    0.0    0.0    0.0    0.0    0.0    0.1    0.1    0.1    0.0    0.1    0.2    2.1    0.1
10111    0.0    0.1    0.0    0.0    0.0    0.0    0.0    0.0    0.0    0.0    0.0    1.0    3.3    0.0
10112    0.0    0.1    0.0    0.0    0.0    0.0    0.0    0.0    0.0    0.0    0.0    1.0    3.3    0.0
10121    0.0    0.0    0.0    0.0    0.0    0.0    0.0    0.0    0.0    0.0    0.0    2.4    5.9    0.0
10122    0.0    0.0    0.0    0.0    0.0    0.0    0.0    0.0    0.0    0.0    0.0    2.4    5.9    0.0
10131    0.0    0.0    0.0    0.0    0.0    0.1    0.0    0.0    0.0    0.0    0.1    0.1    6.0    0.0
10132    0.0    0.0    0.0    0.0    0.0    0.0    0.0    0.0    0.0    0.0    0.1    0.3    7.0    0.0
10141    0.1    0.0    0.0    0.0    0.0    0.0    0.0    0.0    0.0    0.0    0.2    1.3    4.9    0.1
10142    0.1    0.0    0.0    0.0    0.0    0.0    0.0    0.0    0.0    0.0    0.1    2.0    2.3    0.2
10151    0.0    0.0    0.0    0.0    0.0    0.0    0.1    0.0    0.0    0.8    2.4    4.1    6.6    0.6
10152    0.0    0.0    0.0    0.0    0.0    0.0    0.2    0.0    0.0    0.1    2.4    7.4    0.8    0.8
10161    0.0    0.0    0.0    0.0    0.0    0.0    0.1    0.0    0.0    0.1    1.3    4.8    8.5    0.1
10162    0.0    0.0    0.0    0.0    0.0    0.0    0.1    0.0    0.0    0.1    1.3    4.8    8.5    0.1
10171    0.0    0.0    0.0    0.0    0.0    0.0    0.1    0.0    0.0    0.1    2.0    7.3    5.6    0.3
10172    0.0    0.0    0.0    0.0    0.0    0.0    0.0    0.0    0.0    0.0    0.2    4.5   10.6    0.2
10181    0.0    0.0    0.0    0.0    0.0    0.0    0.3    0.1    1.3    0.0    0.8    0.1    5.1    0.0
10182    0.0    0.0    0.0    0.0    0.0    0.0    0.3    0.1    1.3    0.0    0.8    0.1    5.1    0.0
10192    0.0    0.0    0.0    0.0    0.0    0.0    0.3    0.1    0.2    3.3    0.5    0.5    1.9    0.1
10201    0.0    0.0    0.0    0.0    0.0    0.1    0.1    0.1    0.0    1.0    3.7    1.2    5.6    6.7
10202    0.0    0.0    0.0    0.0    0.0    0.1    0.1    0.1    0.0    1.9    3.3    0.7   10.5    1.9
10211    0.0    0.0    0.0    0.0    0.0    0.0    0.2    0.0    0.0    0.3    4.1    1.4    4.2    2.3
10212    0.0    0.0    0.0    0.0    0.0    0.0    0.1    0.0    0.0    0.9    5.3    3.6    0.7    8.7
10221    0.0    0.0    0.0    0.0    0.0    0.0    0.1    0.2    0.0    0.4    7.2    2.8    0.3    5.4
10222    0.0    0.0    0.0    0.0    0.0    0.0    0.1    0.1    0.0    0.0    2.2    2.3    5.8    0.5
10231    0.0    0.0    0.0    0.0    0.0    0.0    0.3    0.1    0.2    3.3    0.5    0.5    1.9    0.1
10232    0.0    0.0    0.0    0.0    0.0    0.0    0.3    0.1    0.2    3.3    0.5    0.5    1.9    0.1
10241    0.0    0.0    0.0    0.0    0.0    0.0    0.1    0.0    0.0    0.0    0.5    7.8    5.1    0.3
10242    0.0    0.0    0.0    0.0    0.0    0.0    0.1    0.0    0.0    0.0    0.4    7.9    6.3    0.9
10251    0.0    0.0    0.0    0.0    0.0    0.0    0.3    0.0    0.0    1.7    4.3    3.0    0.3   11.0
10252    0.0    0.0    0.0    0.0    0.0    0.0    0.3    0.0    0.0    3.4    0.3    3.4    0.3   10.5
10261    0.0    0.0    0.0    0.0    0.0    0.0    0.0    0.0    0.0    0.0    0.0    0.1    0.3    0.4
10262    0.0    0.0    0.0    0.0    0.0    0.0    0.0    0.0    0.0    0.0    0.0    0.1    0.3    0.4
10272    0.0    0.0    0.0    0.0    0.0    0.0    0.0    0.0    0.0    0.0    0.0    0.1    0.3    0.4
20111    0.0    0.0    0.0    0.0    0.0    0.0    0.2    0.0    0.0    0.0    0.0    0.6    5.3    0.0
20121    0.0    0.0    0.0    0.0    0.0    0.0    0.0    0.0    0.0    0.0    0.0    2.1   13.8    0.0
20131    0.0    0.0    0.0    0.0    0.0    0.0    0.0    0.0    0.0    0.0    0.0    1.1    9.8    0.0
20141    0.0    0.0    0.0    0.0    0.0    0.0    0.0    0.1    0.0    0.0    0.9    2.5    9.1    0.0
20151    0.0    0.0    0.0    0.0    0.0    0.0    0.2    0.0    0.0    0.1    2.3    2.7    0.3    0.4
20161    0.0    0.0    0.0    0.0    0.0    0.0    0.1    0.0    0.0    0.6    2.3    0.1   12.4    0.0
20171    0.0    0.0    0.0    0.0    0.0    0.0    0.1    0.0    0.0    0.4    5.0    2.4    3.6    4.7
20181    0.0    0.0    0.0    0.0    0.0    0.0    0.2    0.1    0.0    0.7    4.3    0.6    8.3    1.9
20191    0.0    0.0    0.0    0.0    0.0    0.2    0.0    0.0    0.0    2.0    2.0    1.1    7.6    6.2
10281    0.0    0.0    0.0    0.0    0.0    0.0    0.3    0.0    1.5    1.5    0.1    1.6    6.5    0.0
10282    0.0    0.0    0.0    0.0    0.0    0.1    0.3    0.1    2.2    1.0    0.0    4.7    0.8    1.0
20211    0.0    0.0    0.0    0.0    0.0    0.0    0.3    0.1    0.7    0.1    0.3    0.1    4.6    0.0
20221    0.0    0.0    0.0    0.0    0.0    0.0    0.1    0.1    0.1    0.0    0.0    0.0    1.0    0.0
20231    0.0    0.0    0.0    0.0    0.0    0.0    0.2    0.0    0.1    0.0    1.2    0.0    4.7    0.1
20241    0.0    0.0    0.0    0.0    0.0    0.0    0.1    0.1    0.2    0.0    0.0    0.1    3.8    0.0
20251    0.0    0.0    0.0    0.0    0.0    0.0    0.1    0.0    0.2    0.5    0.2    0.1    1.9    0.0
20261    0.0    0.0    0.0    0.0    0.0    0.0    0.1    0.1    0.0    0.0    0.6    5.2    6.1    0.0
20271    0.0    0.0    0.0    0.0    0.0    0.0    0.3    0.0    0.0    0.1    1.6    0.5    9.7    0.1
20281    0.0    0.0    0.0    0.0    0.0    0.0    0.3    0.0    0.0    0.3    3.7    2.1    3.0    5.4
20291    0.0    0.0    0.0    0.0    0.0    0.0    0.1    0.0    0.1    1.5    4.7    2.3    0.3    5.4
20301    0.0    0.0    0.0    0.0    0.0    0.0    0.1    0.1    0.1    0.0    0.0    0.0    0.8    0.0
30111    0.0    0.0    0.0    0.0    0.0    0.0    0.2    0.0    0.0    0.0    0.0    0.9    4.8    0.0
30121    0.0    0.0    0.0    0.0    0.0    0.1    0.0    0.0    0.0    0.0    0.0    0.7    6.7    0.0
30131    0.0    0.0    0.0    0.0    0.0    0.1    0.0    0.0    0.0    0.0    0.1    0.2    6.2    0.0
30141    0.0    0.0    0.0    0.0    0.0    0.0    0.1    0.0    0.0    0.9    5.3    3.6    0.7    8.7
30151    0.0    0.0    0.0    0.0    0.0    0.1    0.2    0.1    0.0    1.3    2.3    1.6    0.9    8.9
30161    0.0    0.0    0.0    0.0    0.0    0.0    0.1    0.0    0.0    2.6    0.0    0.1    0.6    1.4
30171    0.0    0.0    0.0    0.0    0.0    0.0    0.1    0.0    0.4    0.1    0.0    0.0    0.9    0.1
30181    0.0    0.0    0.0    0.0    0.0    0.0    0.1    0.0    0.1    1.0    0.1    0.0    2.1    0.0
30191    0.0    0.0    0.0    0.0    0.0    0.0    0.2    0.0    0.0    1.6    0.0    0.0    0.7    0.0
30201    0.0    0.0    0.0    0.0    0.0    0.0    0.1    0.0    0.0    0.9    5.3    3.6    0.7    8.7
30211    0.0    0.0    0.0    0.0    0.0    0.0    0.2    0.1    0.0    3.2    0.7    4.9    0.9   14.1
30221    0.0    0.0    0.0    0.0    0.0    0.0    0.3    0.1    0.2    3.3    0.5    0.5    1.9    0.1
30231    0.0    0.0    0.0    0.0    0.0    0.0    0.1    0.2    0.1    1.9    0.1    0.0    0.2    0.9
30241    0.0    0.0    0.0    0.0    0.0    0.0    0.1    0.1    0.8    0.2    0.1    0.0    0.8    0.2
30251    0.0    0.0    0.0    0.0    0.0    0.0    0.0    0.1    0.2    0.0    0.0    0.0    0.4    0.0
40111    0.0    0.2    0.0    0.0    0.0    0.0    0.0    0.0    0.0    0.0    0.0    0.9    4.5    0.0
40121    0.0    0.2    0.0    0.0    0.0    0.0    0.0    0.0    0.0    0.0    0.0    0.9    4.5    0.0
40131    0.0    0.0    0.0    0.0    0.0    0.0    0.2    0.0    0.0    0.0    0.0    0.6    5.3    0.0
40141    0.0    0.0    0.0    0.0    0.0    0.0    0.1    0.0    0.0    0.0    0.1    1.6    4.9    0.0
40151    0.0    0.0    0.0    0.0    0.0    0.0    0.0    0.0    0.0    0.0    0.1    3.9   39.4    0.0
40161    0.0    0.0    0.0    0.0    0.0    0.1    0.0    0.0    0.0    0.0    0.0    0.7    1.7    0.0
40171    0.0    0.0    0.0    0.0    0.0    0.0    0.0    0.0    0.0    0.0    0.0    0.6    7.0    0.0
40181    0.0    0.0    0.0    0.0    0.0    0.0    0.2    0.0    0.0    0.0    0.0    0.7    7.4    0.0
40191    0.0    0.0    0.0    0.0    0.0    0.0    0.0    0.0    0.0    0.0    0.0    1.4   10.8    0.0
40201    0.0    0.0    0.0    0.0    0.0    0.1    0.0    0.0    0.0    0.0    0.1    0.2    6.2    0.0
40211    0.0    0.0    0.0    0.0    0.0    0.0    0.0    0.0    0.0    0.0    0.1    0.2    6.5    0.0
40221    0.0    0.0    0.0    0.0    0.0    0.0    0.0    0.1    0.0    0.0    0.7    1.6    8.3    0.1
40231    0.0    0.0    0.0    0.0    0.0    0.0    0.0    0.1    0.0    0.0    0.7    1.6    8.3    0.1
40241    0.0    0.0    0.0    0.0    0.0    0.0    0.2    0.0    0.0    0.0    0.5    1.7    1.7    0.0
40251    0.0    0.0    0.0    0.0    0.0    0.0    0.2    0.0    0.0    0.1    2.7    0.8    6.2    1.1
40262    0.0    0.0    0.0    0.0    0.0    0.0    0.3    0.1    0.0    2.9    1.7    4.7    2.3   11.8
40271    0.0    0.0    0.0    0.0    0.0    0.0    0.3    0.1    0.8    1.0    0.2    0.1    1.7    0.0
40281    0.0    0.0    0.0    0.0    0.0    0.0    0.2    0.0    0.1    0.1    1.5    0.0    1.5    0.4
40291    0.0    0.0    0.0    0.0    0.0    0.0    0.0    0.2    0.0    0.0    0.1    3.4    9.9    0.0
40301    0.0    0.0    0.0    0.1    0.0    0.0    0.0    0.1    0.0    0.0    0.8    3.6   11.7    0.0
40311    0.0    0.0    0.0    0.0    0.0    0.0    0.2    0.0    0.2    0.2    0.0    0.1    1.3    0.0
40321    0.0    0.0    0.0    0.0    0.0    0.0    0.1    0.0    0.4    0.1    0.0    0.0    0.9    0.1
40331    0.0    0.0    0.0    0.0    0.0    0.0    0.1    0.1    0.2    2.1    0.2    0.0    0.9    0.6
40341    0.0    0.0    0.0    0.0    0.0    0.0    0.1    0.1    0.2    0.0    0.0    0.0    1.0    0.0
40351    0.0    0.0    0.0    0.0    0.0    0.0    0.1    0.0    0.2    0.0    0.0    0.0    0.4    0.0
40361    0.0    0.0    0.0    0.0    0.0    0.0    0.1    0.1    0.4    0.0    0.0    0.0    0.5    0.1
