2014081300+000HOUR     2014081309LST
STNID  +009H  +015H  +021H  +027H  +033H  +039H  +045H  +051H  +057H  +063H  +069H  +075H  +081H  +087H
STNID 081318 081400 081406 081412 081418 081500 081506 081512 081518 081600 081606 081612 081618 081700
47003    0.0    0.0    0.0    0.0    0.0    0.0    0.1    0.5    0.9    0.1    0.0    0.2    0.7    0.0
47005    0.4    0.0    0.1    0.5    1.1    0.0    0.4    0.9    0.1    0.0    0.0    0.3    0.2    0.0
47008    0.0    0.0    0.0    0.2    1.5    0.2    1.2    1.2    1.4    0.0    0.1    0.0    0.6    0.0
47014    0.0    0.0    0.0    0.6    0.1    0.0    0.0    0.4    0.0    0.0    0.0    0.0    1.3    0.0
47016    0.4    1.1    0.0    0.3    0.0    0.0    0.4    1.4    0.6    0.3    0.0    0.0    0.7    0.0
47020    0.0    0.0    0.0    0.3    0.0    0.0    0.0    0.5    0.4    0.0    0.0    0.5    0.0    0.0
47022    0.0    0.0    0.0    0.3    0.0    0.0    0.0    0.8    0.1    0.0    0.0    0.0    0.3    0.0
47025    0.0    0.0    0.0    0.2    3.8    0.0    0.1    3.8    0.1    0.0    0.0    0.1    0.1    0.1
47028    0.0    0.0    0.0    0.2    0.4    0.0    0.0    0.0    0.1    0.0    0.1    0.0    0.0    0.0
47031    1.0    0.0    0.0    0.2    0.3    0.0    0.0    0.9    0.1    0.0    0.0    0.6    1.0    0.0
47035    0.0    0.0    0.0    0.1    0.0    0.0    0.0    0.6    0.0    0.0    0.0    0.0    0.0    0.0
47037    0.0    0.0    0.0    0.3    0.1    0.0    0.0    0.0    0.0    0.0    0.1    0.0    0.0    0.0
47039    0.0    0.0    0.0    0.1    0.4    0.0    0.0    0.8    0.0    0.0    0.0    0.0    0.0    0.0
47041    0.0    0.0    0.0    0.7    0.0    0.0    0.0    1.3    0.0    0.0    0.0    0.0    0.0    0.0
47046    0.0    0.0    0.0    0.0    0.2    0.0    0.1    0.5    0.0    0.0    0.0    0.0    0.0    0.1
47050    0.1    0.0    0.0    0.2    0.1    0.0    0.0    0.0    0.0    0.0    0.1    0.0    0.0    0.0
47052    0.1    2.2    0.0    0.1    0.4    0.0    0.1    0.7    0.0    0.0    0.0    0.0    0.0    0.0
47055    0.8    0.1    0.0    2.4    0.0    0.0    0.0    1.9    0.0    0.0    0.0    0.0    0.0    0.0
47058    0.1    0.0    0.0    0.0    0.2    0.0    0.0    0.0    0.0    0.0    0.0    0.0    0.0    0.0
47060    0.0    0.0    0.0    0.3    0.4    0.0    0.0    0.0    0.0    0.0    0.0    0.0    0.0    0.0
47061    0.0    0.1    0.0    0.2    1.1    0.0    0.0    0.4    0.0    0.0    0.0    0.0    0.0    0.0
47065    0.0    0.0    0.0    0.0    0.0    0.0    0.0    0.0    0.0    0.0    0.0    0.0    0.0    0.0
47067    0.0    0.0    0.0    0.0    0.0    0.0    0.0    0.0    0.0    0.0    0.0    0.0    0.0    0.0
47068    0.0    0.0    0.0    0.0    0.0    0.0    0.0    0.0    0.0    0.0    0.0    0.0    0.0    0.0
47069    0.1    0.0    0.0    0.0    0.0    0.0    0.0    0.0    0.0    0.0    0.0    0.0    0.0    0.0
47070    0.5    0.0    0.0    0.1    0.3    0.0    0.0    0.0    0.0    0.0    0.0    0.0    0.0    0.0
47075    0.1    0.0    0.0    0.0    0.0    0.0    0.0    0.0    0.0    0.0    0.0    0.0    0.0    0.0
47090    0.0    0.0    0.0    0.8    0.0    0.0    0.0    0.0    0.0    0.0    0.0    0.0    0.0    0.0
47095    0.3    0.0    0.0    0.0    0.0    0.0    0.0    0.0    0.0    0.0    0.0    0.0    0.0    0.0
47098    0.1    0.0    0.0    0.0    0.0    0.0    0.0    0.0    0.0    0.0    0.0    0.0    0.0    0.0
47099    0.6    0.0    0.0    0.1    0.0    0.0    0.0    0.0    0.0    0.0    0.0    0.0    0.0    0.0
47100    0.3    0.0    0.0    0.4    1.9    2.4    0.0    0.1    0.0    0.0    0.0    0.0    0.0    0.0
47101    0.1    0.0    0.0    0.1    0.3    0.0    0.0    0.0    0.0    0.0    0.0    0.0    0.0    0.0
47102    0.1    0.0    0.0    0.0    0.0    0.0    0.0    0.0    0.0    0.0    0.0    0.0    0.0    0.0
47104    0.1    0.0    0.0    0.3    1.3    2.2    0.0    0.1    0.0    0.0    0.0    0.0    0.0    0.0
47105    0.1    0.0    0.0    0.3    1.3    2.2    0.0    0.1    0.0    0.0    0.0    0.0    0.0    0.0
47106    0.1    0.0    0.0    0.5    2.0    1.4    1.7    0.0    0.0    0.0    0.0    0.0    0.0    0.0
47108    0.2    0.0    0.0    0.2    0.1    0.0    0.0    0.0    0.0    0.0    0.0    0.0    0.0    0.0
47112    0.2    0.0    0.0    0.2    0.1    0.0    0.0    0.0    0.2    0.0    0.0    0.0    0.0    0.0
47114    0.2    0.0    0.0    1.0    1.6    1.4    0.0    0.0    0.0    0.0    0.0    0.0    0.0    0.0
47115    0.3    0.0    0.3    0.8    3.9    2.8    0.3    0.1    0.1    0.0    0.0    0.0    0.0    0.0
47119    0.2    0.0    0.0    0.3    0.9    0.0    0.0    0.0    0.0    0.0    0.0    0.0    0.1    0.0
47121    0.3    0.0    0.0    0.8    2.3    1.9    2.8    0.0    0.0    0.0    0.0    0.0    0.0    0.0
47127    1.1    0.0    0.0    1.6    1.2    1.8    4.0    0.0    0.0    0.0    0.0    0.0    0.0    0.0
47129    0.6    0.3    0.9    0.5    1.7    0.0    0.0    0.0    0.0    0.0    0.0    0.0    0.0    0.0
47130    0.4    0.0    0.1    5.8    0.3    2.1    3.1    4.2    0.0    0.0    0.0    0.1    0.0    0.2
47131    0.9    0.1    0.1    1.8    1.4    1.3    3.8    0.0    0.0    0.0    0.0    0.0    0.0    0.0
47133    1.4    0.2    0.7    3.1    1.0    1.0    2.6    0.0    0.0    0.0    0.0    0.0    0.0    0.0
47135    1.4    0.5    4.7    7.1    0.1    0.0    6.1    0.0    0.0    0.0    0.0    0.0    0.0    0.0
47136    0.5    0.2    4.4    3.2    1.2    1.3    4.5    0.0    0.0    0.0    0.0    0.0    0.0    0.0
47137    2.1    0.5    7.2    1.8    2.8    0.1    5.4    0.0    0.0    0.0    0.0    0.0    0.0    0.0
47138    0.1    0.1    7.7    0.0    2.7    0.0    0.1    1.1    0.0    0.0    0.0    0.0    0.0    0.2
47140    2.7    0.2    2.3    7.7    0.4    0.2    3.2    0.0    0.0    0.0    0.0    0.0    0.0    0.0
47143    0.1    0.9    9.3    0.0    0.4    0.0    0.9    0.5    0.0    0.0    0.0    0.0    0.0    0.0
47146    1.4    0.7    4.3    1.4    7.0    0.0    6.0    0.0    0.0    0.0    0.0    0.0    0.0    0.0
47152    0.0    0.0    0.5    0.0    6.7   15.2    0.0    0.1    0.1    0.7    1.1    0.0    0.7    0.1
47155    0.0    0.2    1.4    1.0    3.6    0.0    0.1    0.1    0.1    0.3    0.0    0.0    0.0    0.8
47156    0.8    3.5    2.2    0.1    0.0    0.0    1.1    1.3    0.1    0.1    0.0    0.0    0.0    0.0
47159    0.0    0.0    1.1    2.1    5.3    8.6    0.0    0.0    0.7    0.4    1.4    0.5    0.8    0.0
47162    0.0    0.0    1.8    1.3    4.0    0.1    0.0    0.2    0.2    0.4    0.0    0.0    0.0    0.6
47165    1.5    3.0    1.2    0.7    0.0    0.0    3.2    0.0    0.1    0.0    0.0    0.0    0.1    0.0
47168    0.0    0.1    1.6    2.7    2.2    0.1    0.3    0.2    0.3    0.2    0.0    0.0    0.0    0.0
47169    0.4    3.2    1.2    1.8    5.9    0.0    1.4    0.0    0.0    0.0    0.0    0.0    0.0    0.0
47170    0.0    1.2    1.6    3.2    0.0    0.0    0.3    0.1    0.0    0.5    0.0    0.0    0.0    0.0
47172    0.9    2.8    1.3    0.9    1.6    0.9    2.3    0.0    0.5    0.0    0.0    0.0    0.0    0.0
47174    0.0    1.4    0.6    2.3    0.8    0.0    0.4    0.1    0.0    0.2    0.1    0.0    0.0    0.0
47175    0.4    2.3    0.0    0.4    0.0    0.0    0.4    0.0    0.0    0.0    0.0    0.0    0.0    0.0
47184    0.0    0.0    0.3    0.1    1.0    0.0    0.3    0.1    3.7    0.0    0.1    0.0    0.0    0.0
47185    0.0    0.0    0.7    0.0    0.1    0.0    1.0    0.0    5.9    0.0    0.0    0.0    0.0    0.0
47188    0.0    0.0    1.2    1.4    0.6    0.0    0.1    2.7    3.7    0.4    2.9    0.0    0.0    0.0
47189    0.1    0.0    1.4    0.8    0.1    0.0    0.2    0.8    6.8    0.0    0.0    0.0    0.0    0.0
47192    0.0    0.2    2.0    0.8    1.0    0.0    0.3    0.2    0.0    0.1    0.1    0.0    0.0    0.0
47201    0.1    0.0    0.0    0.0    0.0    0.0    0.0    0.0    0.0    0.0    0.0    0.0    0.0    0.0
47202    0.2    0.0    0.0    0.4    0.2    0.0    0.0    0.0    0.0    0.0    0.0    0.1    0.0    0.0
47203    0.1    0.0    0.0    0.7    1.0    0.4    0.0    0.0    0.0    0.0    0.0    0.0    0.0    0.0
47211    0.1    0.0    0.0    0.0    0.1    0.0    0.0    0.0    0.0    0.1    0.0    0.0    0.0    0.0
47212    0.1    0.0    0.0    0.1    0.3    0.0    0.0    0.0    0.0    0.0    0.0    0.0    0.0    0.0
47216    0.2    0.1    0.0    1.9    3.0    2.0    9.4    0.0    0.3    0.0    0.0    0.1    0.0    0.0
47217    0.5    0.0    0.0    0.5    1.7    2.4    1.9    0.0    0.1    0.0    0.0    0.0    0.0    0.0
47221    0.5    0.0    0.0    1.4    1.2    2.4    3.7    0.0    0.0    0.0    0.0    0.0    0.0    0.0
47226    1.5    0.2    0.6    2.9    1.8    0.7    1.5    0.0    0.1    0.0    0.0    0.0    0.0    0.0
47232    0.6    0.3    0.0    1.2    1.4    2.7    0.0    0.0    0.0    0.0    0.0    0.0    0.0    0.0
47235    2.5    0.3    1.5    0.9    1.8    1.2    2.4    0.0    0.0    0.0    0.0    0.0    0.0    0.0
47236    2.3    0.2    2.3    3.3    0.6    0.1    2.0    0.0    0.0    0.0    0.0    0.0    0.0    0.0
47238    2.4    0.2    2.5    9.7    0.3    0.0    3.9    0.0    0.0    0.0    0.0    0.0    0.0    0.0
47243    1.8    0.3    2.9    7.6    0.5    0.0    4.1    0.0    0.0    0.0    0.0    0.0    0.0    0.0
47244    1.0    2.6    1.8    0.2    0.7    0.0    2.1    0.6    0.1    0.0    0.0    0.0    0.0    0.0
47245    1.9    0.8    3.7    3.8    6.8    0.0    4.9    0.0    0.0    0.0    0.0    0.0    0.0    0.0
47247    0.9    3.1    3.0    0.1    0.8    0.0    1.3    1.2    0.0    0.0    0.0    0.0    0.0    0.0
47248    1.0    3.0    3.3    0.0    0.3    0.0    1.9    0.6    0.4    0.3    0.0    0.0    0.0    0.0
47251    0.9    2.1    3.0    1.2    3.3    0.0    3.6    0.0    0.0    0.0    0.0    0.0    0.0    0.0
47252    0.6    2.7    2.0    1.2    2.6    0.2    2.5    0.0    0.0    0.0    0.0    0.0    0.0    0.0
47253    0.0    0.0    1.0    2.8    3.4    7.4    0.0    0.1    0.7    0.1    1.2    0.3    0.7    0.1
47254    1.1    3.3    1.7    0.1    0.1    0.0    1.3    0.7    0.4    0.0    0.0    0.0    0.0    0.0
47255    0.0    0.1    1.3    2.5    7.4    0.0    0.1    0.1    0.3    0.3    0.0    0.0    0.0    0.7
47257    0.0    0.0    0.9    0.9    9.2   13.5    0.0    0.0    0.7    1.0    0.5    2.2    0.2    0.0
47258    0.0    0.2    0.8    1.5    2.4    0.0    0.4    0.1    0.1    3.6    0.0    0.0    0.0    0.0
47259    0.0    1.1    1.8    2.5    0.3    0.0    0.4    0.1    0.0    0.7    0.0    0.0    0.0    0.0
47260    0.0    1.1    1.8    2.5    0.3    0.0    0.4    0.1    0.0    0.7    0.0    0.0    0.0    0.0
47261    0.4    2.3    0.0    0.4    0.0    0.0    0.4    0.0    0.0    0.0    0.0    0.0    0.0    0.0
47262    0.0    0.2    0.8    1.5    2.4    0.0    0.4    0.1    0.1    3.6    0.0    0.0    0.0    0.0
47263    0.0    0.2    2.0    0.8    1.0    0.0    0.3    0.2    0.0    0.1    0.1    0.0    0.0    0.0
47264    0.5    1.7    2.9    0.3    0.2    0.1    1.2    1.3    0.0    0.0    0.0    0.0    0.0    0.0
47266    0.0    0.3    1.3    1.4    0.7    0.0    0.2    0.2    0.0    0.4    0.6    0.0    0.0    0.0
47271    0.4    0.1    0.4   11.0    0.3    0.0    5.2    0.0    0.0    0.0    0.0    0.0    0.0    0.0
47272    1.3    0.1    0.8   12.1    0.3    0.1    6.6    0.0    0.0    0.0    0.0    0.0    0.0    0.0
47273    2.0    0.2    1.9   10.5    0.2    0.6    5.2    0.0    0.0    0.0    0.0    0.0    0.0    0.0
47276    0.3    0.1    6.1    0.6    0.1    0.3    2.2    1.3    0.0    0.0    0.0    0.0    0.0    0.0
47277    0.3    0.0    6.2    5.4    0.4    0.0    1.2    3.4    0.0    0.0    0.0    0.1    0.0    0.1
47278    0.3    0.4    5.7    0.3    0.3    0.1    2.9    0.5    0.0    0.0    0.0    0.0    0.0    0.0
47279    0.6    1.2    5.1    0.7    0.5    0.3    2.1    1.4    0.0    0.0    0.0    0.0    0.0    0.0
47281    0.2    0.1    9.2    0.0    0.6    0.3    0.4    1.0    0.0    0.0    0.0    0.0    0.0    0.0
47283    0.1    0.0    4.8    0.0    5.6    0.0    0.0    0.7    0.0    0.0    0.0    0.0    0.0    0.8
47284    0.3    1.2    3.5    0.0    0.8    0.0    0.9    1.0    0.0    0.0    0.0    0.0    0.0    0.0
47285    0.1    0.4    4.5    1.0    1.4    0.0    0.4    0.3    0.0    0.0    0.0    0.0    0.0    0.0
47288    0.0    0.2    1.1    0.4    0.9    0.0    0.1    0.5    0.0    0.0    0.0    0.0    0.0    0.0
47289    0.1    0.6    4.3    2.3    1.3    0.0    0.5    0.5    0.0    0.0    0.0    0.0    0.0    0.0
47294    0.0    0.0    1.1    6.9    7.1    6.9    0.0    0.1    1.1    0.5    1.1    0.3    2.4    0.1
47295    0.0    0.0    2.2    1.5    2.0    0.2    0.2    0.9    0.0    0.8    0.0    0.0    0.0    0.5
  300    3.2    0.8    2.4    2.6    0.5    0.1    2.2    0.0    0.0    0.0    0.0    0.0    0.0    0.0
  301    0.3    3.5    0.9    2.3    2.2    0.0    2.3    0.0    0.0    0.0    0.0    0.0    0.0    0.0
  302    0.8    2.8    0.4    0.7    0.3    0.0    4.7    0.0    0.0    0.0    0.0    0.0    0.0    0.0
  303    1.4    0.8    0.0    0.7    2.0    0.0    1.6    0.0    0.0    0.0    0.0    0.0    0.0    0.0
  304    0.0    0.1    0.8    2.9    3.2    0.0    0.3    0.0    0.2    6.1    0.0    0.0    0.0    0.0
  305    0.0    0.0    0.9    2.7    0.0    0.0    0.0    0.6    5.2    3.5    0.0    0.0    0.0    0.0
  306    0.0    0.0    1.6    2.6    1.6    0.4    0.2    0.1    1.8    0.1    0.0    0.0    0.0    1.0
  307    0.0    0.0    1.2    1.4    0.0    0.0    0.2    0.1    3.3    0.0    0.0    0.0    0.0    0.2
  310    0.2    0.0    0.0    0.5    3.7    2.8   10.4    0.0    0.0    0.0    0.0    0.0    0.0    0.0
  311    0.7    1.9    5.2    0.2    0.7    0.0    1.7    0.7    0.0    0.0    0.0    0.0    0.0    0.0
  312    0.3    0.1    6.1    0.6    0.1    0.3    2.2    1.3    0.0    0.0    0.0    0.0    0.0    0.0
  313    0.0    0.0    0.7    4.6   11.0    3.9    0.0    0.1    1.6    0.6    1.8    1.8    5.0    0.3
  314    0.6    2.1    2.1    0.5    1.3    0.4    2.0    0.4    1.8    0.0    0.0    0.0    0.0    0.0
  315    0.3    2.0    1.6    0.5    0.5    0.0    0.6    0.9    0.2    0.0    0.0    0.0    0.0    0.0
  316    0.7    2.4    0.7    0.5    0.6    0.0    0.5    1.6    0.0    0.0    0.0    0.0    0.0    0.0
  317    1.4    0.7    4.3    1.4    7.0    0.0    6.0    0.0    0.0    0.0    0.0    0.0    0.0    0.0
  318    0.2    0.0    0.0    0.1    3.3    2.7    0.0    0.0    0.0    0.0    0.0    0.0    0.0    0.0
  319    0.3    0.0    0.2    0.4    2.2    2.9    0.2    0.1    0.0    0.0    0.0    0.0    0.0    0.0
  320    0.0    0.1    0.0    0.0    0.0    0.0    0.0    0.0    0.0    0.0    0.0    0.0    0.0    0.0
  321    0.1    0.0    0.0    0.0    0.1    0.0    0.0    0.0    0.0    0.1    0.0    0.0    0.0    0.0
  322    0.3    0.0    0.0    0.0    0.0    0.0    0.0    0.0    0.0    0.0    0.0    0.0    0.0    0.0
  323    0.3    0.0    0.0    0.0    0.0    0.0    0.0    0.0    0.0    0.0    0.0    0.0    0.0    0.0
  324    1.1    0.0    0.0    1.6    1.2    1.8    4.0    0.0    0.0    0.0    0.0    0.0    0.0    0.0
  325    0.5    0.0    0.0    1.7    0.9    3.0    2.2    0.0    0.0    0.0    0.0    0.0    0.0    0.0
  326    0.2    0.0    0.0    0.4    0.4    0.0    0.0    0.0    0.0    0.0    0.0    0.0    0.0    0.0
  327    0.9    0.1    0.1    1.8    1.4    1.3    3.8    0.0    0.0    0.0    0.0    0.0    0.0    0.0
  328    0.0    0.0    0.9    0.1    0.5    0.0    0.4    0.7    6.6    0.0    0.0    0.0    0.0    0.0
  329    0.0    0.0    0.8    0.5    0.5    0.0    0.2    0.8    5.4    0.0    0.2    0.0    0.0    0.0
  330    0.1    0.0    1.4    0.8    0.1    0.0    0.2    0.8    6.8    0.0    0.0    0.0    0.0    0.0
  351    0.6    0.0    0.0    0.0    0.0    0.0    0.0    0.0    0.0    0.0    0.0    0.0    0.0    0.0
  352    0.6    0.0    0.0    0.0    0.0    0.0    0.0    0.0    0.0    0.0    0.0    0.0    0.0    0.0
  353    0.5    0.0    0.0    0.0    0.0    0.0    0.0    0.0    0.1    0.0    0.0    0.0    0.0    0.0
  354    0.3    0.2    0.0    0.7    1.2    1.0    0.0    0.0    0.0    0.0    0.0    0.0    0.0    0.0
  355    0.2    0.1    0.0    0.7    1.1    0.0    0.0    0.0    0.0    0.0    0.0    0.0    0.0    0.0
  356    0.2    0.1    0.0    0.7    1.1    0.0    0.0    0.0    0.0    0.0    0.0    0.0    0.0    0.0
  357    0.3    0.2    0.0    0.7    1.2    1.0    0.0    0.0    0.0    0.0    0.0    0.0    0.0    0.0
  358    0.1    0.1    0.0    0.7    1.3    0.0    0.0    0.0    0.0    0.0    0.0    0.0    0.1    0.0
  359    0.1    0.0    0.0    0.0    0.0    0.0    0.0    0.0    0.0    0.0    0.0    0.0    0.0    0.0
  360    0.1    0.0    0.0    0.2    0.1    0.0    0.0    0.0    0.0    0.0    0.0    0.0    0.0    0.0
  361    0.3    0.0    0.0    0.0    0.0    0.0    0.0    0.0    0.0    0.0    0.0    0.0    0.0    0.0
  362    0.4    0.0    0.0    0.1    0.3    0.0    0.0    0.0    0.0    0.0    0.0    0.0    0.0    0.0
  364    0.3    0.0    0.0    0.1    0.3    0.0    0.0    0.0    0.0    0.0    0.0    0.0    0.0    0.0
  365    0.3    0.0    0.0    0.1    0.4    0.0    0.0    0.0    0.0    0.0    0.0    0.0    0.0    0.0
  366    0.4    0.0    0.0    0.1    0.3    0.0    0.0    0.0    0.0    0.0    0.0    0.0    0.0    0.0
  367    0.2    0.0    0.0    0.2    0.4    0.0    0.0    0.0    0.1    0.0    0.0    0.0    0.0    0.1
  368    0.1    0.0    0.0    0.2    0.1    0.0    0.0    0.0    0.0    0.0    0.0    0.0    0.0    0.0
  369    0.3    0.0    0.0    0.1    0.4    0.0    0.0    0.0    0.0    0.0    0.0    0.0    0.0    0.0
  370    0.3    0.0    0.0    0.9    1.0    0.7    0.0    0.0    0.0    0.0    0.0    0.0    0.0    0.0
  371    0.3    0.0    0.0    0.3    0.8    0.0    0.0    0.0    0.0    0.0    0.0    0.0    0.0    0.0
  372    0.6    0.0    0.0    0.0    0.0    0.0    0.0    0.0    0.0    0.0    0.0    0.0    0.0    0.0
  373    0.3    0.0    0.0    0.0    0.1    0.0    0.0    0.0    0.0    0.0    0.0    0.0    0.0    0.0
  374    0.2    0.1    0.0    0.7    1.1    0.0    0.0    0.0    0.0    0.0    0.0    0.0    0.0    0.0
  375    0.6    0.0    0.0    0.0    0.0    0.0    0.0    0.0    0.0    0.0    0.0    0.0    0.0    0.0
  380    0.6    0.0    0.0    0.1    0.0    0.0    0.0    0.0    0.0    0.0    0.0    0.0    0.0    0.0
  381    0.3    0.0    0.0    0.0    0.1    0.0    0.0    0.0    0.0    0.0    0.0    0.0    0.0    0.0
  382    0.1    0.0    0.0    0.0    0.2    0.0    0.0    0.0    0.0    0.0    0.0    0.0    0.0    0.0
  383    0.1    0.0    0.0    0.0    0.2    0.0    0.0    0.0    0.0    0.0    0.0    0.0    0.0    0.0
  384    0.1    0.0    0.0    0.0    0.2    0.0    0.0    0.0    0.0    0.0    0.0    0.0    0.0    0.0
  385    0.2    0.0    0.0    0.2    3.0    2.7    0.0    0.0    0.0    0.0    0.0    0.0    0.0    0.0
  387    0.2    0.0    0.0    0.3    0.9    0.0    0.0    0.0    0.0    0.0    0.0    0.0    0.1    0.0
  388    1.1    0.2    0.4    1.7    2.1    1.2    3.3    0.0    0.0    0.0    0.0    0.0    0.0    0.0
  389    1.3    0.1    0.8   12.1    0.3    0.1    6.6    0.0    0.0    0.0    0.0    0.0    0.0    0.0
  390    2.4    0.2    2.5    9.7    0.3    0.0    3.9    0.0    0.0    0.0    0.0    0.0    0.0    0.0
  391    0.1    1.0    6.6    0.4    0.7    0.2    2.0    1.1    0.0    0.0    0.0    0.0    0.0    0.0
  392    0.0    0.1    0.0    0.6    0.0    0.0    0.0    0.0    0.0    0.0    0.0    0.0    0.0    0.0
  393    2.1    0.2    3.1    7.4    2.0    1.5    6.0    0.0    0.0    0.0    0.0    0.0    0.0    0.0
  394    0.0    0.2    1.8    0.6    1.2    0.0    0.2    0.8    0.0    0.0    0.0    0.0    0.0    0.0
  395    0.2    0.0    0.0    0.2    0.1    0.0    0.0    0.0    0.0    0.0    0.0    0.0    0.0    0.0
  396    0.2    0.0    0.0    0.9    1.1    1.4    0.0    0.0    0.0    0.0    0.0    0.0    0.0    0.0
  397    0.1    0.0    0.0    0.1    0.3    0.0    0.0    0.0    0.0    0.0    0.0    0.0    0.0    0.0
  398    0.6    0.0    0.0    0.0    0.0    0.0    0.0    0.0    0.0    0.0    0.0    0.0    0.0    0.0
  399    0.3    0.0    0.0    0.0    0.0    0.0    0.0    0.0    0.0    0.0    0.0    0.0    0.0    0.0
  400    0.3    0.0    0.0    0.1    0.3    0.0    0.0    0.0    0.0    0.0    0.0    0.0    0.0    0.0
  401    0.3    0.0    0.0    0.1    0.3    0.0    0.0    0.0    0.0    0.0    0.0    0.0    0.0    0.0
  402    0.2    0.0    0.0    0.2    0.1    0.0    0.0    0.0    0.0    0.0    0.0    0.0    0.0    0.0
  403    0.3    0.0    0.0    0.1    0.3    0.0    0.0    0.0    0.0    0.0    0.0    0.0    0.0    0.0
  404    0.3    0.0    0.0    0.1    0.3    0.0    0.0    0.0    0.0    0.0    0.0    0.0    0.0    0.1
  405    0.3    0.0    0.0    0.1    0.3    0.0    0.0    0.0    0.0    0.0    0.0    0.0    0.0    0.1
  406    0.1    0.0    0.0    0.1    0.1    0.0    0.0    0.0    0.0    0.0    0.0    0.0    0.0    0.0
  407    0.1    0.0    0.0    0.1    0.1    0.0    0.0    0.0    0.0    0.0    0.0    0.0    0.0    0.0
  408    0.1    0.0    0.0    0.1    0.1    0.0    0.0    0.0    0.0    0.0    0.0    0.0    0.0    0.0
  409    0.1    0.0    0.0    0.1    0.1    0.0    0.0    0.0    0.0    0.0    0.0    0.0    0.0    0.0
  410    0.3    0.0    0.0    0.1    0.3    0.0    0.0    0.0    0.0    0.0    0.0    0.0    0.0    0.1
  411    0.3    0.0    0.0    0.1    0.3    0.0    0.0    0.0    0.0    0.0    0.0    0.0    0.0    0.1
  412    0.2    0.0    0.0    0.2    0.1    0.0    0.0    0.0    0.0    0.0    0.0    0.0    0.0    0.0
  413    0.3    0.0    0.0    0.1    0.3    0.0    0.0    0.0    0.0    0.0    0.0    0.0    0.0    0.0
  414    0.1    0.0    0.0    0.1    0.1    0.0    0.0    0.0    0.0    0.0    0.0    0.0    0.0    0.0
  415    0.3    0.0    0.0    0.1    0.3    0.0    0.0    0.0    0.0    0.0    0.0    0.0    0.0    0.0
  416    0.2    0.0    0.0    0.2    0.1    0.0    0.0    0.0    0.0    0.0    0.0    0.0    0.0    0.0
  417    0.3    0.0    0.0    0.1    0.3    0.0    0.0    0.0    0.0    0.0    0.0    0.0    0.0    0.1
  418    0.3    0.0    0.0    0.1    0.3    0.0    0.0    0.0    0.0    0.0    0.0    0.0    0.0    0.1
  419    0.3    0.0    0.0    0.1    0.4    0.0    0.0    0.0    0.0    0.0    0.0    0.0    0.0    0.0
  421    0.3    0.0    0.0    0.1    0.3    0.0    0.0    0.0    0.0    0.0    0.0    0.0    0.0    0.0
  422    0.5    0.0    0.0    0.2    0.0    0.0    0.0    0.0    0.0    0.0    0.0    0.0    0.0    0.0
  423    0.2    0.0    0.0    0.2    0.2    0.0    0.0    0.0    0.0    0.0    0.0    0.0    0.0    0.0
  424    0.1    0.0    0.0    0.1    0.1    0.0    0.0    0.0    0.0    0.0    0.0    0.0    0.0    0.0
  425    0.3    0.0    0.0    0.1    0.3    0.0    0.0    0.0    0.0    0.0    0.0    0.0    0.0    0.0
  430    0.3    0.0    0.0    0.3    0.5    0.0    0.0    0.0    0.0    0.0    0.0    0.0    0.0    0.0
  431    0.2    0.0    0.0    0.2    0.1    0.0    0.0    0.0    0.0    0.0    0.0    0.0    0.0    0.0
  432    0.3    0.0    0.0    0.3    0.5    0.0    0.0    0.0    0.0    0.0    0.0    0.0    0.0    0.0
  433    0.2    0.0    0.0    0.2    0.2    0.0    0.0    0.0    0.0    0.0    0.0    0.0    0.0    0.0
  434    0.3    0.0    0.0    0.1    0.4    0.0    0.0    0.0    0.0    0.0    0.0    0.0    0.0    0.0
  435    0.2    0.0    0.0    0.3    0.9    0.0    0.0    0.0    0.0    0.0    0.0    0.0    0.1    0.0
  436    0.3    0.0    0.0    0.6    1.0    0.0    0.0    0.0    0.0    0.0    0.0    0.0    0.0    0.0
  437    0.3    0.0    0.0    0.1    0.3    0.0    0.0    0.0    0.0    0.0    0.0    0.0    0.0    0.1
  438    0.3    0.0    0.0    0.1    0.4    0.0    0.0    0.0    0.0    0.0    0.0    0.0    0.0    0.0
  439    0.2    0.0    0.0    0.6    1.0    0.0    0.0    0.0    0.0    0.0    0.0    0.0    0.0    0.0
  440    0.1    0.0    0.0    0.7    1.0    0.4    0.0    0.0    0.0    0.0    0.0    0.0    0.0    0.0
  441    0.2    0.0    0.0    0.2    0.1    0.0    0.0    0.0    0.2    0.0    0.0    0.0    0.0    0.0
  442    0.2    0.0    0.0    0.2    0.1    0.0    0.0    0.0    0.0    0.0    0.0    0.0    0.0    0.0
  443    0.4    0.3    0.0    1.2    1.4    1.6    0.0    0.0    0.0    0.0    0.0    0.0    0.0    0.0
  444    0.2    0.0    0.0    0.2    0.1    0.0    0.0    0.0    0.0    0.0    0.0    0.0    0.0    0.0
  445    0.3    0.0    0.0    0.3    0.5    0.0    0.0    0.0    0.0    0.0    0.0    0.0    0.0    0.0
  446    0.2    0.0    0.0    0.6    1.0    0.0    0.0    0.0    0.0    0.0    0.0    0.0    0.0    0.0
  447    0.1    0.0    0.0    1.4    1.5    2.0    0.0    0.0    0.0    0.0    0.0    0.0    0.0    0.0
  448    0.3    0.0    0.0    0.3    0.7    0.0    0.0    0.0    0.0    0.0    0.0    0.0    0.0    0.0
  449    0.2    0.0    0.0    0.4    0.2    0.0    0.0    0.0    0.0    0.0    0.0    0.1    0.0    0.0
  450    0.2    0.0    0.0    0.2    0.1    0.0    0.0    0.0    0.0    0.0    0.0    0.0    0.0    0.0
  451    0.1    0.0    0.0    0.2    0.1    0.0    0.0    0.0    0.0    0.0    0.0    0.0    0.0    0.0
  452    0.1    0.0    0.0    0.0    0.0    0.0    0.0    0.0    0.0    0.0    0.0    0.0    0.0    0.0
  453    0.3    0.0    0.0    0.1    0.4    0.0    0.0    0.0    0.0    0.0    0.0    0.0    0.0    0.0
  454    0.1    0.0    0.0    0.0    0.0    0.0    0.0    0.0    0.0    0.0    0.0    0.0    0.0    0.0
  455    0.2    0.0    0.0    0.2    0.3    0.0    0.0    0.0    0.1    0.0    0.0    0.0    0.0    0.0
  456    0.3    0.0    0.0    0.0    0.0    0.0    0.0    0.0    0.0    0.0    0.0    0.0    0.0    0.0
  457    0.2    0.0    0.0    0.2    0.1    0.0    0.0    0.0    0.0    0.0    0.0    0.0    0.0    0.0
  458    0.2    0.0    0.0    0.4    0.2    0.0    0.0    0.0    0.0    0.0    0.0    0.1    0.0    0.0
  459    0.4    0.0    0.0    0.1    0.3    0.0    0.0    0.0    0.0    0.0    0.0    0.0    0.0    0.0
  460    0.3    0.0    0.0    0.3    0.7    0.0    0.0    0.0    0.0    0.0    0.0    0.0    0.0    0.0
  461    0.3    0.0    0.0    0.6    1.0    0.0    0.0    0.0    0.0    0.0    0.0    0.0    0.0    0.0
  462    0.2    0.0    0.0    1.2    1.3    1.4    0.0    0.0    0.0    0.0    0.0    0.0    0.0    0.0
  463    0.2    0.0    0.0    0.9    1.1    1.4    0.0    0.0    0.0    0.0    0.0    0.0    0.0    0.0
  464    0.2    0.0    0.0    1.8    1.5    2.2    0.0    0.0    0.0    0.0    0.0    0.1    0.0    0.0
  465    0.2    0.0    0.0    1.6    1.6    1.8    0.0    0.0    0.0    0.0    0.0    0.0    0.0    0.0
  466    0.2    0.0    0.0    0.9    1.1    1.4    0.0    0.0    0.0    0.0    0.0    0.0    0.0    0.0
  467    0.3    0.1    0.0    0.8    1.1    0.8    0.0    0.0    0.0    0.0    0.0    0.0    0.0    0.0
  468    0.3    0.1    0.0    0.8    1.1    0.8    0.0    0.0    0.0    0.0    0.0    0.0    0.0    0.0
  469    0.4    0.3    0.0    1.7    1.5    2.1    0.0    0.0    0.0    0.0    0.0    0.0    0.0    0.0
  470    0.4    0.3    0.0    1.2    1.4    1.6    0.0    0.0    0.0    0.0    0.0    0.0    0.0    0.0
  471    0.2    0.1    0.0    0.7    1.1    0.0    0.0    0.0    0.0    0.0    0.0    0.0    0.0    0.0
  472    0.1    0.1    0.0    0.7    1.3    0.0    0.0    0.0    0.0    0.0    0.0    0.0    0.1    0.0
  473    0.3    0.0    0.0    0.0    0.1    0.0    0.0    0.0    0.0    0.0    0.0    0.0    0.0    0.0
  474    0.3    0.0    0.0    0.0    0.0    0.0    0.0    0.0    0.0    0.0    0.0    0.0    0.0    0.0
  475    0.3    0.0    0.0    0.0    0.0    0.0    0.0    0.0    0.2    0.0    0.0    0.0    0.0    0.0
  476    0.3    0.0    0.0    0.0    0.0    0.0    0.0    0.0    0.0    0.0    0.0    0.0    0.0    0.0
  477    0.1    0.0    0.0    0.0    0.0    0.0    0.0    0.0    0.0    0.0    0.0    0.0    0.0    0.0
  478    0.3    0.0    0.0    0.0    0.0    0.0    0.0    0.0    0.0    0.0    0.0    0.0    0.0    0.0
  479    0.1    0.0    0.0    0.0    0.0    0.0    0.0    0.0    0.0    0.0    0.0    0.0    0.0    0.0
  480    0.3    0.0    0.0    0.0    0.0    0.0    0.0    0.0    0.0    0.0    0.0    0.0    0.0    0.0
  481    0.6    0.0    0.0    0.1    0.0    0.0    0.0    0.0    0.0    0.0    0.0    0.0    0.0    0.0
  482    0.2    0.0    0.0    0.1    0.0    0.0    0.0    0.0    0.1    0.0    0.0    0.0    0.0    0.0
  483    0.2    0.0    0.0    0.1    0.1    0.0    0.0    0.0    0.1    0.0    0.0    0.0    0.0    0.0
  484    0.2    0.0    0.0    0.1    0.1    0.0    0.0    0.0    0.0    0.0    0.0    0.0    0.0    0.0
  485    0.2    0.0    0.0    0.4    0.2    0.0    0.0    0.0    0.0    0.0    0.0    0.1    0.0    0.0
  486    0.2    0.0    0.0    0.1    0.1    0.0    0.0    0.0    0.0    0.0    0.0    0.0    0.0    0.0
  487    0.2    0.0    0.0    0.3    0.0    0.0    0.0    0.0    0.6    0.0    0.0    0.0    0.0    0.0
  488    0.2    0.0    0.0    0.1    0.8    0.0    0.0    0.0    0.0    0.0    0.0    0.0    0.0    0.0
  489    0.2    0.0    0.0    0.1    0.8    0.0    0.0    0.0    0.0    0.0    0.0    0.0    0.0    0.0
  490    0.3    0.0    0.0    0.0    0.0    0.0    0.0    0.0    0.0    0.0    0.0    0.0    0.0    0.0
  491    0.3    0.0    0.0    0.0    0.0    0.0    0.0    0.0    0.0    0.0    0.0    0.0    0.0    0.0
  492    0.3    0.0    0.0    0.1    0.4    0.0    0.0    0.0    0.0    0.0    0.0    0.0    0.0    0.0
  495    0.5    0.4    0.0    1.1    1.4    1.8    0.0    0.0    0.0    0.0    0.0    0.0    0.0    0.0
  496    1.4    0.2    0.7    3.1    1.0    1.0    2.6    0.0    0.0    0.0    0.0    0.0    0.0    0.0
  497    0.1    0.0    0.0    0.4    2.9    2.5    0.0    0.2    0.0    0.0    0.0    0.0    0.0    0.0
  498    0.3    0.0    0.0    0.3    1.9    1.5    0.0    0.0    0.1    0.0    0.0    0.0    0.0    0.0
  499    0.2    0.0    0.0    0.0    0.1    0.0    0.0    0.0    0.1    0.0    0.0    0.0    0.0    0.0
  500    0.2    0.0    0.0    0.2    0.0    0.0    0.0    0.0    0.3    0.0    0.0    0.0    0.0    0.0
  501    0.2    0.1    0.2    0.0    0.0    0.0    0.0    0.0    0.0    0.0    0.0    0.0    0.0    0.0
  502    0.2    0.0    0.0    0.1    0.2    0.0    0.0    0.0    0.0    0.0    0.0    0.0    0.0    0.0
  503    0.2    0.0    0.0    0.1    0.0    0.0    0.0    0.0    0.1    0.0    0.0    0.0    0.0    0.0
  504    0.1    0.0    0.0    0.0    0.0    0.0    0.0    0.0    0.0    0.0    0.0    0.0    0.0    0.0
  505    0.5    0.0    0.0    0.2    0.0    0.0    0.0    0.0    0.0    0.0    0.0    0.0    0.0    0.0
  506    0.2    0.0    0.0    0.2    0.0    0.0    0.0    0.0    0.0    0.0    0.0    0.0    0.0    0.0
  507    0.3    0.0    0.0    0.0    0.0    0.0    0.0    0.0    0.0    0.0    0.0    0.0    0.0    0.0
  508    0.2    0.0    0.0    0.2    0.0    0.0    0.0    0.0    0.3    0.0    0.0    0.0    0.0    0.0
  509    0.3    0.0    0.0    0.1    0.4    0.0    0.0    0.0    0.0    0.0    0.0    0.0    0.0    0.0
  510    0.3    0.0    0.0    0.1    0.3    0.0    0.0    0.0    0.0    0.0    0.0    0.0    0.0    0.1
  511    0.2    0.0    0.0    0.2    0.1    0.0    0.0    0.0    0.2    0.0    0.0    0.0    0.0    0.0
  512    0.2    0.0    0.0    0.2    0.4    0.0    0.0    0.0    0.1    0.0    0.0    0.0    0.0    0.1
  513    0.2    0.0    0.0    0.2    0.2    0.0    0.0    0.0    0.0    0.0    0.0    0.0    0.0    0.0
  514    0.2    0.0    0.0    0.2    0.4    0.0    0.0    0.0    0.1    0.0    0.0    0.0    0.0    0.1
  515    0.2    0.0    0.0    0.6    1.1    0.0    0.0    0.0    0.0    0.0    0.0    0.0    0.1    0.0
  516    0.5    0.4    0.0    1.1    1.4    1.8    0.0    0.0    0.0    0.0    0.0    0.0    0.0    0.0
  517    0.0    0.0    0.0    0.8    0.0    0.0    0.0    0.0    0.0    0.0    0.0    0.0    0.0    0.0
  518    0.1    0.0    0.0    0.0    0.1    0.0    0.0    0.0    0.1    0.0    0.0    0.0    0.0    0.0
  519    0.1    0.0    0.0    0.0    0.1    0.0    0.0    0.0    0.0    0.0    0.0    0.0    0.0    0.0
  520    0.0    0.1    0.0    0.3    0.1    0.0    0.0    0.0    0.0    0.0    0.0    0.0    0.0    0.0
  521    0.0    0.1    0.0    0.3    0.1    0.0    0.0    0.0    0.0    0.0    0.0    0.0    0.0    0.0
  522    0.1    0.0    0.0    0.0    0.2    0.0    0.0    0.0    0.0    0.0    0.0    0.0    0.0    0.0
  523    0.1    0.0    0.0    0.3    1.3    2.2    0.0    0.1    0.0    0.0    0.0    0.0    0.0    0.0
  524    0.1    0.0    0.0    0.3    1.3    2.2    0.0    0.1    0.0    0.0    0.0    0.0    0.0    0.0
  525    0.2    0.0    0.0    0.3    2.1    2.4    0.0    0.0    0.3    0.0    0.0    0.0    0.0    0.0
  526    0.3    0.0    0.0    0.4    2.3    2.3    1.7    0.0    0.2    0.0    0.0    0.0    0.0    0.0
  527    0.5    0.0    0.0    0.5    2.8    2.1    3.4    0.0    0.2    0.0    0.0    0.0    0.0    0.0
  528    0.1    0.0    0.0    0.0    0.0    0.0    0.0    0.0    0.0    0.0    0.0    0.0    0.0    0.0
  529    0.4    0.0    0.1    5.8    0.3    2.1    3.1    4.2    0.0    0.0    0.0    0.1    0.0    0.2
  530    0.1    0.0    0.2    0.3    3.9    2.7    0.2    0.1    0.0    0.0    0.0    0.0    0.0    0.0
  531    0.1    0.0    0.0    0.0    0.2    0.0    0.0    0.0    0.0    0.0    0.0    0.0    0.0    0.0
  532    0.3    0.0    0.0    0.0    0.1    0.0    0.0    0.0    0.0    0.0    0.0    0.0    0.0    0.0
  533    0.2    0.0    0.0    0.2    0.1    0.0    0.0    0.0    0.0    0.0    0.0    0.0    0.0    0.0
  534    0.2    0.0    0.0    1.6    1.6    1.8    0.0    0.0    0.0    0.0    0.0    0.0    0.0    0.0
  535    0.2    0.0    0.0    0.2    1.0    0.3    0.0    0.0    0.0    0.0    0.0    0.0    0.0    0.0
  536    0.2    0.0    0.0    1.0    1.6    1.4    0.0    0.0    0.0    0.0    0.0    0.0    0.0    0.0
  537    0.1    0.0    0.0    0.5    1.7    1.7    0.0    0.1    0.0    0.0    0.0    0.0    0.0    0.0
  538    0.2    0.0    0.0    0.0    0.1    0.0    0.0    0.0    0.1    0.0    0.0    0.0    0.0    0.0
  539    0.3    0.0    0.0    0.0    0.0    0.0    0.0    0.0    0.0    0.0    0.0    0.0    0.0    0.0
  540    0.2    0.0    0.0    0.2    0.1    0.0    0.0    0.0    0.0    0.0    0.0    0.0    0.0    0.0
  541    0.1    0.0    0.0    0.2    0.1    0.0    0.0    0.0    0.0    0.0    0.0    0.0    0.0    0.0
  542    0.1    0.0    0.0    0.2    0.1    0.0    0.0    0.0    0.0    0.0    0.0    0.0    0.0    0.0
  543    0.2    0.0    0.0    0.3    0.0    0.0    0.0    0.0    0.6    0.0    0.0    0.0    0.0    0.0
  544    0.2    0.0    0.0    0.1    0.8    0.0    0.0    0.0    0.0    0.0    0.0    0.0    0.0    0.0
  545    0.2    0.0    0.0    0.1    0.5    0.0    0.0    0.0    0.0    0.0    0.0    0.0    0.2    0.0
  546    0.2    0.0    0.0    0.2    0.5    0.0    0.0    0.0    0.0    0.0    0.0    0.0    0.0    0.0
  547    0.2    0.0    0.0    0.7    1.0    1.0    0.0    0.0    0.0    0.0    0.0    0.0    0.0    0.0
  548    0.2    0.0    0.0    0.9    1.1    1.4    0.0    0.0    0.0    0.0    0.0    0.0    0.0    0.0
  549    0.4    0.0    0.0    0.1    0.3    0.0    0.0    0.0    0.0    0.0    0.0    0.0    0.0    0.0
  550    0.2    0.0    0.0    0.6    1.0    0.0    0.0    0.0    0.0    0.0    0.0    0.0    0.0    0.0
  551    0.5    0.4    0.0    1.1    1.4    1.8    0.0    0.0    0.0    0.0    0.0    0.0    0.0    0.0
  552    0.3    0.0    0.0    0.0    0.1    0.0    0.0    0.0    0.0    0.0    0.0    0.0    0.0    0.0
  553    0.0    0.0    0.0    0.8    0.0    0.0    0.0    0.0    0.0    0.0    0.0    0.0    0.0    0.0
  554    0.0    0.0    0.0    0.0    0.1    0.0    0.0    0.0    0.0    0.0    0.0    0.0    0.0    0.0
  555    0.1    0.0    0.0    0.0    0.1    0.0    0.0    0.0    0.0    0.0    0.0    0.0    0.0    0.0
  556    0.1    0.0    0.0    0.0    0.2    0.0    0.0    0.0    0.0    0.0    0.0    0.0    0.0    0.0
  557    0.2    0.0    0.0    0.0    0.1    0.0    0.0    0.0    0.1    0.0    0.0    0.0    0.0    0.0
  558    0.1    0.0    0.0    0.2    0.0    0.0    0.0    0.0    0.0    0.0    0.0    0.0    0.0    0.0
  559    0.5    0.0    0.0    0.4    1.5    1.7    0.0    0.0    0.2    0.0    0.0    0.0    0.0    0.0
  560    0.3    0.0    0.0    0.2    2.5    2.5    0.0    0.0    0.5    0.0    0.0    0.0    0.0    0.0
  561    0.2    0.0    0.0    0.7    1.6    1.1    0.0    0.0    0.0    0.0    0.0    0.0    0.0    0.0
  562    0.3    0.0    0.0    0.8    2.3    1.9    2.8    0.0    0.0    0.0    0.0    0.0    0.0    0.0
  563    0.2    0.0    0.0    0.1    3.0    2.5    0.2    0.0    0.3    0.0    0.0    0.0    0.0    0.0
  565    0.2    0.0    0.0    0.2    0.4    0.0    0.0    0.0    0.1    0.0    0.0    0.0    0.0    0.1
  566    0.1    0.0    0.0    0.3    1.3    2.2    0.0    0.1    0.0    0.0    0.0    0.0    0.0    0.0
  567    0.1    0.0    0.0    0.0    0.0    0.0    0.0    0.0    0.0    0.0    0.0    0.0    0.0    0.0
  568    0.3    0.0    0.0    0.0    0.0    0.0    0.0    0.0    0.0    0.0    0.0    0.0    0.0    0.0
  569    0.1    0.0    0.0    0.2    0.1    0.0    0.0    0.0    0.0    0.0    0.0    0.0    0.0    0.0
  570    0.2    0.0    0.0    0.3    0.0    0.0    0.0    0.0    0.6    0.0    0.0    0.0    0.0    0.0
  571    0.2    0.0    0.0    0.1    0.8    0.0    0.0    0.0    0.0    0.0    0.0    0.0    0.0    0.0
  572    0.3    0.0    0.0    0.1    0.3    0.0    0.0    0.0    0.0    0.0    0.0    0.0    0.0    0.0
  573    0.2    0.0    0.0    0.4    0.9    0.1    0.0    0.0    0.0    0.0    0.0    0.0    0.0    0.0
  574    0.2    0.0    0.0    0.9    1.1    1.4    0.0    0.0    0.0    0.0    0.0    0.0    0.0    0.0
  575    0.3    0.1    0.0    0.8    1.1    0.8    0.0    0.0    0.0    0.0    0.0    0.0    0.0    0.0
  576    0.3    0.0    0.0    0.9    1.0    0.7    0.0    0.0    0.0    0.0    0.0    0.0    0.0    0.0
  577    0.2    0.0    0.0    0.2    0.0    0.0    0.0    0.0    0.3    0.0    0.0    0.0    0.0    0.0
  578    0.2    0.0    0.0    0.4    0.2    0.0    0.0    0.0    0.0    0.0    0.0    0.0    0.0    0.0
  579    0.2    0.2    0.0    0.4    2.9    2.7    9.4    0.0    0.1    0.0    0.0    0.1    0.0    0.0
  580    0.1    0.0    0.0    0.5    2.0    1.4    1.7    0.0    0.0    0.0    0.0    0.0    0.0    0.0
  581    0.3    0.0    0.1    1.9    3.1    2.0    8.9    0.0    0.3    0.1    0.0    0.0    0.0    0.0
  582    0.3    0.0    0.0    1.3    1.2    3.0    1.4    0.0    0.1    0.0    0.0    0.0    0.0    0.0
  583    0.2    0.0    0.0    1.2    1.7    2.5    0.0    0.0    0.2    0.0    0.0    0.0    0.0    0.0
  585    0.1    0.0    0.0    0.0    0.2    0.0    0.0    0.0    0.0    0.0    0.0    0.0    0.0    0.0
  586    0.1    0.0    0.0    0.0    0.2    0.0    0.0    0.0    0.0    0.0    0.0    0.0    0.0    0.0
  587    0.3    0.0    0.0    0.0    0.0    0.0    0.0    0.0    0.0    0.1    0.0    0.0    0.0    0.0
  588    0.1    0.0    0.0    0.0    0.2    0.0    0.0    0.0    0.0    0.0    0.0    0.0    0.0    0.0
  589    0.2    0.0    0.0    0.2    0.0    0.0    0.0    0.0    0.0    0.0    0.0    0.0    0.0    0.0
  590    0.4    0.0    0.0    0.1    0.3    0.0    0.0    0.0    0.0    0.0    0.0    0.0    0.0    0.0
  591    0.2    0.0    0.0    1.6    1.7    1.9    0.0    0.0    0.0    0.0    0.0    0.0    0.0    0.0
  592    0.2    0.0    0.0    0.9    1.1    1.4    0.0    0.0    0.0    0.0    0.0    0.0    0.0    0.0
  593    0.0    0.1    0.0    0.3    0.1    0.0    0.0    0.0    0.0    0.0    0.0    0.0    0.0    0.0
  594    0.1    0.0    0.0    0.0    0.1    0.0    0.0    0.0    0.0    0.1    0.0    0.0    0.0    0.0
  595    0.0    0.8    0.0    0.1    0.0    0.0    0.0    0.0    0.0    0.0    0.0    0.0    0.0    0.0
  596    0.0    0.1    0.0    0.3    0.1    0.0    0.0    0.0    0.0    0.0    0.0    0.0    0.0    0.0
  597    0.2    0.0    0.0    0.1    3.0    2.5    0.2    0.0    0.3    0.0    0.0    0.0    0.0    0.0
  598    0.2    0.0    0.0    0.1    0.0    0.0    0.0    0.0    0.1    0.0    0.0    0.0    0.0    0.0
  599    0.1    0.0    0.0    0.1    0.1    0.0    0.0    0.0    0.0    0.0    0.0    0.0    0.0    0.0
  600    0.6    0.5    0.0    2.2    0.5    3.2    0.1    0.0    0.0    0.0    0.0    0.0    0.0    0.0
  601    0.5    0.0    0.0    1.1    1.8    2.0    3.7    0.0    0.2    0.0    0.0    0.0    0.0    0.0
  602    0.7    0.4    0.0    1.9    1.2    3.5    0.3    0.0    0.0    0.0    0.0    0.0    0.0    0.0
  603    0.8    0.2    0.0    2.2    0.4    3.4    1.2    0.0    0.0    0.0    0.0    0.0    0.0    0.0
  604    1.5    0.2    1.7   11.8    0.4    0.4    4.9    0.0    0.0    0.0    0.0    0.0    0.0    0.0
  605    1.5    0.2    1.7   11.8    0.4    0.4    4.9    0.0    0.0    0.0    0.0    0.0    0.0    0.0
  606    0.3    0.1    0.1    0.5    1.3    0.0    0.0    0.0    0.0    0.0    0.0    0.0    0.0    0.0
  607    0.6    0.5    1.0    0.8    1.9    0.1    0.0    0.0    0.0    0.0    0.0    0.0    0.0    0.0
  608    0.8    0.4    2.1    0.5    1.7    1.3    0.1    0.0    0.0    0.0    0.0    0.0    0.0    0.0
  609    1.1    0.4    0.6    2.3    0.6    1.8    0.4    0.0    0.0    0.0    0.0    0.0    0.0    0.0
  610    0.8    0.4    2.1    0.5    1.7    1.3    0.1    0.0    0.0    0.0    0.0    0.0    0.0    0.0
  611    0.9    0.2    0.4    1.9    1.8    1.3    3.3    0.0    0.0    0.0    0.0    0.0    0.0    0.0
  612    1.3    0.2    0.8    2.2    2.3    1.1    3.1    0.0    0.0    0.0    0.0    0.0    0.0    0.0
  614    2.9    0.2    3.3    1.6    0.6    0.6    2.2    0.0    0.0    0.0    0.0    0.0    0.0    0.0
  615    2.3    0.2    2.3    3.3    0.6    0.1    2.0    0.0    0.0    0.0    0.0    0.0    0.0    0.0
  616    0.4    0.1    0.3    0.8    1.3    0.0    0.0    0.0    0.0    0.0    0.0    0.0    0.0    0.0
  617    0.8    0.4    0.0    1.3    1.6    3.5    0.0    0.0    0.0    0.0    0.0    0.0    0.0    0.0
  618    1.1    0.3    0.5    1.6    2.4    2.1    1.8    0.0    0.0    0.0    0.0    0.0    0.0    0.0
  619    0.8    0.2    0.0    2.2    0.4    3.4    1.2    0.0    0.0    0.0    0.0    0.0    0.0    0.0
  620    0.2    0.0    0.0    1.8    1.5    2.2    0.0    0.0    0.0    0.0    0.0    0.1    0.0    0.0
  621    0.5    0.0    0.0    1.4    1.2    2.4    3.7    0.0    0.0    0.0    0.0    0.0    0.0    0.0
  622    1.2    0.1    0.0    1.9    1.4    1.4    3.7    0.0    0.1    0.0    0.0    0.0    0.0    0.0
  623    0.9    0.1    0.1    1.8    1.4    1.3    3.8    0.0    0.0    0.0    0.0    0.0    0.0    0.0
  624    1.3    0.0    0.0    1.9    1.9    1.4    3.3    0.0    0.1    0.0    0.0    0.0    0.0    0.0
  625    1.5    0.2    1.0    9.4    0.7    0.4    4.5    0.0    0.0    0.0    0.0    0.0    0.0    0.0
  626    1.5    0.3    3.1   11.4    0.3    0.0    5.8    0.0    0.0    0.0    0.0    0.0    0.0    0.0
  627    0.3    0.1    0.1    0.5    1.3    0.0    0.0    0.0    0.0    0.0    0.0    0.0    0.0    0.0
  628    0.6    0.3    0.5    0.8    1.5    1.6    0.0    0.0    0.0    0.0    0.0    0.0    0.0    0.0
  629    0.7    0.4    0.0    1.2    1.4    4.5    0.1    0.0    0.0    0.0    0.0    0.0    0.0    0.0
  630    0.4    0.2    0.0    2.0    0.5    3.2    0.0    0.0    0.0    0.0    0.0    0.0    0.0    0.0
  631    0.2    0.0    0.0    0.1    0.8    0.0    0.0    0.0    0.0    0.0    0.0    0.0    0.0    0.0
  632    0.8    0.5    0.5    0.9    0.7    2.7    0.0    0.0    0.0    0.0    0.0    0.0    0.0    0.0
  633    1.3    0.2    0.8    2.2    2.3    1.1    3.1    0.0    0.0    0.0    0.0    0.0    0.0    0.0
  634    0.5    0.2    0.1    1.1    1.4    1.5    0.0    0.0    0.0    0.0    0.0    0.0    0.0    0.0
  635    2.9    0.2    3.2    4.4    0.4    0.2    2.6    0.0    0.0    0.0    0.0    0.0    0.0    0.0
  636    1.9    0.2    1.0    6.4    0.6    0.0    2.2    0.0    0.0    0.0    0.0    0.0    0.0    0.0
  637    0.2    0.0    0.0    0.1    1.3    0.0    0.0    0.0    0.0    0.0    0.0    0.0    0.0    0.0
  638    0.3    0.0    0.0    0.8    2.3    1.9    2.8    0.0    0.0    0.0    0.0    0.0    0.0    0.0
  639    1.5    0.0    0.0    1.7    2.3    1.2    2.7    0.0    0.1    0.0    0.0    0.0    0.0    0.0
  640    1.3    0.0    0.0    1.9    1.9    1.4    3.3    0.0    0.1    0.0    0.0    0.0    0.0    0.0
  641    1.0    0.2    0.4    2.3    1.5    1.4    3.0    0.0    0.0    0.0    0.0    0.0    0.0    0.0
  642    1.4    0.2    0.7    3.1    1.0    1.0    2.6    0.0    0.0    0.0    0.0    0.0    0.0    0.0
  643    1.4    0.2    0.7    3.1    1.0    1.0    2.6    0.0    0.0    0.0    0.0    0.0    0.0    0.0
  644    2.6    0.2    3.1    7.7    0.4    0.1    3.5    0.0    0.0    0.0    0.0    0.0    0.0    0.0
  645    0.9    0.4    1.1    0.6    2.0    0.9    0.0    0.0    0.0    0.0    0.0    0.0    0.0    0.0
  646    3.0    0.2    2.8    0.5    1.9    1.1    2.2    0.0    0.0    0.0    0.0    0.0    0.0    0.0
  647    1.9    0.3    3.9    9.3    0.3    0.0    5.6    0.0    0.0    0.0    0.0    0.0    0.0    0.0
  648    1.4    0.2    0.7    4.9    0.8    0.1    1.5    0.0    0.0    0.0    0.0    0.0    0.0    0.0
  649    0.2    0.0    0.0    0.2    0.2    0.0    0.0    0.0    0.0    0.0    0.0    0.0    0.0    0.0
  650    0.4    0.0    0.0    0.0    0.1    0.0    0.0    0.0    0.0    0.0    0.0    0.0    0.0    0.0
  651    0.4    0.0    0.0    0.0    0.1    0.0    0.0    0.0    0.0    0.0    0.0    0.0    0.0    0.0
  652    0.3    0.0    0.0    0.0    0.0    0.0    0.0    0.0    0.0    0.0    0.0    0.0    0.0    0.0
  654    0.2    0.0    0.0    0.1    0.2    0.0    0.0    0.0    0.0    0.0    0.0    0.0    0.0    0.0
  655    0.2    0.0    0.0    0.0    0.0    0.0    0.0    0.0    0.0    0.0    0.0    0.0    0.0    0.0
  656    0.2    0.0    0.0    0.1    0.2    0.0    0.0    0.0    0.0    0.0    0.0    0.0    0.0    0.0
  657    2.5    0.3    1.5    0.9    1.8    1.2    2.4    0.0    0.0    0.0    0.0    0.0    0.0    0.0
  658    0.2    0.1    0.0    0.2    1.5    0.0    0.0    0.0    0.0    0.0    0.0    0.0    0.0    0.0
  659    2.4    0.2    2.5    9.7    0.3    0.0    3.9    0.0    0.0    0.0    0.0    0.0    0.0    0.0
  660    0.2    0.0    0.0    0.3    2.1    2.4    0.0    0.0    0.3    0.0    0.0    0.0    0.0    0.0
  661    0.0    0.0    0.0    0.8    0.0    0.0    0.0    0.0    0.0    0.0    0.0    0.0    0.0    0.0
  662    0.1    0.0    0.0    0.6    0.1    0.0    0.0    0.0    0.0    0.0    0.0    0.0    0.0    0.0
  663    0.1    0.0    0.0    0.2    0.3    0.0    0.0    0.0    0.0    0.0    0.0    0.0    0.0    0.0
  664    0.2    0.0    0.0    0.2    0.2    0.0    0.0    0.0    0.0    0.0    0.0    0.0    0.0    0.1
  665    0.2    0.0    0.0    0.4    0.2    0.0    0.0    0.0    0.0    0.0    0.0    0.0    0.0    0.0
  666    0.1    0.0    0.0    0.1    0.8    0.0    0.0    0.0    0.0    0.0    0.0    0.0    0.0    0.0
  667    0.5    0.4    0.2    0.2    1.7    0.0    0.0    0.0    0.0    0.0    0.0    0.0    0.0    0.0
  669    1.4    1.0    0.6    2.2    1.2    1.1    0.0    0.0    0.0    0.0    0.0    0.0    0.0    0.0
  670    0.0    0.1    0.0    0.3    0.1    0.0    0.0    0.0    0.0    0.0    0.0    0.0    0.0    0.0
  671    0.0    0.1    0.0    0.3    0.1    0.0    0.0    0.0    0.0    0.0    0.0    0.0    0.0    0.0
  672    0.9    2.0    3.2    1.5    3.9    0.0    3.8    0.0    0.0    0.0    0.0    0.0    0.0    0.0
  673    0.0    0.2    1.1    0.3    2.9    0.0    0.1    0.2    0.1    0.2    0.0    0.0    0.0    0.4
  674    0.3    0.1    0.0    3.8    1.9    2.0    8.2    0.0    1.6    0.3    0.0    0.0    0.0    0.0
  675    0.1    0.0    0.0    0.0    0.2    0.0    0.0    0.0    0.0    0.0    0.0    0.0    0.0    0.0
  680    0.1    0.0    0.0    0.0    0.1    0.0    0.0    0.0    0.0    0.0    0.0    0.0    0.0    0.0
  681    0.3    0.0    0.0    0.0    0.0    0.0    0.0    0.0    0.0    0.1    0.0    0.0    0.0    0.0
  682    0.1    0.0    0.0    0.0    0.0    0.0    0.0    0.0    0.1    0.0    0.0    0.0    0.0    0.0
  690    1.1    3.4    2.7    0.1    0.3    0.0    0.8    1.8    0.1    0.0    0.0    0.0    0.0    0.0
  691    1.7    0.2    1.1    2.4    2.0    1.1    2.4    0.0    0.0    0.0    0.0    0.0    0.0    0.0
  692    0.0    0.0    0.0    0.0    0.1    0.0    0.0    0.0    0.0    0.0    0.0    0.0    0.0    0.0
  693    0.8    0.1    0.0    2.0    1.7    2.8    2.2    0.0    0.0    0.0    0.0    0.0    0.0    0.0
  694    0.6    0.3    1.1    0.5    1.7    0.2    0.0    0.0    0.0    0.0    0.0    0.0    0.0    0.0
  695    0.0    0.0    0.0    0.0    0.0    0.0    0.0    0.0    0.0    0.0    0.0    0.0    0.0    0.0
  696    0.1    0.0    0.0    0.5    2.0    1.4    1.7    0.0    0.0    0.0    0.0    0.0    0.0    0.0
  697    0.3    1.5    0.0    0.8    0.0    0.0    0.6    0.0    0.1    0.6    0.0    0.0    0.0    0.0
  698    0.3    3.2    1.1    1.8    1.6    0.0    2.5    0.0    0.2    0.0    0.0    0.0    0.0    0.0
  699    1.2    3.6    1.6    0.6    0.0    0.0    3.3    0.0    0.1    0.0    0.0    0.0    0.1    0.0
  700    2.6    0.9    1.6    1.6    0.9    0.9    0.0    0.0    0.0    0.0    0.0    0.0    0.0    0.0
  701    1.8    0.8    4.6    2.0    3.5    0.0    5.3    0.0    0.0    0.0    0.0    0.0    0.0    0.0
  702    2.3    0.3    2.3   12.1    0.0    0.0    4.9    0.0    0.0    0.0    0.0    0.0    0.0    0.0
  703    1.3    1.6    3.4    0.6    2.6    0.0    4.6    0.0    0.2    0.0    0.0    0.0    0.0    0.0
  704    2.1    0.3    2.5   10.8    0.0    0.0    3.9    0.0    0.0    0.0    0.0    0.0    0.0    0.0
  706    0.8    3.5    2.2    0.1    0.0    0.0    1.1    1.3    0.1    0.1    0.0    0.0    0.0    0.0
  707    0.3    3.2    1.1    1.8    1.6    0.0    2.5    0.0    0.2    0.0    0.0    0.0    0.0    0.0
  708    1.0    3.5    2.3    0.5    0.0    0.0    1.7    0.6    0.0    0.3    0.0    0.0    0.0    0.0
  709    0.9    3.4    1.9    0.2    0.9    0.0    1.0    1.8    0.0    0.0    0.0    0.0    0.0    0.0
  710    1.1    2.9    1.8    0.7    0.0    0.0    1.6    0.8    0.0    0.0    0.0    0.0    0.0    0.0
  711    0.0    1.5    1.2    2.3    0.5    0.0    0.4    0.0    0.0    0.4    0.0    0.0    0.0    0.0
  712    0.0    0.3    1.0    1.3    1.0    0.0    0.2    0.2    0.0    0.8    0.2    0.0    0.0    0.0
  713    0.0    0.3    1.0    1.3    1.0    0.0    0.2    0.2    0.0    0.8    0.2    0.0    0.0    0.0
  714    0.5    3.2    1.2    1.7    0.9    0.0    4.4    0.0    0.0    0.0    0.0    0.0    0.0    0.0
  715    0.5    2.0    0.0    0.8    0.0    0.0    0.4    0.0    0.2    0.2    0.0    0.0    0.0    0.0
  716    0.7    2.5    0.6    0.6    0.8    0.0    5.6    0.0    0.0    0.0    0.0    0.0    0.0    0.0
  717    0.4    1.6    0.2    2.1    0.0    0.0    0.3    0.0    0.0    0.2    0.0    0.0    0.8    0.0
  718    0.4    1.5    0.0    1.0    0.0    0.0    0.4    0.0    0.1    0.3    0.0    0.0    0.0    0.0
  719    3.2    0.8    2.4    2.6    0.5    0.1    2.2    0.0    0.0    0.0    0.0    0.0    0.0    0.0
  720    0.0    0.7    1.3    1.8    0.0    0.0    0.2    0.3    0.1    3.5    0.0    0.0    0.0    0.0
  721    0.0    0.0    1.0    4.1    2.4    0.6    0.2    0.1    0.3    5.1    0.0    0.0    0.0    0.0
  722    0.7    3.3    2.4    0.4    0.0    0.0    1.0    1.8    0.0    0.2    0.0    0.0    0.0    0.0
  723    0.0    0.0    0.9    2.8    0.3    0.0    0.3    0.7    5.7    0.1    0.0    0.0    0.0    0.0
  724    0.0    0.2    1.5    2.5    1.7    0.0    0.3    0.1    0.8    2.9    0.0    0.0    0.0    0.0
  725    0.0    0.0    1.2    1.4    0.6    0.0    0.1    2.7    3.7    0.4    2.9    0.0    0.0    0.0
  726    0.0    0.0    0.9    0.1    0.5    0.0    0.4    0.7    6.6    0.0    0.0    0.0    0.0    0.0
  727    0.0    0.0    0.8    0.5    0.5    0.0    0.2    0.8    5.4    0.0    0.2    0.0    0.0    0.0
  730    1.0    3.5    1.4    0.2    0.1    0.0    1.7    0.3    0.2    0.0    0.0    0.0    0.0    0.0
  731    1.2    2.5    0.3    0.4    0.0    0.0    1.2    0.3    0.0    0.0    0.0    0.0    0.1    0.0
  732    0.1    1.9    0.0    1.8    0.0    0.0    0.5    0.0    0.0    0.0    0.1    0.0    0.0    0.0
  733    2.9    0.2    3.2    4.4    0.4    0.2    2.6    0.0    0.0    0.0    0.0    0.0    0.0    0.0
  734    1.7    0.3    3.3    5.3    1.6    0.0    6.0    0.0    0.0    0.0    0.0    0.0    0.0    0.0
  735    0.6    2.1    2.1    0.5    1.3    0.4    2.0    0.4    1.8    0.0    0.0    0.0    0.0    0.0
  736    2.6    0.2    2.1   12.5    0.0    0.0    3.6    0.0    0.0    0.0    0.0    0.0    0.0    0.0
  737    1.8    0.5    3.6    4.6    5.2    0.0    5.2    0.0    0.0    0.0    0.0    0.0    0.0    0.0
  738    1.9    0.8    3.7    3.8    6.8    0.0    4.9    0.0    0.0    0.0    0.0    0.0    0.0    0.0
  739    0.9    2.0    3.2    1.5    3.9    0.0    3.8    0.0    0.0    0.0    0.0    0.0    0.0    0.0
  741    0.7    3.3    2.4    0.4    0.0    0.0    1.0    1.8    0.0    0.2    0.0    0.0    0.0    0.0
  742    1.2    3.6    1.6    0.6    0.0    0.0    3.3    0.0    0.1    0.0    0.0    0.0    0.1    0.0
  743    0.5    2.5    1.5    1.3    2.1    0.0    5.3    0.0    0.0    0.0    0.0    0.0    0.0    0.0
  744    0.4    2.3    0.0    0.4    0.0    0.0    0.4    0.0    0.0    0.0    0.0    0.0    0.0    0.0
  745    0.1    2.2    0.0    1.1    0.0    0.0    0.5    0.0    0.0    0.0    0.1    0.0    0.1    0.0
  746    0.4    1.6    0.2    2.1    0.0    0.0    0.3    0.0    0.0    0.2    0.0    0.0    0.8    0.0
  747    0.0    0.0    1.0    3.4    1.8    0.6    0.1    0.2    0.6    5.3    0.0    0.0    0.0    0.0
  748    0.0    0.2    1.1    1.1    1.7    0.0    0.3    0.1    0.1    1.9    0.2    0.0    0.0    0.0
  749    0.0    0.2    0.8    1.5    2.4    0.0    0.4    0.1    0.1    3.6    0.0    0.0    0.0    0.0
  750    0.0    0.1    1.2    2.8    1.5    0.3    0.4    0.3    0.2    0.5    0.0    0.0    0.0    0.0
  751    0.0    0.0    1.5    1.0    0.9    0.0    0.2    1.6    5.3    0.0    0.5    0.0    0.0    0.0
  752    0.0    0.0    0.7    0.0    0.1    0.0    1.0    0.0    5.9    0.0    0.0    0.0    0.0    0.0
  753    0.0    0.0    1.9    0.0    0.2    0.0    0.1    1.1    4.0    0.0    0.1    0.0    0.0    0.0
  754    0.8    3.8    0.8    0.5    0.3    0.0    2.7    0.0    0.0    0.1    0.0    0.0    0.0    0.0
  755    0.9    3.3    2.6    0.0    0.0    0.0    0.6    1.9    0.0    0.4    0.0    0.0    0.0    0.0
  756    3.0    0.2    2.9    8.6    0.1    0.0    2.0    0.0    0.0    0.0    0.0    0.0    0.0    0.0
  757    1.9    0.5    3.7    2.7    2.6    0.0    6.2    0.0    0.1    0.0    0.0    0.0    0.0    0.0
  758    1.5    1.1    4.3    1.1    4.2    0.0    5.9    0.0    0.1    0.0    0.0    0.0    0.0    0.0
  759    0.6    2.5    4.8    0.0    0.0    0.0    1.5    0.8    0.0    0.0    0.0    0.0    0.0    0.0
  760    1.2    2.5    2.1    0.5    0.6    0.6    2.1    0.0    0.5    0.0    0.0    0.0    0.0    0.0
  761    1.8    0.5    3.6    4.6    5.2    0.0    5.2    0.0    0.0    0.0    0.0    0.0    0.0    0.0
  762    1.5    1.2    4.1    0.8    5.0    0.0    4.6    0.0    0.0    0.0    0.0    0.0    0.0    0.0
  763    2.6    0.2    3.1    7.7    0.4    0.1    3.5    0.0    0.0    0.0    0.0    0.0    0.0    0.0
  764    1.3    1.7    3.4    0.7    2.1    0.1    3.9    0.0    0.1    0.0    0.0    0.0    0.0    0.0
  765    0.0    1.5    1.2    2.3    0.5    0.0    0.4    0.0    0.0    0.4    0.0    0.0    0.0    0.0
  766    0.0    0.3    1.0    1.3    1.0    0.0    0.2    0.2    0.0    0.8    0.2    0.0    0.0    0.0
  767    0.0    0.1    1.2    2.8    1.5    0.3    0.4    0.3    0.2    0.5    0.0    0.0    0.0    0.0
  768    0.9    3.4    1.9    0.2    0.9    0.0    1.0    1.8    0.0    0.0    0.0    0.0    0.0    0.0
  769    0.3    3.2    1.1    1.8    1.6    0.0    2.5    0.0    0.2    0.0    0.0    0.0    0.0    0.0
  770    1.1    2.9    1.8    0.7    0.0    0.0    1.6    0.8    0.0    0.0    0.0    0.0    0.0    0.0
  771    0.8    2.6    1.3    0.8    1.9    0.3    5.7    0.0    0.0    0.1    0.0    0.0    0.0    0.0
  772    0.4    2.3    0.0    0.4    0.0    0.0    0.4    0.0    0.0    0.0    0.0    0.0    0.0    0.0
  773    0.4    2.2    0.0    0.4    0.0    0.0    0.5    0.0    0.0    0.0    0.0    0.0    0.1    0.0
  774    1.2    3.6    1.6    0.6    0.0    0.0    3.3    0.0    0.1    0.0    0.0    0.0    0.1    0.0
  775    1.1    3.5    0.7    0.4    0.4    0.2    2.1    0.0    0.4    0.0    0.0    0.0    0.0    0.0
  776    0.4    1.6    0.2    2.1    0.0    0.0    0.3    0.0    0.0    0.2    0.0    0.0    0.8    0.0
  777    0.0    1.1    1.8    2.5    0.3    0.0    0.4    0.1    0.0    0.7    0.0    0.0    0.0    0.0
  778    0.5    2.4    0.2    0.4    0.0    0.0    0.6    0.0    0.0    0.0    0.0    0.0    0.1    0.0
  779    0.0    0.0    0.7    0.0    0.1    0.0    1.0    0.0    5.9    0.0    0.0    0.0    0.0    0.0
  780    0.0    0.0    1.2    1.4    0.6    0.0    0.1    2.7    3.7    0.4    2.9    0.0    0.0    0.0
  781    0.0    0.0    1.2    1.4    0.6    0.0    0.1    2.7    3.7    0.4    2.9    0.0    0.0    0.0
  782    0.0    0.0    1.9    0.0    0.2    0.0    0.1    1.1    4.0    0.0    0.1    0.0    0.0    0.0
  783    1.0    3.5    2.3    0.5    0.0    0.0    1.7    0.6    0.0    0.3    0.0    0.0    0.0    0.0
  784    1.4    2.8    0.4    0.8    0.0    0.0    2.1    0.0    0.0    0.0    0.0    0.0    0.1    0.0
  785    0.0    1.2    1.6    3.2    0.0    0.0    0.3    0.1    0.0    0.5    0.0    0.0    0.0    0.0
  786    0.0    0.2    0.9    1.4    1.7    0.0    0.4    0.2    0.1    1.3    0.0    0.0    0.0    0.0
  787    0.0    0.1    0.6    2.0    1.7    0.2    0.3    0.1    0.2    2.3    0.0    0.0    0.0    0.0
  788    0.7    3.3    2.4    0.4    0.0    0.0    1.0    1.8    0.0    0.2    0.0    0.0    0.0    0.0
  789    0.7    3.3    1.6    1.1    1.3    0.0    4.9    0.0    0.0    0.1    0.0    0.0    0.0    0.0
  790    0.0    0.1    0.6    2.0    1.7    0.2    0.3    0.1    0.2    2.3    0.0    0.0    0.0    0.0
  791    0.8    3.0    1.5    0.1    0.6    0.0    0.8    2.1    0.0    1.9    0.0    0.0    0.0    0.0
  792    0.0    0.0    1.2    2.0    1.7    0.0    0.0    4.1   10.4    0.0    1.0    0.0    0.0    0.0
  793    0.0    0.0    0.9    0.1    0.5    0.0    0.4    0.7    6.6    0.0    0.0    0.0    0.0    0.0
  794    0.1    0.8    1.0    2.6    1.0    0.0    0.3    0.2    0.0    0.1    0.3    0.0    0.0    0.0
  795    1.1    3.4    2.7    0.1    0.3    0.0    0.8    1.8    0.1    0.0    0.0    0.0    0.0    0.0
  796    0.0    0.0    1.1    1.0    0.3    0.1    0.2    0.7    2.1    0.2    0.0    0.0    0.0    0.0
  797    0.6    3.7    0.1    0.8    3.8    0.0    2.6    0.0    0.0    0.0    0.0    0.0    0.0    0.0
  798    0.9    4.2    0.0    4.0   10.0    0.0    0.9    0.0    0.0    0.0    0.0    0.0    0.0    0.0
  799    0.3    2.9    1.9    2.3    2.7    0.0    2.6    0.0    0.0    0.0    0.0    0.0    0.0    0.0
  800    0.2    0.1    5.4    1.9    0.0    1.0    2.8    4.2    0.0    0.0    0.0    0.1    0.0    0.2
  801    0.3    0.1    6.1    0.6    0.1    0.3    2.2    1.3    0.0    0.0    0.0    0.0    0.0    0.0
  802    0.2    0.1    5.4    1.9    0.0    1.0    2.8    4.2    0.0    0.0    0.0    0.1    0.0    0.2
  803    0.3    0.3    5.5    0.6    0.5    0.1    2.3    1.5    0.0    0.0    0.0    0.0    0.0    0.0
  804    0.2    0.1    9.8    0.0    1.2    0.0    0.3    1.4    0.1    0.0    0.0    0.1    0.0    0.1
  805    0.2    0.1   10.0    0.0    0.9    0.2    0.4    1.3    0.0    0.0    0.0    0.0    0.0    0.1
  806    1.3    0.9    4.8    0.4    0.5    0.6    2.8    0.6    0.0    0.0    0.0    0.0    0.0    0.0
  807    0.3    0.5    5.2    0.3    0.4    0.2    2.4    0.6    0.0    0.0    0.0    0.0    0.0    0.0
  808    0.1    0.1    3.5    0.0    6.6    1.4    0.0    0.3    0.0    0.1    0.2    0.0    0.0    1.0
  809    1.2    1.3    4.6    0.6    0.7    0.6    2.2    1.0    0.0    0.0    0.0    0.0    0.0    0.0
  810    0.1    1.1    9.7    0.0    0.7    0.1    1.3    0.5    0.0    0.0    0.0    0.0    0.0    0.0
  811    0.1    0.0    4.8    0.0    5.6    0.0    0.0    0.7    0.0    0.0    0.0    0.0    0.0    0.8
  812    0.1    1.1    9.7    0.0    0.7    0.1    1.3    0.5    0.0    0.0    0.0    0.0    0.0    0.0
  813    0.0    0.2    1.8    0.6    1.2    0.0    0.2    0.8    0.0    0.0    0.0    0.0    0.0    0.0
  814    0.4    0.1    0.4   11.0    0.3    0.0    5.2    0.0    0.0    0.0    0.0    0.0    0.0    0.0
  815    1.6    0.2    1.5   10.9    0.0    0.6    7.8    0.0    0.0    0.0    0.0    0.0    0.0    0.0
  816    0.1    0.1    3.5    0.0    6.6    1.4    0.0    0.3    0.0    0.1    0.2    0.0    0.0    1.0
  817    0.2    0.0    5.1    1.6    0.0    0.6    2.9    3.5    0.0    0.0    0.0    0.0    0.0    0.1
  818    2.1    0.1    1.0   10.5    0.2    0.3    6.2    0.0    0.0    0.0    0.0    0.0    0.0    0.0
  819    0.3    0.2    5.7    1.8    0.2    1.1    2.7    0.0    0.0    0.0    0.0    0.0    0.0    0.0
  820    1.7    0.3    4.7    2.3    2.9    0.8    5.6    0.0    0.0    0.0    0.0    0.0    0.0    0.0
  821    2.1    0.5    7.2    1.8    2.8    0.1    5.4    0.0    0.0    0.0    0.0    0.0    0.0    0.0
  822    0.6    1.2    5.1    0.7    0.5    0.3    2.1    1.4    0.0    0.0    0.0    0.0    0.0    0.0
  823    0.3    0.5    5.2    0.3    0.4    0.2    2.4    0.6    0.0    0.0    0.0    0.0    0.0    0.0
  824    0.1    1.0    6.6    0.4    0.7    0.2    2.0    1.1    0.0    0.0    0.0    0.0    0.0    0.0
  825    0.1    1.0    6.6    0.4    0.7    0.2    2.0    1.1    0.0    0.0    0.0    0.0    0.0    0.0
  826    0.2    0.1    9.2    0.0    0.6    0.3    0.4    1.0    0.0    0.0    0.0    0.0    0.0    0.0
  827    0.1    0.2    8.4    0.0    0.7    0.3    0.4    0.8    0.0    0.0    0.0    0.0    0.0    0.0
  828    0.1    0.5    5.5    0.0    1.2    0.0    0.6    0.4    0.0    0.0    0.0    0.0    0.0    0.0
  829    0.0    0.1    0.5    0.1    7.4   12.9    0.0    0.2    0.1    0.3    0.4    0.0    0.1    0.0
  830    0.1    0.1    7.7    0.0    2.7    0.0    0.1    1.1    0.0    0.0    0.0    0.0    0.0    0.2
  831    0.6    0.0    0.2    8.4    0.4    2.4    3.2    0.7    0.1    0.0    0.0    0.0    0.0    0.0
  832    1.5    0.5    7.7    1.4    1.7    0.0    4.4    0.0    0.0    0.0    0.0    0.0    0.0    0.0
  833    2.0    0.2    1.9   10.5    0.2    0.6    5.2    0.0    0.0    0.0    0.0    0.0    0.0    0.0
  834    1.5    0.4    3.4    9.6    0.0    0.2    6.0    0.0    0.0    0.0    0.0    0.0    0.0    0.0
  835    0.7    0.1    0.2    9.6    0.4    0.2    6.6    0.0    0.0    0.0    0.0    0.0    0.0    0.0
  836    0.1    0.3   10.1    0.2    0.4    0.0    1.3    0.7    0.1    0.0    0.0    0.0    0.0    0.0
  837    0.6    0.1    1.3   11.4    0.0    0.1    5.2    0.0    0.0    0.0    0.0    0.0    0.0    0.0
  838    2.0    0.1    0.2    5.7    2.4    0.5    7.1    0.0    0.0    0.0    0.0    0.0    0.0    0.0
  839    0.3    0.1    6.1    0.6    0.1    0.3    2.2    1.3    0.0    0.0    0.0    0.0    0.0    0.0
  840    0.2    0.2    9.9    0.0    0.5    0.2    0.6    0.9    0.0    0.0    0.0    0.0    0.0    0.0
  841    0.2    0.1    8.1    0.0    0.7    0.4    0.3    0.9    0.0    0.0    0.0    0.0    0.0    0.1
  842    0.1    0.0    3.8    0.0    5.1    0.0    0.0    0.6    0.0    0.0    0.1    0.0    0.0    0.9
  843    0.5    0.0    0.9    4.3    0.6    2.1    1.4    6.6    0.0    0.0    0.0    0.1    0.0    0.2
  844    0.1    0.0    9.1    4.7    0.7    0.0    0.6    3.0    0.1    0.0    0.0    0.1    0.0    0.1
  845    0.1    0.9    9.3    0.0    0.4    0.0    0.9    0.5    0.0    0.0    0.0    0.0    0.0    0.0
  846    0.1    0.9    9.3    0.0    0.4    0.0    0.9    0.5    0.0    0.0    0.0    0.0    0.0    0.0
  847    1.0    0.6    6.9    0.7    1.1    0.5    3.1    0.2    0.0    0.0    0.0    0.0    0.0    0.0
  848    0.0    0.1    1.3    0.5    0.8    0.0    0.1    0.6    0.0    0.0    0.0    0.0    0.0    0.0
  849    2.1    0.2    3.1    7.4    2.0    1.5    6.0    0.0    0.0    0.0    0.0    0.0    0.0    0.0
  850    0.0    0.1    1.1    0.5    6.8    7.2    0.0    0.1    0.0    0.2    0.4    0.0    0.1    0.3
  851    0.4    0.0    0.1    5.8    0.3    2.1    3.1    4.2    0.0    0.0    0.0    0.1    0.0    0.2
  852    0.4    0.0    0.1    5.8    0.3    2.1    3.1    4.2    0.0    0.0    0.0    0.1    0.0    0.2
  853    0.1    0.3   10.4    0.0    0.6    0.0    0.8    0.8    0.0    0.0    0.0    0.0    0.0    0.0
  854    0.0    0.0    0.5    0.0    6.7   15.2    0.0    0.1    0.1    0.7    1.1    0.0    0.7    0.1
  855    0.0    0.0    0.9    0.1    0.5    0.0    0.4    0.7    6.6    0.0    0.0    0.0    0.0    0.0
  856    0.2    1.7    0.7    0.5    0.7    0.0    0.7    1.2    0.2    0.0    0.0    0.0    0.0    0.0
  857    0.0    1.2    1.6    3.2    0.0    0.0    0.3    0.1    0.0    0.5    0.0    0.0    0.0    0.0
  858    0.7    2.1    0.0    0.8    0.0    0.0    0.6    0.0    0.1    0.1    0.0    0.0    0.0    0.0
  859    0.0    0.1    0.6    0.3    8.0    1.6    0.0    0.2    0.1    0.2    0.1    0.0    0.1    0.4
  870    0.0    0.0    1.9    0.0    0.2    0.0    0.1    1.1    4.0    0.0    0.1    0.0    0.0    0.0
  871    0.0    0.0    1.9    0.0    0.2    0.0    0.1    1.1    4.0    0.0    0.1    0.0    0.0    0.0
  872    0.3    2.0    1.6    0.5    0.5    0.0    0.6    0.9    0.2    0.0    0.0    0.0    0.0    0.0
  873    0.2    0.0    0.0    0.8    2.1    2.7    0.0    0.0    0.1    0.0    0.0    0.0    0.0    0.0
  874    0.3    0.0    0.0    0.0    0.0    0.0    0.0    0.0    0.2    0.0    0.0    0.0    0.0    0.0
  875    0.0    0.0    0.0    0.0    0.1    0.0    0.0    0.0    0.0    0.0    0.0    0.0    0.0    0.0
  876    0.1    0.0    0.0    0.5    2.0    1.4    1.7    0.0    0.0    0.0    0.0    0.0    0.0    0.0
  877    0.1    0.0    0.0    1.4    1.5    2.0    0.0    0.0    0.0    0.0    0.0    0.0    0.0    0.0
  878    0.1    0.1    0.0    0.3    2.6    2.1    7.7    0.0    0.2    0.0    0.0    0.0    0.0    0.0
  879    0.2    0.0    0.0    0.2    3.0    2.7    0.0    0.0    0.0    0.0    0.0    0.0    0.0    0.0
  881    2.1    0.3    2.5   10.8    0.0    0.0    3.9    0.0    0.0    0.0    0.0    0.0    0.0    0.0
  882    1.1    3.5    0.7    0.4    0.4    0.2    2.1    0.0    0.4    0.0    0.0    0.0    0.0    0.0
  885    0.0    0.0    1.6    1.7    0.9    0.0    0.1    2.4    7.3    0.0    1.4    0.0    0.0    0.0
  886    2.7    0.2    2.3    7.7    0.4    0.2    3.2    0.0    0.0    0.0    0.0    0.0    0.0    0.0
  887    0.9    0.2    0.4    1.9    1.8    1.3    3.3    0.0    0.0    0.0    0.0    0.0    0.0    0.0
  888    1.4    0.2    0.7    4.9    0.8    0.1    1.5    0.0    0.0    0.0    0.0    0.0    0.0    0.0
  889    0.3    0.0    0.0    0.1    0.3    0.0    0.0    0.0    0.0    0.0    0.0    0.0    0.0    0.0
  900    0.0    0.1    0.5    0.3    7.8    6.1    0.0    0.0    0.1    0.5    0.6    0.0    0.1    0.6
  901    0.0    0.0    0.5    0.0    6.7   15.2    0.0    0.1    0.1    0.7    1.1    0.0    0.7    0.1
  902    0.1    0.6    4.3    2.3    1.3    0.0    0.5    0.5    0.0    0.0    0.0    0.0    0.0    0.0
  903    0.0    0.3    1.4    0.6    0.9    0.0    0.2    0.5    0.0    0.0    0.0    0.0    0.0    0.0
  905    0.0    0.0    0.9    0.9    9.2   13.5    0.0    0.0    0.7    1.0    0.5    2.2    0.2    0.0
  906    0.0    0.3    1.4    1.7    1.1    0.0    0.2    0.2    0.0    0.1    0.4    0.0    0.0    0.0
  907    0.0    0.2    1.9    2.0    3.3    0.0    0.2    0.1    0.2    0.2    0.0    0.0    0.0    0.2
  908    0.0    0.1    1.1    3.0    6.8    1.9    0.0    0.1    0.5    0.1    0.5    0.0    0.1    0.6
  909    0.0    0.0    0.8    3.4   13.3   19.8    0.0    0.1    3.3    0.0    4.0    2.4    2.7    0.8
  910    0.0    0.0    1.0    2.8    3.4    7.4    0.0    0.1    0.7    0.1    1.2    0.3    0.7    0.1
  911    0.0    0.0    1.3    4.4   12.1   17.5    0.0    0.1    3.8    0.0    6.6    0.4    6.1    2.3
  912    0.5    1.7    2.9    0.3    0.2    0.1    1.2    1.3    0.0    0.0    0.0    0.0    0.0    0.0
  913    0.0    0.0    2.2    1.5    2.0    0.2    0.2    0.9    0.0    0.8    0.0    0.0    0.0    0.5
  914    0.5    1.7    2.9    0.3    0.2    0.1    1.2    1.3    0.0    0.0    0.0    0.0    0.0    0.0
  915    0.1    0.4    3.5    1.4    1.3    0.0    0.4    0.3    0.0    0.0    0.0    0.0    0.0    0.0
  916    0.0    0.2    2.0    0.8    1.0    0.0    0.3    0.2    0.0    0.1    0.1    0.0    0.0    0.0
  917    0.0    0.3    1.3    0.7    1.0    0.0    0.3    0.1    0.0    0.6    0.0    0.0    0.0    0.0
  918    0.0    0.0    1.8    1.3    4.0    0.1    0.0    0.2    0.2    0.4    0.0    0.0    0.0    0.6
  919    0.0    0.2    1.1    0.4    0.9    0.0    0.1    0.5    0.0    0.0    0.0    0.0    0.0    0.0
  920    0.0    0.3    1.4    0.6    0.9    0.0    0.2    0.5    0.0    0.0    0.0    0.0    0.0    0.0
  921    0.0    0.0    1.5    5.4    5.3    8.1    0.0    0.1    1.0    0.6    1.1    1.1    1.5    0.0
  922    0.0    0.1    1.1    1.1    9.0    0.0    0.1    0.1    0.2    0.3    0.0    0.0    0.0    0.5
  923    0.0    0.0    0.9    0.9    9.2   13.5    0.0    0.0    0.7    1.0    0.5    2.2    0.2    0.0
  924    0.0    0.0    1.2    0.1    7.0   15.5    0.0    0.0    0.3    0.9    1.0    0.0    1.0    0.2
  925    0.0    0.1    1.1    1.1    9.0    0.0    0.1    0.1    0.2    0.3    0.0    0.0    0.0    0.5
  926    0.0    0.0    1.8    1.3    4.0    0.1    0.0    0.2    0.2    0.4    0.0    0.0    0.0    0.6
  927    0.0    0.1    1.3    0.5    0.8    0.0    0.1    0.6    0.0    0.0    0.0    0.0    0.0    0.0
  928    0.0    0.0    0.9    0.3    5.5   12.9    0.0    0.0    0.4    0.3    1.0    0.4    0.9    0.1
  929    0.0    0.3    1.4    0.6    3.0    0.0    0.2    0.0    0.1    0.4    0.0    0.0    0.0    0.3
  930    0.0    0.0    1.8    3.6    0.0    0.9    0.0    1.0    0.2    1.5    0.0    0.0    0.2    1.1
  931    0.0    0.0    1.6    4.7    3.1    5.2    0.0    0.2    1.1    0.5    0.0    0.0    0.5    0.8
  932    0.0    0.2    1.1    1.4    0.7    0.0    0.2    0.1    0.0    0.5    0.2    0.0    0.0    0.0
  933    0.0    0.2    1.1    1.4    0.7    0.0    0.2    0.1    0.0    0.5    0.2    0.0    0.0    0.0
  934    0.0    0.4    2.1    1.6    0.9    0.0    0.4    0.3    0.0    0.0    0.3    0.0    0.0    0.0
  935    0.1    0.3    5.3    0.3    1.3    0.0    0.5    0.6    0.0    0.0    0.0    0.0    0.0    0.0
  936    0.0    0.3    1.8    0.8    1.0    0.0    0.3    0.2    0.0    0.0    0.0    0.0    0.0    0.0
  937    0.0    0.0    0.9    0.9    9.2   13.5    0.0    0.0    0.7    1.0    0.5    2.2    0.2    0.0
  938    0.0    0.0    1.1    2.1    5.3    8.6    0.0    0.0    0.7    0.4    1.4    0.5    0.8    0.0
  939    0.0    0.0    1.1    2.1    5.3    8.6    0.0    0.0    0.7    0.4    1.4    0.5    0.8    0.0
  940    0.0    0.0    1.1    2.1    5.3    8.6    0.0    0.0    0.7    0.4    1.4    0.5    0.8    0.0
  941    0.0    0.0    1.1    2.1    5.3    8.6    0.0    0.0    0.7    0.4    1.4    0.5    0.8    0.0
  942    0.0    0.0    1.1    2.1    5.3    8.6    0.0    0.0    0.7    0.4    1.4    0.5    0.8    0.0
  943    0.0    0.0    0.5    0.0    6.7   15.2    0.0    0.1    0.1    0.7    1.1    0.0    0.7    0.1
  944    0.0    0.3    1.4    0.6    0.9    0.0    0.2    0.5    0.0    0.0    0.0    0.0    0.0    0.0
  945    0.3    1.2    3.5    0.0    0.8    0.0    0.9    1.0    0.0    0.0    0.0    0.0    0.0    0.0
  946    0.5    1.5    6.1    0.0    0.2    0.0    1.3    0.9    0.0    0.0    0.0    0.0    0.0    0.0
  947    0.0    0.0    0.9    5.7   12.7    1.2    0.0    0.1    2.6    0.0    2.6    0.5    2.1    0.5
  948    0.0    0.4    2.1    1.6    0.9    0.0    0.4    0.3    0.0    0.0    0.3    0.0    0.0    0.0
  949    0.0    0.0    0.5    0.0    6.7   15.2    0.0    0.1    0.1    0.7    1.1    0.0    0.7    0.1
  950    0.0    0.0    1.0    2.8    3.4    7.4    0.0    0.1    0.7    0.1    1.2    0.3    0.7    0.1
  951    1.6    1.4    3.8    1.1    5.8    0.0    4.6    0.0    0.0    0.0    0.0    0.0    0.0    0.0
  953    0.0    0.0    2.0    6.6    0.8    6.6    0.0    0.3    1.2    0.5    0.6    0.1    2.2    0.0
  954    0.0    0.0    1.2    0.1    7.0   15.5    0.0    0.0    0.3    0.9    1.0    0.0    1.0    0.2
  955    0.2    0.0    0.0    0.1    0.2    0.0    0.0    0.0    0.0    0.0    0.0    0.0    0.0    0.0
  956    0.2    0.1    0.1    0.1    1.3    0.0    0.0    0.0    0.0    0.0    0.0    0.0    0.0    0.0
  957    3.4    0.3    2.4    0.9    1.3    1.3    1.6    0.0    0.0    0.0    0.0    0.0    0.0    0.0
  958    3.0    0.2    2.9    8.6    0.1    0.0    2.0    0.0    0.0    0.0    0.0    0.0    0.0    0.0
  959    0.3    1.5    0.0    0.8    0.0    0.0    0.6    0.0    0.1    0.6    0.0    0.0    0.0    0.0
  960    0.0    0.0    1.2    2.0    1.7    0.0    0.0    4.1   10.4    0.0    1.0    0.0    0.0    0.0
  961    0.0    0.0    1.4    4.3    7.6    0.0    0.2    0.4    4.4    0.0    1.2    0.0    0.3    1.5
  962    0.0    0.0    0.9    0.9    9.2   13.5    0.0    0.0    0.7    1.0    0.5    2.2    0.2    0.0
  966    0.1    0.0    0.0    0.2    0.5    0.0    0.0    0.0    0.0    0.0    0.0    0.0    0.0    0.0
  967    0.1    0.0    0.0    0.6    1.2    0.0    0.0    0.0    0.0    0.0    0.0    0.0    0.0    0.0
  968    0.0    0.0    1.1    2.1    5.3    8.6    0.0    0.0    0.7    0.4    1.4    0.5    0.8    0.0
  969    0.0    0.0    0.9    0.9    9.2   13.5    0.0    0.0    0.7    1.0    0.5    2.2    0.2    0.0
  970    0.3    0.0    0.0    0.0    0.0    0.0    0.0    0.0    0.0    0.0    0.0    0.0    0.0    0.0
  971    0.2    0.0    0.0    0.3    0.9    0.0    0.0    0.0    0.0    0.0    0.0    0.0    0.1    0.0
  972    0.6    0.4    6.8    1.2    1.1    0.4    3.4    0.1    0.0    0.0    0.0    0.0    0.0    0.0
  973    0.1    1.3    0.5    2.3    0.9    0.0    0.3    0.3    0.0    0.1    0.1    0.0    0.0    0.0
  974    0.0    0.2    2.0    0.8    1.0    0.0    0.3    0.2    0.0    0.1    0.1    0.0    0.0    0.0
  975    2.3    0.3    2.3   12.1    0.0    0.0    4.9    0.0    0.0    0.0    0.0    0.0    0.0    0.0
  977    0.9    0.1    0.1    1.8    1.4    1.3    3.8    0.0    0.0    0.0    0.0    0.0    0.0    0.0
  978    0.1    0.0    0.0    0.1    0.3    0.0    0.0    0.0    0.0    0.0    0.0    0.0    0.0    0.0
  979    0.6    0.3    0.9    0.5    1.7    0.0    0.0    0.0    0.0    0.0    0.0    0.0    0.0    0.0
  980    0.1    0.0    1.4    0.8    0.1    0.0    0.2    0.8    6.8    0.0    0.0    0.0    0.0    0.0
  981    0.0    0.2    0.8    1.5    2.4    0.0    0.4    0.1    0.1    3.6    0.0    0.0    0.0    0.0
10111    0.5    0.0    0.0    0.2    0.0    0.0    0.0    0.0    0.0    0.0    0.0    0.0    0.0    0.0
10112    0.5    0.0    0.0    0.2    0.0    0.0    0.0    0.0    0.0    0.0    0.0    0.0    0.0    0.0
10121    0.0    0.0    0.0    0.0    0.1    0.0    0.0    0.0    0.0    0.0    0.0    0.0    0.0    0.0
10122    0.0    0.0    0.0    0.0    0.1    0.0    0.0    0.0    0.0    0.0    0.0    0.0    0.0    0.0
10131    0.3    0.0    0.0    0.3    1.9    1.5    0.0    0.0    0.1    0.0    0.0    0.0    0.0    0.0
10132    0.2    0.0    0.0    0.3    1.1    1.8    0.0    0.1    0.0    0.1    0.0    0.0    0.0    0.0
10141    0.2    0.0    0.0    0.8    2.1    2.7    0.0    0.0    0.1    0.0    0.0    0.0    0.0    0.0
10142    0.2    0.0    0.0    1.6    1.7    1.9    0.0    0.0    0.0    0.0    0.0    0.0    0.0    0.0
10151    2.4    0.2    2.5    9.7    0.3    0.0    3.9    0.0    0.0    0.0    0.0    0.0    0.0    0.0
10152    1.3    0.2    0.8    2.2    2.3    1.1    3.1    0.0    0.0    0.0    0.0    0.0    0.0    0.0
10161    1.5    0.2    0.9    7.0    1.7    0.0    4.6    0.0    0.0    0.0    0.0    0.0    0.0    0.0
10162    1.5    0.2    0.9    7.0    1.7    0.0    4.6    0.0    0.0    0.0    0.0    0.0    0.0    0.0
10171    1.5    0.0    0.0    2.7    3.4    0.6    6.7    0.0    0.2    0.0    0.0    0.0    0.0    0.0
10172    1.1    0.0    0.0    1.6    1.2    1.8    4.0    0.0    0.0    0.0    0.0    0.0    0.0    0.0
10181    0.5    2.4    0.2    0.4    0.0    0.0    0.6    0.0    0.0    0.0    0.0    0.0    0.1    0.0
10182    0.5    2.4    0.2    0.4    0.0    0.0    0.6    0.0    0.0    0.0    0.0    0.0    0.1    0.0
10192    0.3    2.0    1.6    0.5    0.5    0.0    0.6    0.9    0.2    0.0    0.0    0.0    0.0    0.0
10201    1.4    2.2    2.8    0.7    1.3    0.9    3.5    0.0    0.1    0.0    0.0    0.0    0.0    0.0
10202    1.6    1.6    3.5    1.0    3.4    0.0    3.9    0.0    0.0    0.0    0.0    0.0    0.0    0.0
10211    0.6    2.1    2.1    0.5    1.3    0.4    2.0    0.4    1.8    0.0    0.0    0.0    0.0    0.0
10212    0.5    2.5    2.8    0.0    0.4    0.0    1.8    0.6    0.0    0.0    0.0    0.0    0.0    0.0
10221    0.1    0.1   10.4    1.2    0.7    0.0    0.9    1.4    0.0    0.0    0.0    0.0    0.0    0.0
10222    0.3    0.1    6.1    0.6    0.1    0.3    2.2    1.3    0.0    0.0    0.0    0.0    0.0    0.0
10231    0.3    2.0    1.6    0.5    0.5    0.0    0.6    0.9    0.2    0.0    0.0    0.0    0.0    0.0
10232    0.3    2.0    1.6    0.5    0.5    0.0    0.6    0.9    0.2    0.0    0.0    0.0    0.0    0.0
10241    0.8    0.1    0.0    2.1    3.2    1.3    6.4    0.0    0.3    0.0    0.0    0.0    0.0    0.0
10242    0.9    0.0    0.0    1.5    2.9    1.5    3.5    0.0    0.2    0.0    0.0    0.0    0.0    0.0
10251    0.7    1.9    5.2    0.2    0.7    0.0    1.7    0.7    0.0    0.0    0.0    0.0    0.0    0.0
10252    0.3    1.5    9.7    0.0    0.1    0.1    1.2    0.7    0.0    0.0    0.0    0.0    0.0    0.0
10261    0.0    0.0    1.9    0.0    0.2    0.0    0.1    1.1    4.0    0.0    0.1    0.0    0.0    0.0
10262    0.0    0.0    1.9    0.0    0.2    0.0    0.1    1.1    4.0    0.0    0.1    0.0    0.0    0.0
10272    0.0    0.0    1.9    0.0    0.2    0.0    0.1    1.1    4.0    0.0    0.1    0.0    0.0    0.0
20111    0.3    0.0    0.0    0.0    0.0    0.0    0.0    0.0    0.0    0.0    0.0    0.0    0.0    0.0
20121    0.3    0.0    0.0    0.1    0.4    0.0    0.0    0.0    0.0    0.0    0.0    0.0    0.0    0.0
20131    0.3    0.0    0.0    0.1    0.4    0.0    0.0    0.0    0.0    0.0    0.0    0.0    0.0    0.0
20141    0.2    0.1    0.0    1.2    3.0    2.0   10.6    0.0    1.6    0.0    0.0    0.0    0.0    0.0
20151    1.0    0.3    0.7    1.5    2.6    1.5    2.8    0.0    0.0    0.0    0.0    0.0    0.0    0.0
20161    1.5    1.1    4.3    1.1    4.2    0.0    5.9    0.0    0.1    0.0    0.0    0.0    0.0    0.0
20171    0.6    2.3    1.7    0.1    1.2    0.2    2.0    0.4    0.2    0.0    0.0    0.0    0.0    0.0
20181    1.3    1.7    3.4    0.7    2.1    0.1    3.9    0.0    0.1    0.0    0.0    0.0    0.0    0.0
20191    1.3    2.1    2.6    1.0    2.0    1.0    3.1    0.0    0.1    0.0    0.0    0.0    0.0    0.0
10281    0.7    2.4    0.7    0.5    0.6    0.0    0.5    1.6    0.0    0.0    0.0    0.0    0.0    0.0
10282    0.7    3.3    2.4    0.4    0.0    0.0    1.0    1.8    0.0    0.2    0.0    0.0    0.0    0.0
20211    0.1    1.7    0.0    1.0    0.2    0.0    0.5    0.2    0.0    0.0    0.0    0.0    0.0    0.0
20221    0.0    0.2    0.7    1.9    2.5    0.0    0.4    0.1    0.2    1.6    0.0    0.0    0.0    0.0
20231    0.1    2.1    0.0    1.6    0.0    0.0    0.4    0.0    0.0    0.0    0.0    0.0    0.6    0.0
20241    0.0    1.2    1.6    3.2    0.0    0.0    0.3    0.1    0.0    0.5    0.0    0.0    0.0    0.0
20251    0.0    0.1    1.3    0.3    5.6    0.0    0.0    0.4    0.0    0.1    0.1    0.0    0.0    0.6
20261    0.6    0.0    0.2    8.4    0.4    2.4    3.2    0.7    0.1    0.0    0.0    0.0    0.0    0.0
20271    1.6    1.4    5.2    0.7    1.7    0.1    3.3    0.0    0.0    0.0    0.0    0.0    0.0    0.0
20281    1.0    1.8    3.2    0.1    1.0    0.1    1.7    0.5    0.0    0.0    0.0    0.0    0.0    0.0
20291    0.1    0.3   10.4    0.0    0.6    0.0    0.8    0.8    0.0    0.0    0.0    0.0    0.0    0.0
20301    0.0    0.3    1.4    0.6    3.0    0.0    0.2    0.0    0.1    0.4    0.0    0.0    0.0    0.3
30111    0.2    0.0    0.0    0.1    0.2    0.0    0.0    0.0    0.2    0.0    0.0    0.0    0.0    0.0
30121    0.0    0.0    0.0    0.0    0.0    0.0    0.0    0.0    0.0    0.0    0.0    0.0    0.0    0.0
30131    0.6    0.0    0.0    0.3    1.5    0.9    0.0    0.0    0.3    0.4    0.0    0.0    0.0    0.0
30141    0.5    2.5    2.8    0.0    0.4    0.0    1.8    0.6    0.0    0.0    0.0    0.0    0.0    0.0
30151    1.2    2.9    1.7    0.1    0.3    0.1    1.7    0.3    1.5    0.0    0.0    0.0    0.0    0.0
30161    0.1    0.2    6.6    0.0    1.4    0.2    0.5    0.5    0.0    0.0    0.0    0.0    0.0    0.0
30171    0.0    0.1    0.7    0.2    8.1    0.8    0.0    0.2    0.1    0.2    0.2    0.0    0.0    0.4
30181    0.1    0.0    2.0    0.2    1.1    0.0    0.1    0.5    0.0    0.0    0.1    0.0    0.0    0.2
30191    0.1    0.2    4.1    0.0    1.6    0.2    0.3    0.9    0.0    0.0    0.0    0.0    0.0    0.0
30201    0.5    2.5    2.8    0.0    0.4    0.0    1.8    0.6    0.0    0.0    0.0    0.0    0.0    0.0
30211    0.6    2.1    7.0    0.2    0.1    0.0    1.6    0.8    0.0    0.0    0.0    0.0    0.0    0.0
30221    0.3    2.0    1.6    0.5    0.5    0.0    0.6    0.9    0.2    0.0    0.0    0.0    0.0    0.0
30231    0.1    0.7    5.3    1.5    1.7    0.0    0.5    0.4    0.0    0.0    0.0    0.0    0.0    0.0
30241    0.1    0.5    2.5    2.4    1.3    0.0    0.3    0.2    0.0    0.0    0.1    0.0    0.0    0.0
30251    0.0    0.0    2.5    2.4    2.3    0.2    0.3    0.4    0.1    0.5    0.0    0.0    0.0    0.1
40111    0.5    0.0    0.0    0.1    0.0    0.0    0.0    0.0    0.0    0.0    0.0    0.0    0.0    0.0
40121    0.5    0.0    0.0    0.1    0.0    0.0    0.0    0.0    0.0    0.0    0.0    0.0    0.0    0.0
40131    0.3    0.0    0.0    0.0    0.0    0.0    0.0    0.0    0.0    0.0    0.0    0.0    0.0    0.0
40141    0.2    0.0    0.0    0.4    0.6    0.0    0.0    0.0    0.0    0.0    0.0    0.0    0.0    0.0
40151    0.3    0.0    0.0    0.3    0.8    0.0    0.0    0.0    0.0    0.0    0.0    0.0    0.0    0.0
40161    0.2    0.0    0.0    0.2    0.0    0.0    0.0    0.0    0.3    0.0    0.0    0.0    0.0    0.0
40171    0.3    0.0    0.0    0.0    0.0    0.0    0.0    0.0    0.0    0.0    0.0    0.0    0.0    0.0
40181    0.2    0.0    0.0    0.0    0.1    0.0    0.0    0.0    0.1    0.0    0.0    0.0    0.0    0.0
40191    0.1    0.0    0.0    0.0    0.1    0.0    0.0    0.0    0.0    0.0    0.0    0.0    0.0    0.0
40201    0.6    0.0    0.0    0.3    1.5    0.9    0.0    0.0    0.3    0.4    0.0    0.0    0.0    0.0
40211    0.3    0.0    0.0    0.3    2.6    1.8    0.0    0.0    0.4    0.0    0.0    0.0    0.0    0.0
40221    0.1    0.1    0.0    0.3    2.6    2.1    7.7    0.0    0.2    0.0    0.0    0.0    0.0    0.0
40231    0.1    0.1    0.0    0.3    2.6    2.1    7.7    0.0    0.2    0.0    0.0    0.0    0.0    0.0
40241    0.8    0.5    0.0    1.4    1.6    3.2    1.0    0.0    0.0    0.0    0.0    0.0    0.0    0.0
40251    1.1    1.7    3.4    0.6    1.0    0.4    1.9    0.3    0.1    0.0    0.0    0.0    0.0    0.0
40262    0.9    2.9    5.0    0.0    0.1    0.0    1.8    0.6    0.0    0.1    0.0    0.0    0.0    0.0
40271    0.1    1.2    2.0    1.8    0.7    0.0    0.5    0.3    0.0    0.0    0.0    0.0    0.0    0.0
40281    0.4    2.3    0.0    0.4    0.0    0.0    0.4    0.0    0.0    0.0    0.0    0.0    0.0    0.0
40291    0.3    0.0    0.3    0.8    3.9    2.8    0.3    0.1    0.1    0.0    0.0    0.0    0.0    0.0
40301    0.4    0.0    2.4    2.8    0.5    2.1    0.1    4.1    0.0    0.0    0.0    0.0    0.0    0.1
40311    0.0    0.1    0.6    0.3    8.0    1.6    0.0    0.2    0.1    0.2    0.1    0.0    0.1    0.4
40321    0.0    0.1    0.7    0.2    8.1    0.8    0.0    0.2    0.1    0.2    0.2    0.0    0.0    0.4
40331    0.1    1.0    3.5    1.7    0.8    0.0    0.4    0.8    0.0    0.0    0.0    0.0    0.0    0.0
40341    0.0    0.2    1.4    1.0    3.6    0.0    0.1    0.1    0.1    0.3    0.0    0.0    0.0    0.8
40351    0.0    0.0    0.6    0.9    6.2    9.9    0.0    0.1    0.4    0.4    0.8    0.1    1.0    0.1
40361    0.0    0.1    0.5    0.2    7.9    6.5    0.0    0.1    0.1    0.4    0.4    0.0    0.0    0.6
