2015121100+000HOUR     2015121109LST
STNID     6H     9H    12H    15H    18H    21H    24H    27H    30H    33H    36H    39H    42H    45H    48H    51H    54H    57H    60H    63H    66H    69H    72H    75H    78H    81H    84H    87H
STNID 121115 121118 121121 121200 121203 121206 121209 121212 121215 121218 121221 121300 121303 121306 121309 121312 121315 121318 121321 121400 121403 121406 121409 121412 121415 121418 121421 121500LST
47003    2.5    0.4   -1.5   -3.1   -3.8   -3.5   -2.4    3.2    4.0    2.1   -0.4   -0.6   -1.3   -2.5   -2.0    4.0    4.6    1.4   -1.2   -2.0   -2.8   -3.5   -3.2    0.4    0.8   -0.4   -1.1   -0.9
47005   -4.4   -8.8  -12.4  -11.3  -12.5  -11.8  -10.6   -3.1   -2.3   -6.4   -8.2  -11.2  -12.8  -12.7  -12.0   -3.4   -2.2   -5.6  -10.0   -9.8  -10.1  -10.4  -10.3   -4.6   -4.6   -6.4   -6.7   -6.2
47008    5.4    2.2   -0.7   -1.7   -3.0   -2.8   -1.0    3.7    4.2    2.1    0.8    0.4    0.1   -0.7    0.1    4.3    4.5    2.4    1.1    0.6    0.4    0.5    0.5    2.4    2.5    1.4    1.5    1.0
47014   -2.5   -5.4   -8.9  -11.6  -12.4  -11.5  -11.0   -6.1   -1.8   -3.6   -4.3   -5.6   -6.7   -6.9   -6.7   -3.6   -0.8   -3.4   -5.8   -8.3   -9.2   -9.1   -9.1   -6.0   -2.1   -3.4   -3.7   -2.8
47016   -0.7   -5.8  -10.7  -12.9  -13.7  -15.1  -14.8   -7.4   -1.6   -4.7   -7.5   -9.0  -10.5  -11.0  -12.0   -6.4   -2.1   -5.4   -8.5   -9.9  -10.4  -10.5  -10.4   -6.2   -3.6   -4.9   -5.4   -6.1
47020    0.6   -1.9   -6.0   -8.7  -10.3  -10.6   -9.2   -4.0    0.4   -0.0   -2.4   -4.0   -5.4   -6.0   -5.8   -1.5    0.5   -0.2   -3.8   -5.9   -7.7   -8.1   -7.5   -3.5   -0.5   -1.1   -1.0   -1.6
47022   -1.9   -5.8  -12.1  -14.7  -14.0  -14.6  -13.2   -4.0    1.1   -3.2   -8.2  -11.2  -11.6  -12.3  -12.1   -2.5    0.5   -4.1   -9.2  -11.0  -10.6  -11.2   -9.5   -4.6   -1.7   -3.9   -5.2   -5.9
47025    7.3    3.7    1.8    0.0   -0.2    0.4    1.6    6.1    6.7    4.1    2.5    1.7    1.4    1.4    1.7    6.1    5.9    4.0    2.7    2.2    2.0    1.9    2.0    4.2    5.0    4.2    3.4    3.0
47028    2.8    0.2   -1.4   -2.0   -3.6   -4.0   -2.5    1.7    3.9    1.9    0.5   -0.0   -0.7   -0.8   -0.5    2.7    4.7    1.9   -0.9   -1.9   -2.1   -1.2    0.4    1.4    2.7    1.7   -0.2   -1.2
47031   -1.2   -4.2   -8.7   -9.8  -10.6  -11.8  -13.2   -6.1   -0.4   -2.7   -7.3  -10.0  -10.2  -11.1  -11.4   -6.5   -1.5   -4.4   -7.1   -7.9   -8.2   -8.0   -6.5   -4.9   -2.8   -3.2   -3.7   -3.5
47035    5.4    2.9    1.5    0.1   -0.4   -1.3   -0.3    2.4    4.6    3.8    2.0    1.4    0.6   -0.1    0.4    3.6    5.8    3.9    1.5   -0.3   -0.5    0.1    0.6    1.9    3.6    1.9    0.3   -0.9
47037    5.2    2.5   -1.2   -3.1   -3.0   -3.7   -2.8    1.9    5.2    3.1    0.2   -1.3   -1.6   -2.4   -2.3    2.9    5.9    3.3   -0.6   -2.5   -2.2   -1.2   -0.5    0.7    1.3    1.1   -0.1   -1.5
47039    4.5    0.4   -2.9   -4.5   -6.0   -7.0   -6.3   -0.2    3.6    1.0   -1.4   -2.8   -4.1   -4.9   -4.8    0.3    3.8    1.0   -3.1   -4.2   -4.9   -5.0   -3.8    0.2    1.2    0.4    0.5    0.5
47041    7.6    5.2    2.4    1.9    0.4    0.3    0.9    5.3    7.1    4.2    1.8    1.3    1.0    0.7    0.7    5.1    6.3    4.6    3.1    2.5    2.2    2.1    2.4    4.6    5.8    3.9    3.4    3.1
47046    7.6    4.9    3.1    2.1    1.5    1.2    2.2    6.3    6.5    4.3    3.0    1.7    1.4    1.5    2.3    6.5    6.7    4.9    3.7    3.3    2.8    2.8    2.9    5.3    5.3    4.5    4.3    4.0
47050    6.6    5.2    1.9    0.6   -0.4   -1.3   -1.2    2.3    4.8    3.4    1.7    0.9   -0.3   -0.2   -0.1    3.2    5.4    4.1    1.3   -0.3   -0.5   -0.3    0.2    1.9    2.6    2.9    2.4    1.2
47052    6.0    2.3   -2.0   -3.3   -3.7   -3.7   -2.2    2.8    5.9    3.1   -0.8   -1.9   -2.3   -3.0   -2.1    3.2    5.4    2.7   -0.7   -1.1   -0.8   -0.9   -1.3    2.5    4.2    2.3    1.7    1.8
47055    6.1    3.8    2.1    1.8    1.2    0.1    1.3    6.0    6.9    4.5    2.6    2.0    1.3    0.8    1.5    5.6    6.1    4.5    3.1    3.1    2.5    2.1    3.0    5.0    5.1    4.3    4.1    4.3
47058    9.3    7.1    3.3    1.0   -0.6   -1.8   -0.8    5.1    7.4    5.1    2.3    1.2    0.3   -0.1   -0.3    4.2    7.0    4.7    2.1    0.9    0.2   -0.2    0.5    3.6    5.6    4.3    3.8    2.9
47060    8.4    7.4    4.0    2.9    0.6   -0.4    0.1    4.5    6.5    4.8    2.4    2.1    1.2    0.4    0.5    3.7    6.3    4.9    3.1    2.6    1.7    1.0    0.8    3.6    5.5    4.4    3.6    2.8
47061    5.2    4.0    3.7    3.7    3.7    1.5    2.6    6.6    6.9    4.3    3.6    3.0    2.6    2.4    3.8    6.6    6.2    4.7    3.9    3.3    3.2    2.5    3.7    6.7    6.5    5.5    4.9    5.3
47065    8.8    7.1    3.5    1.7   -0.7   -2.0    0.1    4.8    7.2    5.5    2.6    1.5   -0.2   -1.0    0.0    4.6    7.0    4.9    2.6    1.2    0.2    0.0    0.2    4.4    6.2    4.5    3.3    3.3
47067    9.5    5.7    1.6   -0.2   -1.3   -2.7   -0.8    3.8    6.8    5.3    2.1   -0.4   -1.3   -1.9   -0.9    4.7    7.5    5.0    1.8    0.5   -0.5   -1.1   -0.4    3.4    5.7    4.3    3.2    2.6
47068    9.2    6.5    2.4    0.7   -1.0   -1.7   -1.0    5.2    7.4    5.4    1.9   -0.2   -1.2   -1.2   -0.4    6.0    7.9    5.3    2.9    1.5    1.1    0.5    1.7    5.4    6.0    5.0    3.8    3.0
47069   10.4    8.0    5.1    3.0    1.9    1.2    2.6    5.8    7.3    5.9    3.6    2.3    1.6    0.9    2.2    6.5    8.0    5.8    3.9    2.7    2.3    1.7    2.3    4.9    5.7    4.7    4.3    4.1
47070   10.3    6.8    3.2    1.5   -0.5   -1.4    0.2    5.2    7.7    5.2    2.6    0.9   -0.1   -1.0    0.7    6.0    7.8    5.4    2.8    1.1    0.0   -0.8    0.3    4.5    6.6    5.1    4.0    3.3
47075    6.5    2.2   -0.6   -1.8   -2.0   -3.3   -1.0    3.2    5.5    2.6   -0.2   -1.3   -3.0   -3.1   -0.8    4.0    6.0    3.0    0.6   -0.0   -0.5   -1.2   -0.2    3.6    4.6    2.6    1.3    1.1
47090    6.0    4.5    3.5    4.1    3.5    2.3    3.8    7.0    7.3    5.0    4.0    3.6    3.9    3.4    5.6    7.8    7.5    5.4    4.3    4.0    3.8    3.6    5.1    7.7    8.5    6.7    6.4    6.3
47095    8.6    4.0   -0.2   -1.7   -2.8   -4.6   -0.8    4.7    7.4    3.5    0.4   -0.9   -2.4   -3.1   -0.7    5.0    7.4    4.1    1.2    0.1   -0.8   -1.5   -0.1    4.6    6.6    3.7    2.9    2.3
47098   10.0    5.7    1.7   -0.1   -1.8   -2.8   -0.4    5.9    8.6    5.3    2.4    0.1   -1.2   -1.7   -0.1    5.9    8.3    5.4    2.9    0.6   -0.6   -1.0    0.4    5.6    7.3    4.7    3.7    3.5
47099   10.7    6.0    1.8   -0.3   -2.4   -2.9   -0.5    5.7    8.1    4.5    1.0   -0.7   -1.8   -2.6   -0.4    6.0    8.0    4.9    1.6    0.1   -0.5   -1.1    0.0    5.3    7.3    4.9    3.6    3.2
47100    0.9   -1.3   -2.1   -1.3   -2.7   -4.2   -3.7    1.1    2.8   -0.5   -2.5   -3.8   -4.3   -4.8   -2.8    2.8    3.0   -0.1   -2.2   -2.6   -2.9   -3.3   -2.7    3.6    4.4    1.8    0.0    0.2
47101    8.5    5.4    1.3    0.1   -0.7   -0.6   -0.0    3.6    7.3    5.6    1.7    0.3   -0.8   -0.6    0.2    4.2    8.0    5.4    1.9    0.8   -0.0   -0.5    0.7    3.5    6.3    5.0    3.0    2.4
47104    5.8    3.4    3.5    3.0    2.8    2.1    3.6    5.9    7.0    4.0    3.1    2.6    2.6    2.3    4.3    7.6    7.8    4.9    3.9    3.3    3.4    2.6    4.5    8.1    8.2    6.4    5.2    5.5
47105    6.4    4.2    3.3    3.5    3.0    2.7    3.3    6.5    7.6    4.6    3.8    3.6    3.2    2.5    4.3    8.3    8.4    5.9    4.6    4.1    4.2    3.2    4.5    8.3    8.7    7.1    6.1    5.9
47106    6.2    5.4    4.4    4.7    4.1    3.3    4.5    6.9    7.2    5.4    4.0    3.7    3.3    2.5    4.5    8.7    8.1    6.2    5.2    4.4    3.8    3.6    5.0    9.5    9.1    8.0    6.8    6.7
47108   10.8    7.4    4.0    2.6    2.0    0.6    2.0    6.6    9.3    6.9    4.6    3.1    2.0    1.2    2.2    6.9    9.0    6.5    5.1    3.5    2.3    2.0    2.2    6.7    8.2    6.0    5.1    4.9
47112   10.9    7.7    5.0    3.4    2.6    1.8    2.8    7.2    8.8    6.2    4.5    3.6    2.9    2.0    2.8    6.7    8.5    6.0    4.9    4.1    3.2    2.5    3.1    6.7    7.7    5.9    5.4    5.3
47114    9.0    5.4    1.7   -0.5   -1.7   -2.1   -0.0    5.2    8.0    5.6    2.4    0.6   -0.6   -0.9    0.4    6.3    8.6    5.9    2.7    0.8   -0.4   -0.8    0.8    6.1    8.5    5.8    3.4    3.2
47115    5.1    4.1    3.6    3.5    3.7    3.5    4.7    6.6    6.2    4.7    4.7    5.1    5.4    5.6    6.4    7.5    7.0    5.6    5.1    5.3    5.5    5.2    6.2    7.5    7.4    6.3    6.5    7.4
47119   11.6    7.4    4.6    2.1   -0.3   -1.4    2.2    7.2    9.3    6.3    3.1    0.7   -0.2   -0.6    2.3    7.5    9.2    6.3    3.6    1.6    0.8    0.7    3.0    7.3    8.8    6.0    4.8    4.6
47121    7.7    4.7    2.1    0.3   -1.3   -1.7   -0.1    4.8    8.1    5.3    1.9   -0.1   -1.2   -2.2   -0.7    5.6    9.1    5.9    2.9    1.1   -0.1   -1.2   -0.4    4.8    7.8    5.9    3.8    2.6
47127    9.8    5.6    1.7    0.2   -1.2   -1.7    0.3    5.1    8.5    5.1    2.7    0.5   -0.2   -1.2    0.5    5.9    8.8    5.2    3.2    1.2    0.2   -0.3    0.8    6.1    8.6    6.5    3.9    4.1
47129   11.4    8.3    5.3    3.3    0.7   -1.3    2.1    7.6   10.0    5.7    2.4    1.4    0.1    0.4    2.4    7.7    8.9    5.4    3.0    1.7    0.9    0.6    2.0    7.4    8.5    6.2    4.4    4.3
47130    7.0    5.3    4.5    4.6    4.6    4.6    4.9    7.6    7.7    5.6    4.5    2.9    2.4    2.0    4.5    9.0    8.8    6.5    4.8    4.1    3.8    3.6    4.8    9.2    9.6    8.2    7.0    6.0
47131   10.3    8.8    5.0    2.9    0.8   -0.3    1.1    7.0    9.6    8.2    4.7    2.8    1.4    0.4    1.8    6.6    9.2    7.8    5.4    3.2    1.9    0.9    1.8    6.9    8.6    6.9    5.7    4.6
47133    9.9    8.0    5.2    3.1    1.6    0.4    2.2    8.0   10.3    7.1    4.2    2.6    1.6    0.3    1.6    7.4    9.7    7.2    4.6    2.7    1.8    0.5    1.3    7.0    8.9    7.1    5.7    4.8
47135    7.4    6.0    3.4    1.6    0.4   -0.1    1.6    6.3    7.5    4.7    2.1    0.5   -0.3   -0.7    1.0    6.9    8.6    5.6    2.5    1.1    0.3   -0.2    1.8    7.0    7.8    6.8    3.8    3.5
47136    8.8    5.9    2.7    0.6    0.1   -1.2    0.2    6.4    9.2    6.4    3.2    1.8    0.2   -0.3    0.3    7.2   10.1    7.1    3.9    1.9    0.4   -0.6    1.3    7.3    9.3    6.4    5.2    4.1
47137    9.1    7.5    3.8    1.8    0.9   -0.4   -0.0    5.5    8.2    5.5    3.3    1.8    0.8   -0.2    0.7    6.4    9.0    6.9    4.0    2.0    1.2    0.3    0.9    6.2    8.5    6.7    4.8    4.1
47138    9.0    7.9    6.7    7.0    6.8    6.3    6.7    9.2    9.5    8.7    7.5    6.6    5.8    4.6    5.3   10.3   11.0    9.4    8.0    7.2    6.5    5.9    6.6   10.5   11.1   10.0    8.5    7.6
47140    9.3    8.4    6.5    4.6    3.0    1.3    3.1    8.3   10.6    7.4    4.9    3.2    2.0    1.1    2.5    8.0    9.3    6.8    5.1    3.1    2.1    1.2    2.8    7.0    8.2    6.7    6.2    6.4
47143    9.3    8.4    6.3    4.3    3.3    2.3    3.3    8.3   10.3    8.7    6.4    5.1    4.0    2.2    3.2    8.9   11.5    9.3    6.4    4.8    3.6    2.6    3.9    9.1   11.0    9.4    7.8    6.8
47146    9.9    9.0    6.6    3.7    1.7    0.9    3.4   10.2   11.5    8.3    4.6    2.3    1.6    0.8    2.7    9.5   10.6    7.5    4.3    2.0    1.3    1.0    3.5    9.2    9.5    7.4    6.4    6.3
47152    9.2    8.3    7.0    6.5    6.3    5.6    5.9    9.8    9.9    8.5    6.7    5.8    5.3    4.0    5.6   11.4   11.6    9.1    7.2    6.3    5.8    4.5    6.1   11.6   11.7    9.5    8.5    7.0
47155    9.3    8.9    7.8    5.7    5.0    4.2    5.3    8.9   10.6    8.7    7.2    5.8    4.8    3.9    5.7   10.1   11.7    9.1    7.3    6.0    5.2    4.0    5.3   10.5   11.3    9.4    8.2    8.5
47156    9.8    9.0    7.9    6.6    4.7    3.5    4.1    9.9   12.3    9.4    6.4    4.6    3.1    2.3    3.9    9.8   11.8    8.7    5.8    4.1    2.8    2.0    3.5    8.9   10.4    9.2    8.3    8.0
47159   10.1    8.6    7.6    6.7    6.5    6.2    8.5   11.7   11.4    8.7    7.9    7.1    6.3    5.8    8.6   13.1   13.4    9.9    8.6    7.9    7.4    6.9    9.2   13.1   12.3   10.1    9.5    9.0
47162   10.0    8.4    7.3    5.5    4.3    3.3    5.8    9.8   10.9    8.1    6.6    5.1    4.3    4.0    5.9   11.1   12.1    8.9    6.9    6.0    5.2    4.5    6.6   11.3   11.8    9.8    8.2    8.0
47165   10.7    8.9    7.9    7.3    5.7    4.6    5.9   10.7   11.8    8.7    6.4    5.3    4.3    3.3    5.3    9.6   10.5    7.8    5.9    4.2    3.5    3.2    4.8    8.3    9.7    8.4    7.7    7.7
47168    9.1    8.9    8.6    7.3    5.9    5.3    6.5    8.7   10.2    9.2    8.2    7.4    6.4    5.8    6.7    9.1   11.1    9.9    8.6    8.0    7.5    6.7    7.0    9.4   10.6    9.9    9.7    9.8
47169    9.8    9.5    9.6   10.0    9.7    9.2    9.0    9.7    9.8    9.0    9.4    9.1    9.2    9.1    9.7   10.4    9.7    9.1    9.2    9.0    9.0    8.8    9.3    9.6    9.8    9.5    9.8   10.3
47170   11.0    9.2    8.4    7.3    6.4    5.8    6.5    9.5   10.9    8.6    7.2    6.6    6.1    5.8    7.3   10.6   12.0    8.8    7.1    6.2    5.7    5.5    6.5    9.1   10.0    9.1    8.6    8.5
47172    9.2    8.5    6.8    5.8    3.7    2.6    3.1    9.4   10.9    7.4    4.7    3.7    2.0    1.2    2.9    8.9    9.7    6.7    4.0    2.9    1.8    0.6    2.7    8.4    8.9    7.2    6.3    6.4
47174    9.1    7.8    6.0    4.6    1.9    0.1    2.0    9.8   10.5    6.2    2.6    1.7    0.2    0.2    2.5    9.8   11.4    7.5    3.7    1.4    0.7   -0.1    2.3    9.4    9.9    8.3    6.5    6.0
47177    9.9    6.9    4.3    2.1   -0.1   -1.3    1.4    6.7    8.6    5.0    2.4    0.8   -0.4   -1.2    0.4    6.4    7.9    4.7    2.5    1.3    0.3    0.2    1.2    6.6    8.2    5.3    4.4    4.1
47184   11.0   10.6   10.0   10.4    9.8    9.4   10.8   12.6   12.0   11.2   10.6    9.8    9.5    9.0   10.4   12.5   12.5   10.9    9.6    8.8    8.7    8.8   10.5   12.9   13.6   12.2   11.6   11.5
47185   10.8   10.3   10.6   11.0   10.9   10.9   11.2   12.9   12.8   11.6   11.1   11.6   11.1   10.7   11.4   12.9   12.7   10.7   10.2   10.1   10.3   10.8   10.7   12.7   13.3   11.6   12.0   12.6
47188   11.8   10.3   11.0   11.6   11.1   10.8   11.7   13.0   12.9   11.3   10.7   10.3    9.5    9.6   11.1   13.3   13.0    9.9    9.2    9.0    9.2    9.8   11.4   13.4   13.6   12.8   12.2   12.6
47189   13.5   11.8   11.8   11.7   11.7   10.9   12.5   13.7   14.3   12.3   12.2   11.8   11.1   10.9   12.8   14.7   15.0   12.7   11.6   11.6   11.3   11.3   12.9   14.7   14.5   13.3   12.8   13.0
47192    9.4    8.2    6.5    4.9    2.7    1.5    3.9    9.3   10.6    7.0    3.7    2.4    0.9   -0.5    2.8    9.5   11.6    7.2    3.5    2.0    1.3    1.1    3.8    9.7   10.5    8.2    6.8    6.4
47201   10.8    6.0    2.9    1.0   -0.2   -1.0    0.7    6.2    8.4    3.7    1.4    0.9    0.4   -0.4    0.9    6.2    7.9    4.3    2.4    1.3    0.6    0.4    1.1    5.4    6.7    5.0    3.8    4.1
47202   10.4    6.2    2.0   -0.2   -1.4   -2.1   -0.4    5.4    8.0    5.5    1.6   -0.2   -1.3   -2.1   -0.0    5.7    8.7    5.6    2.6    0.2   -0.9   -1.3    0.6    5.4    7.3    5.7    3.8    3.1
47203   10.7    6.2    2.1   -0.3   -1.5   -2.6   -1.0    5.6    8.1    5.2    1.9    0.0   -1.6   -2.0   -0.6    5.3    8.6    5.7    3.2    0.8   -0.8   -1.4   -0.2    4.8    7.4    5.2    3.7    3.1
47211    6.0    3.2    1.4   -0.4   -0.0   -1.7   -0.4    3.5    7.7    3.7    0.8   -0.8   -1.7   -1.5   -0.9    5.3    7.7    3.7    1.5    0.4   -0.1   -0.3    0.6    4.7    6.7    4.3    2.8    2.0
47212    8.4    4.0    1.1   -0.9   -1.6   -2.2   -1.7    4.1    7.8    4.5    0.8   -1.1   -1.8   -1.9   -1.4    5.2    8.3    4.7    1.7    0.1   -0.8   -1.6   -0.7    4.5    7.6    4.7    2.9    2.4
47216    0.9   -0.6   -1.2   -0.7   -1.1   -2.8   -2.4    3.6    4.6    0.8   -1.4   -2.6   -3.0   -3.2   -1.5    5.2    5.8    1.4   -0.1   -1.3   -1.6   -2.3   -1.1    5.2    5.8    2.9    2.1    1.4
47221    7.8    3.3   -1.4   -2.9   -3.2   -4.2   -0.4    4.4    7.2    3.1   -0.0   -1.5   -2.0   -2.7   -0.5    5.0    8.0    3.8    0.6   -1.3   -2.0   -2.8   -0.2    4.8    7.0    4.2    2.1    1.2
47226    9.2    5.7    2.4    0.0   -1.6   -1.8    0.5    6.3    8.7    4.8    1.2    0.0   -1.6   -2.6   -0.2    6.8    9.4    5.1    1.7    0.4    0.4   -0.3    0.6    6.5    8.7    5.8    4.0    2.7
47232   10.9    7.9    3.8    2.0   -0.1   -1.6    1.5    7.4    9.6    5.8    2.4    0.0   -0.6   -1.4    1.1    7.1    9.3    5.3    3.0    1.8    0.0   -0.3    1.8    7.0    8.8    6.1    4.4    4.0
47233   10.3    7.2    3.3    1.7   -1.0   -2.7    0.5    6.6    8.9    4.6    2.5    0.6   -0.7   -1.6    0.3    6.4    8.5    5.1    2.7    1.2   -0.3   -0.9    0.4    6.6    7.9    5.0    4.6    3.8
47235   10.2    7.9    5.6    4.0    2.0    1.9    4.1    9.6   10.4    5.8    4.0    2.1    1.2    0.5    3.3    8.9    9.5    6.0    3.8    2.5    2.3    1.7    3.6    8.5    8.3    6.5    6.2    6.0
47236   10.3    7.8    5.0    2.4    1.1   -0.6    1.3    7.6   11.2    6.6    2.4    1.1   -0.5   -1.1    1.0    7.7   10.3    6.7    2.8    0.6   -0.1   -0.4    1.1    6.8    8.3    6.2    5.4    4.9
47238    8.5    6.4    3.2    1.2   -0.2   -1.4   -0.5    6.9   10.2    4.9    1.3   -0.8   -1.9   -2.5   -0.5    6.6    9.5    5.3    2.2    0.4   -1.9   -2.4   -0.2    7.0    9.4    6.0    3.8    3.4
47243    9.5    8.4    7.0    4.7    2.8    0.5    3.2    8.9   10.8    7.0    4.6    3.2    2.5    1.0    2.2    8.3    9.7    6.6    4.4    2.7    2.2    1.6    2.1    7.5    8.4    7.3    6.3    6.1
47244    8.4    6.7    3.8    1.3   -1.8   -1.9    0.2    8.8   10.5    6.1    0.9   -0.9   -2.2   -2.7    0.0    8.4   10.0    5.5    1.2   -1.5   -2.6   -2.3    0.5    7.4    9.0    6.6    4.6    4.8
47245    9.3    8.4    6.9    5.1    2.8    1.2    3.7   10.0   11.3    7.4    4.6    3.0    2.6    2.1    3.7    9.4   10.0    6.6    4.2    3.0    1.7    0.8    3.3    9.0    9.5    7.2    6.4    6.4
47247    9.0    7.5    5.5    3.0    1.5   -1.4    1.3    7.8   11.0    6.9    2.6    0.6   -0.6   -1.6    1.2    7.9   11.0    6.7    3.0    0.4   -0.1   -1.0    1.4    7.8    9.8    7.5    5.9    5.9
47248    6.7    4.9    2.2   -0.1   -2.6   -2.8   -1.4    7.5    8.8    3.5    0.2   -1.2   -3.3   -2.6   -0.7    7.4    9.3    4.3    0.4   -1.1   -2.1   -1.9    0.3    7.4    8.2    5.1    3.1    4.5
47251    9.5    8.9    6.7    5.4    3.6    2.0    4.0   10.0   11.5    7.6    5.0    3.5    2.5    2.3    4.2    9.4   10.4    7.0    4.1    3.0    2.0    1.1    3.4    8.7    9.4    7.4    6.9    6.5
47252    9.8    8.4    7.1    5.8    3.7    2.7    3.6    9.8   11.3    7.1    4.2    3.2    1.8    0.8    3.3    9.5   10.0    6.5    3.7    2.1    0.7    0.4    2.9    8.1    9.0    7.0    6.4    6.4
47253    9.8    8.7    7.8    6.2    5.0    4.6    5.2    9.5   11.0    8.8    7.6    6.2    4.9    3.7    5.1   10.8   13.1   10.0    7.9    6.5    5.2    4.4    5.5   11.5   12.3    9.7    8.9    7.9
47254    9.6    8.4    6.4    4.1    1.1   -0.5    0.4    8.0   11.7    8.1    3.5    1.6   -0.1   -0.4    0.6    8.1   11.2    7.3    3.6    1.3   -0.4   -0.7    1.6    7.2   10.1    8.2    6.3    6.0
47255    8.9    8.0    6.8    4.4    3.7    3.3    4.3    8.8   10.1    8.2    6.3    4.7    3.3    2.4    4.2    9.7   11.8    9.0    6.2    4.9    3.5    2.7    4.1   10.0   11.2    8.9    7.7    7.4
47256    8.6    7.6    6.3    5.1    3.1    1.4    3.2    8.8   10.2    6.6    3.7    2.8    1.7    1.1    3.1    8.9   10.2    6.7    4.4    2.5    2.0    1.3    3.2    9.2   10.4    8.4    6.7    6.5
47257    9.2    8.3    7.0    5.5    4.5    3.8    4.9    9.6   10.3    7.4    5.0    3.6    2.6    1.7    4.4   11.4   12.4    8.3    5.7    4.4    3.8    2.6    5.2   11.4   11.9    8.9    7.5    6.3
47259   10.4    9.5    7.6    5.8    4.4    3.6    5.2    9.8   11.7    8.2    5.4    4.1    3.2    2.4    4.6   10.5   11.8    8.3    4.4    3.2    2.7    2.5    4.3    8.8   10.0    8.8    7.4    7.5
47260   10.4    8.9    7.2    5.3    3.9    2.5    5.2   10.5   11.6    7.9    4.9    3.3    2.8    1.8    4.6   11.1   12.2    8.3    4.2    3.0    2.0    2.1    4.3   10.0   10.7    9.0    7.6    7.2
47261   11.1    9.7    7.1    6.3    5.6    4.8    6.0   10.6   12.0    8.6    5.3    4.2    3.6    2.4    4.1   10.8   11.7    7.9    4.6    2.9    2.5    2.6    4.8    9.6   10.2    8.5    7.5    7.6
47262   10.3    8.5    6.9    5.5    3.8    2.8    5.3   10.8   11.6    7.2    4.5    3.2    2.0    0.9    4.9   11.7   12.4    8.0    4.7    2.7    2.5    1.9    5.0   10.9   11.2    8.9    7.9    7.8
47263    9.6    7.2    4.8    1.8    0.4   -0.2    1.8    8.1   10.2    6.0    3.0    1.1    0.1   -1.5    1.1    8.9   10.9    5.9    2.7    0.9   -0.0   -0.4    1.9    8.8   10.4    7.6    5.2    5.3
47264    9.0    6.3    4.3    2.1    1.2   -0.8    0.5    7.1    9.7    5.0    2.5    1.2   -0.7   -1.6    0.4    8.3   11.1    6.2    2.8    1.3    0.3   -0.7    1.0    8.5   10.4    7.4    5.3    4.9
47266    9.8    8.7    7.8    5.8    4.6    4.2    6.3   10.1   10.8    8.4    6.7    5.5    4.8    3.9    5.6   10.8   11.9    9.3    7.5    6.3    5.4    5.2    6.6   10.6   10.8    9.3    8.7    8.5
47268   11.4    8.6    7.7    6.4    6.3    5.2    6.2   10.2   11.7    8.5    6.6    5.8    4.3    3.9    6.4   10.4   10.9    7.7    5.8    4.7    4.0    4.1    6.5    9.7   10.2    8.8    8.0    8.0
47271    6.2    2.6    0.5   -0.9   -2.3   -4.6   -3.1    5.1    6.7    2.2   -1.8   -3.1   -4.1   -3.6   -1.5    6.5    8.1    3.5    0.1   -1.9   -2.7   -3.6   -0.7    6.4    7.8    3.9    2.2    0.9
47272    8.0    4.6    1.9    0.1   -1.1   -1.6    0.3    5.5    7.8    4.5    2.0    0.4   -0.4   -1.1    1.2    7.1    9.2    5.2    2.9    1.5    0.2   -0.9    1.7    6.7    8.0    5.6    3.9    3.2
47273    9.7    6.1    2.6    0.6   -0.4   -1.1    0.6    5.7    8.1    4.3    2.7    1.0    0.1   -1.1    0.7    6.6    9.1    5.2    3.7    1.5    0.3   -0.8    0.9    6.0    7.7    5.6    4.2    3.7
47276    6.8    4.0    1.6    0.5    0.7   -0.9   -0.5    6.1    7.8    4.3    1.1   -0.9   -1.5   -2.7   -1.8    7.3    9.8    4.9    1.5   -0.4   -1.9   -2.9   -0.7    7.3    9.5    5.8    3.4    2.4
47277    7.3    6.0    5.0    4.9    5.0    4.4    5.7    8.6    8.4    6.4    4.8    4.4    3.9    2.9    5.0   10.0    9.7    7.1    5.7    4.9    4.2    3.5    5.4   10.2    9.7    8.2    6.8    6.4
47278    8.9    5.6    0.8   -1.2   -1.6   -2.3   -0.3    7.1   10.1    6.1    1.7   -0.3   -1.6   -2.5   -1.3    7.6   10.8    5.8    1.9   -0.2   -1.6   -2.4    0.1    7.7   10.0    6.0    4.5    3.3
47279    8.8    7.0    3.7    1.9    0.7   -0.5    2.3    7.0    9.3    5.9    3.9    3.2    1.5   -0.3    1.2    7.7    9.8    6.3    4.2    2.6    1.1    0.5    1.8    7.8    9.8    8.1    5.5    4.7
47281    8.3    6.6    3.8    2.8    2.6    1.6    2.6    8.0    9.7    6.4    3.5    2.0    0.6   -1.3    0.6    9.1   11.4    7.2    3.7    1.8    1.2    0.1    1.8    9.1   11.0    8.3    5.9    4.4
47283    7.5    6.4    4.9    4.2    3.8    3.2    4.4    8.3    9.1    6.3    4.3    2.1    1.3    0.0    2.6    9.5   11.0    6.8    3.9    2.7    2.1    1.9    3.4    9.7   11.3    7.8    5.5    4.3
47284    7.9    5.8    3.5    0.3   -1.2   -2.0    0.1    6.1    9.3    4.8    1.8    0.4   -0.8   -2.0    0.2    7.5   10.5    5.7    2.6    1.0    0.5   -0.4    1.4    7.3    9.4    6.9    5.3    4.9
47285    9.6    7.5    4.6    1.5    0.4   -0.5    1.1    8.3   10.2    6.2    3.1    1.2    0.1   -1.3    0.3    9.2   11.1    6.5    3.6    1.7    0.9    0.6    1.7    9.0   10.6    7.8    5.8    5.7
47288    9.7    8.2    6.0    4.1    3.1    1.9    4.0    9.9   11.1    7.4    4.9    2.6    1.5   -0.1    3.1   10.4   12.9    8.1    4.8    3.3    1.6    0.8    3.6   10.4   11.6    8.7    6.6    5.9
47289    8.0    7.0    5.7    2.8    1.6   -0.6    1.5    7.3    9.4    6.5    3.4    1.5    0.3   -0.7    1.1    8.5   10.7    7.1    3.8    1.6    0.3   -0.4    1.7    8.2   10.0    7.5    5.8    5.6
47294    9.5    8.3    6.9    5.6    3.7    2.8    5.7    9.5   10.6    7.4    5.6    4.4    3.7    2.8    5.9   10.7   12.2    7.9    5.9    5.4    4.6    3.8    6.7   11.3   11.9    8.8    7.4    7.0
47295    9.1    8.3    7.5    6.0    4.6    4.4    5.9    8.6   10.4    7.8    6.3    5.3    4.6    4.4    6.1    9.1   11.2    8.0    6.5    5.9    5.4    5.1    6.6    9.1   10.6    9.1    8.3    8.2
47299   11.7   11.9   12.0   12.6   13.2   13.7   14.3   14.8   15.0   15.1   15.1   15.2   15.4   15.3   15.2   14.8   14.7   14.6   14.7   14.6   14.6   14.3   14.7   14.9   15.0   14.5   14.3   14.2
  319    7.1    6.2    5.5    5.4    5.1    4.4    5.3    7.5    7.2    5.5    5.6    6.0    5.8    6.3    7.4    8.5    8.2    6.5    6.3    6.4    6.4    6.4    6.9    8.5    8.2    7.4    7.5    8.2
  328   11.7   10.1   10.2   10.7   11.1   10.3   12.1   13.8   13.5   11.7   10.8   10.8   10.1    9.9   12.1   14.1   14.2   11.0    9.8    9.4    9.3    9.7   12.0   14.1   13.8   12.3   11.9   11.8
  400   10.6    7.9    5.2    3.1    2.1    1.2    2.0    6.4    8.8    7.7    6.0    3.8    2.4    1.8    2.2    6.7    8.8    7.5    6.1    4.6    2.7    2.1    2.6    6.6    8.6    6.8    5.6    5.2
  433   11.1    8.0    5.2    3.0    2.0    1.0    2.9    7.4    9.2    6.6    4.3    2.9    1.8    1.2    3.0    7.1    9.0    6.6    5.1    3.6    2.4    2.1    3.0    6.9    8.4    6.1    5.0    5.0
  441   10.6    7.1    2.7    0.5   -0.4   -1.2    0.8    5.7    8.2    5.1    1.8    0.5   -0.4   -0.7    0.9    5.5    7.8    5.1    2.8    1.3    0.2    0.0    1.2    5.4    7.4    5.0    3.6    3.8
  504    9.4    5.1    0.2   -3.1   -3.4   -4.1   -1.4    5.1    7.9    4.3    0.4   -2.2   -2.7   -3.1   -0.8    5.2    8.0    4.5    1.5   -1.1   -1.8   -1.9   -0.1    5.0    7.1    4.8    2.7    2.4
  516   11.7    7.8    4.0    2.0    0.3   -0.8    1.8    7.2    9.1    6.3    3.2    1.2    0.3   -0.5    1.6    7.2    9.0    6.2    4.0    1.7    1.0    0.7    2.2    7.2    8.7    6.0    4.7    4.1
  517    6.2    3.7    3.5    2.8    1.8    0.9    2.1    6.8    7.1    3.7    2.7    1.5    1.7    1.3    4.2    7.5    7.2    4.5    3.3    2.5    2.7    1.7    3.7    7.5    7.9    5.9    5.2    5.4
  519    7.0    1.4   -1.5   -3.4   -3.5   -4.9   -2.8    4.0    6.7    1.4   -2.0   -2.9   -3.4   -3.9   -1.6    4.5    6.7    2.4   -0.8   -1.8   -2.4   -2.7   -1.6    3.0    5.4    2.3    0.9    0.5
  523    6.2    4.1    3.5    3.7    2.7    1.9    3.6    6.0    7.0    4.3    2.1    1.0    0.6    0.9    4.4    7.5    7.7    4.9    4.0    3.1    2.6    1.7    4.6    7.9    7.9    6.2    5.1    5.0
  525    4.2    0.9   -2.1   -2.3   -4.1   -6.9   -3.8    3.8    6.4    2.1   -2.0   -3.7   -5.0   -4.8   -2.9    4.7    6.8    2.5   -1.1   -2.0   -2.8   -3.5   -2.2    4.2    5.4    2.9    0.4    0.1
  526    6.5    2.0   -1.1   -2.4   -2.7   -4.1   -1.7    3.2    7.3    2.1   -0.2   -1.7   -2.5   -3.1   -0.5    4.4    8.0    3.2   -0.4   -1.2   -1.8   -1.8   -0.6    3.7    6.6    3.7    1.4    1.2
  527    4.8    2.4    0.7    0.7   -0.5   -3.2   -1.2    3.6    6.6    3.2    0.6   -1.2   -2.0   -2.3   -0.7    5.0    7.6    3.8    1.0   -0.4   -1.4   -1.8   -0.5    5.3    6.8    4.3    2.0    1.6
  528    9.2    7.6    7.0    5.8    4.5    3.8    4.9    7.1    7.5    5.5    5.4    4.7    4.7    4.5    5.7    7.8    7.7    6.0    5.9    5.6    5.8    5.5    6.2    7.6    6.7    6.0    6.0    5.1
  529    6.6    4.8    4.0    4.3    3.7    3.4    4.0    7.4    7.6    3.5    2.9    2.2    1.9    1.5    3.8    8.7    8.7    4.8    4.3    3.6    2.8    2.4    4.3    8.9    9.5    6.7    5.6    4.5
  530    6.3    5.4    5.0    5.0    5.1    4.9    5.4    6.8    7.0    5.6    6.2    6.3    6.6    7.1    7.6    8.3    7.8    6.5    6.3    6.2    6.5    6.4    6.9    8.2    8.1    7.3    7.4    8.5
  531    9.3    4.2    0.4   -1.5   -2.3   -3.4   -1.6    4.2    7.5    2.5   -0.8   -1.7   -2.6   -2.4   -0.9    4.9    7.8    3.4    0.4   -1.0   -1.9   -1.9   -0.4    3.8    6.5    3.8    2.2    1.4
  532    9.8    5.2    1.2   -0.5   -1.5   -2.8   -0.2    5.8    8.4    5.0    1.5   -0.3   -1.4   -1.9    0.5    6.2    8.3    5.3    2.8    0.8   -0.5   -0.8    0.8    5.6    7.6    5.0    3.6    3.6
  534   10.5    6.2    2.2   -0.7   -1.8   -2.9   -0.1    5.0    8.1    5.2    2.0   -0.2   -1.4   -1.9   -1.0    5.3    7.9    5.4    2.8    0.3   -1.1   -1.6   -0.3    5.5    8.3    5.8    4.0    3.6
  536    9.2    4.3    0.5   -0.9   -2.9   -4.1   -0.9    4.7    8.1    4.2    1.2   -0.9   -2.2   -2.4   -0.9    5.7    8.8    4.3    1.6   -0.4   -1.5   -1.9   -0.0    5.6    8.4    5.0    2.9    2.6
  540   10.7    6.1    1.9   -0.4   -1.1   -2.1    0.3    7.3    8.9    4.5    1.3   -0.1   -1.1   -1.5    0.4    6.7    8.5    4.7    3.0    1.0   -0.2    0.1    1.4    6.5    7.9    5.0    4.0    3.9
  541   10.4    5.4    0.9   -0.6   -1.8   -2.9    0.4    6.4    8.7    4.6    1.1   -0.9   -1.7   -2.4    0.5    6.5    8.9    5.3    2.6    0.0   -1.0   -0.8    1.1    6.2    8.2    5.3    4.2    3.5
  542    9.7    5.5    1.2   -0.3   -1.4   -1.9    0.0    5.2    8.0    4.7    1.3   -0.9   -1.7   -1.5   -0.1    5.6    8.3    4.9    2.3    0.3   -0.8   -0.9    0.9    4.9    7.2    5.2    3.7    3.3
  546   10.1    5.9    1.7    0.8   -0.9   -2.0   -0.3    5.2    8.0    5.7    2.6    0.4   -0.6   -0.8   -0.1    5.5    8.1    5.7    3.3    1.1   -0.7   -0.9    0.4    5.0    7.2    5.2    3.8    3.0
  548   10.0    6.3    2.6    0.1   -1.0   -2.6   -0.6    5.1    7.7    5.6    2.4    0.7   -0.6   -1.0   -0.4    5.5    8.0    6.0    3.6    1.1   -0.3   -0.9    0.0    5.2    7.8    5.4    3.9    3.0
  549   10.4    6.0    2.3    0.2   -2.0   -2.9    0.3    5.9    8.4    4.6    1.3   -0.6   -1.2   -1.8   -0.5    5.9    8.6    5.1    2.3    0.4   -0.9   -1.0    0.5    5.7    7.9    5.3    3.7    3.1
  551   11.9    8.2    4.9    2.0   -0.1   -1.4    1.7    7.4    9.4    7.0    3.8    1.5    0.2   -0.6    1.2    7.5    9.3    6.8    4.2    1.8    0.8    0.3    2.0    7.0    8.8    6.4    4.8    4.1
  552    7.1    2.6   -0.0   -1.8   -2.4   -3.6   -1.8    4.6    7.0    1.3   -2.1   -2.6   -4.0   -4.2   -1.3    5.1    7.1    2.4    0.1   -0.3   -1.7   -1.8   -0.4    4.4    5.8    3.1    1.9    1.6
  555    8.2    3.8   -0.2   -1.6   -2.0   -2.1   -0.5    3.7    7.3    2.7    0.1   -0.7   -1.0   -1.4    0.0    4.6    7.6    3.4    0.4   -0.3   -0.7   -0.4    0.3    3.6    6.3    3.8    1.9    1.8
  556    6.8    3.3    0.4   -1.6   -2.1   -3.0   -1.8    3.1    6.9    2.6   -0.3   -0.7   -1.8   -1.5   -1.2    4.7    7.6    3.1    0.4   -0.6   -1.4   -1.2   -0.5    3.6    6.1    3.3    1.8    0.9
  557    4.7    2.3    1.1    0.2   -0.3   -3.0   -2.2    3.1    7.1    2.8   -0.6   -2.3   -3.2   -3.0   -1.5    4.4    6.6    2.3    0.5   -0.2   -1.3   -1.4   -0.9    3.9    6.3    3.5    1.7    1.1
  559    3.1    0.3   -1.5   -1.3   -4.5   -5.0   -4.4    2.8    5.8    0.5   -3.3   -4.7   -5.1   -4.9   -4.2    3.7    5.8    0.7   -1.5   -2.8   -3.1   -3.6   -2.5    3.7    5.1    2.0    0.4    0.1
  561    7.7    2.4   -0.9   -2.5   -3.8   -3.9   -1.3    4.9    7.6    2.6   -0.6   -2.6   -3.0   -3.4   -0.3    6.5    8.3    3.3    0.5   -0.8   -1.8   -1.9   -0.1    6.2    7.4    4.1    1.8    1.5
  562    7.2    3.2   -1.0   -2.6   -3.5   -3.6   -1.0    4.0    7.3    3.4    0.7   -1.0   -2.1   -3.1   -1.4    4.8    8.3    4.3    0.6   -0.8   -2.2   -2.4   -1.1    4.1    7.0    4.6    1.8    1.4
  563    4.7    2.1    1.8    0.5   -0.2   -2.4   -0.8    3.3    7.1    2.3   -0.8   -2.4   -2.9   -2.8   -1.4    4.3    6.9    2.7    0.5   -0.5   -1.1   -1.6   -0.7    4.0    6.6    3.8    1.9    1.4
  565   11.5    7.6    4.3    2.8    0.5   -0.3    2.4    7.4    9.2    5.8    2.9    1.5    0.1   -0.2    2.1    7.2    8.9    6.0    3.6    2.2    1.1    1.2    2.6    7.2    8.5    5.9    4.8    4.8
  566    5.3    3.2    2.1    2.0    1.2    1.6    2.2    5.7    6.4    3.5    1.4    0.7    0.5    0.4    2.6    7.6    7.3    4.4    2.1    1.8    1.6    1.4    3.1    7.5    7.9    5.7    4.5    4.3
  571   11.4    7.6    4.8    2.4    0.4    0.3    2.6    7.4    9.0    5.5    3.1    2.1    1.2    0.6    2.2    7.2    8.7    5.4    3.7    2.5    1.7    1.7    3.0    7.0    8.2    5.8    4.4    4.4
  572   10.5    6.9    3.0    0.7   -0.9   -1.4    1.4    6.8    8.6    6.2    3.0    0.8   -0.6   -0.7    1.5    7.2    8.9    6.5    3.8    1.8   -0.0   -0.0    2.0    7.0    8.6    6.1    4.8    4.0
  579    2.1    0.0   -0.4   -0.5   -1.5   -2.8   -2.0    1.7    3.9   -0.1   -2.6   -3.9   -4.4   -4.5   -2.3    3.5    4.6    0.6   -1.1   -1.8   -2.7   -3.2   -1.6    4.1    5.3    2.4    0.2    0.7
  580    5.8    4.1    3.4    3.3    3.1    2.6    3.2    6.2    6.3    4.2    3.2    3.1    2.7    2.0    4.0    7.8    7.5    5.0    4.0    3.5    3.3    2.8    4.0    8.1    8.3    6.6    5.5    5.7
  581    4.6    1.2   -0.8   -0.9   -2.3   -3.1   -3.2    3.9    6.3    0.9   -1.1   -2.0   -2.5   -2.7   -1.3    5.9    7.4    2.3    0.2   -0.8   -2.0   -2.2   -0.7    5.7    6.5    2.8    2.0    1.4
  583    5.2    0.6   -2.8   -4.8   -5.8   -6.6   -3.4    4.1    5.8    0.3   -2.1   -4.3   -4.4   -4.8   -2.5    4.7    6.4    1.5   -1.2   -2.4   -3.2   -3.3   -1.5    4.9    5.7    3.1    0.2   -0.2
  586    7.2    3.0    0.3   -0.4   -2.0   -2.6   -0.5    4.8    7.2    2.5    0.0   -1.0   -1.6   -1.1    0.4    5.6    7.8    3.6    0.9   -0.2   -0.6   -0.7    0.0    4.5    6.2    3.5    2.0    1.3
  588    8.9    4.1    0.8   -2.9   -3.2   -3.6   -1.7    4.9    7.8    2.8   -1.3   -2.5   -3.5   -3.3   -1.7    5.4    8.1    3.7    0.2   -1.6   -2.4   -2.2   -0.9    4.3    6.8    4.3    2.0    1.7
  590   10.5    6.4    2.9    1.1   -1.0   -1.7    1.2    7.2    9.1    5.6    2.5    0.4   -0.5   -1.0    1.1    7.3    9.0    6.0    3.4    1.5   -0.2   -0.1    1.9    7.3    8.5    5.7    4.1    4.0
  598    9.7    5.0   -0.2   -2.5   -3.5   -4.2   -1.7    5.1    8.1    3.9   -0.6   -2.3   -3.0   -3.0   -0.9    5.6    7.9    4.1    0.6   -1.1   -1.8   -1.7   -0.7    5.1    7.1    4.3    3.1    2.8
  601    7.4    4.0    0.9   -0.2   -1.3   -1.8   -0.8    3.8    7.5    5.0    2.0    0.5   -0.0   -0.2   -0.2    5.1    8.3    5.5    3.1    0.8   -0.2   -1.0    0.1    5.3    7.8    5.7    3.5    2.9
  602   10.5    5.4    2.6    0.5   -1.7   -2.9   -0.4    5.4    8.7    3.7    1.8   -0.4   -1.3   -2.2   -0.1    6.2    8.7    4.2    2.5    0.5   -1.1   -1.6   -0.0    6.1    8.6    5.3    4.0    2.9
  603    9.9    5.0    0.7   -1.7   -3.7   -4.5   -1.1    5.7    9.0    3.9    0.3   -1.4   -2.7   -3.3   -1.4    6.4    9.0    4.1    1.0   -0.9   -1.6   -1.8   -0.4    6.3    8.8    5.6    3.4    2.4
  604    9.3    6.8    3.4    2.1    1.0   -0.5    0.2    6.6    9.7    5.3    1.9    0.3   -0.6   -2.1   -0.2    6.7    9.5    5.6    2.3    0.9   -0.1   -1.3   -0.0    6.6    9.3    6.1    4.3    3.7
  605    9.0    6.3    3.1    1.0   -0.4   -0.6    0.9    7.6    9.3    4.7    1.3   -0.8   -1.7   -2.7    0.0    7.4    9.7    5.2    1.1   -0.3   -0.5   -1.1    0.7    7.9    9.7    6.0    3.4    3.2
  606   10.6    8.7    6.8    5.1    3.4    3.3    4.4    7.2    8.5    6.9    6.1    5.5    4.9    4.6    5.1    7.3    7.9    6.6    6.0    5.6    5.1    5.1    4.9    7.2    7.7    6.7    6.6    5.7
  608   10.4    7.2    4.3    2.1   -0.7   -1.6    0.5    6.8    9.1    5.5    2.6    0.5   -0.4   -1.2    0.5    6.8    7.9    4.7    2.5    1.3    0.3   -0.1    0.7    7.1    7.8    5.4    4.5    4.0
  610   10.8    6.9    4.1    2.0   -0.8   -1.6    1.1    7.6    9.9    4.7    1.7   -0.2   -1.6   -2.5    0.2    7.3    8.7    4.4    1.9    0.6   -0.5   -1.0    0.7    7.5    8.7    5.3    4.3    3.5
  611   10.2    6.7    3.5    1.5   -1.3   -2.2    0.4    6.5   10.0    6.0    2.1    0.5   -0.4   -1.0   -0.2    6.4    9.2    5.5    2.9    1.4   -0.1   -0.3    0.4    6.1    8.3    5.8    4.5    3.7
  612   10.4    7.9    4.9    2.3   -0.1   -0.6    1.1    6.6   10.1    6.0    3.1    1.2    0.1   -0.0    0.6    7.0    9.3    6.2    3.6    1.9    0.4    0.1    1.1    6.1    8.4    6.4    5.1    4.1
  614    9.5    7.7    5.4    4.1    1.6    0.6    2.4    8.0   10.6    6.9    3.2    1.2   -0.2   -0.8    1.6    7.8    9.4    6.2    3.6    1.5    0.6    0.2    1.6    6.9    8.2    6.4    5.3    6.0
  615   10.2    7.7    4.5    1.8    0.5   -0.7    1.9    8.4   11.3    6.6    2.8    0.7   -0.8   -1.1    1.1    7.9   10.0    6.1    2.7    1.3   -0.6   -0.7    1.1    7.2    8.3    6.5    5.0    4.7
  616   10.9    7.3    4.5    2.7    0.3   -0.7    1.5    6.6    8.9    5.4    2.9    1.7    0.7    0.3    2.1    7.0    8.0    4.8    3.1    2.2    1.5    1.2    2.3    7.0    7.7    5.4    4.3    3.9
  617   11.6    7.8    4.4    1.7   -0.2   -1.8    1.4    7.7    9.7    6.8    2.8    1.0   -0.3   -1.0    1.3    7.4    9.1    6.1    3.4    1.9    0.3   -0.2    1.5    7.1    8.9    6.0    4.6    4.1
  618    9.5    5.5    3.2    1.5   -1.8   -1.6    0.4    8.0   10.1    4.1    0.8   -1.2   -2.4   -3.1   -0.3    7.7    9.3    4.2    1.3   -0.4   -1.2   -2.1   -0.3    7.5    8.0    5.1    3.9    3.6
  619    9.8    4.8    0.7   -0.5   -2.2   -2.9   -0.9    5.3    8.4    3.3    0.6   -0.9   -2.4   -2.8   -1.1    5.9    8.4    3.9    1.7   -0.8   -1.9   -2.0   -0.7    5.7    8.3    5.7    3.5    2.0
  623   10.6    6.7    2.8    0.8   -1.0   -2.6    0.3    6.9    9.6    5.5    2.3    0.2   -0.9   -1.9    0.1    7.0    9.4    5.8    3.3    1.1    0.1   -0.8    0.5    7.1    8.8    6.0    4.1    3.2
  624    8.7    5.3    1.9   -0.7   -3.2   -3.8   -1.2    7.3    8.4    3.9    0.2   -1.2   -2.2   -2.9   -0.6    7.0    8.6    4.2    1.1   -0.6   -1.0   -1.0    0.3    7.0    8.3    5.1    3.3    1.9
  627   11.1    8.2    6.2    3.8    2.4    1.3    3.6    8.4    9.9    6.0    4.4    3.4    2.5    2.7    4.4    8.5    8.8    5.7    4.2    3.4    3.1    2.9    4.1    7.9    8.2    6.7    5.3    5.0
  628   11.1    7.7    4.6    2.1   -0.8   -2.5    0.8    6.8    9.4    5.8    2.9    1.0   -0.1   -1.2    0.4    6.8    8.4    5.2    3.4    2.1    0.7   -0.2    0.6    7.3    8.5    5.6    4.5    3.7
  630    9.9    4.9    0.2   -1.1   -2.7   -3.2   -0.4    5.6    8.3    3.4    0.9   -1.0   -2.1   -2.3   -0.8    5.9    8.4    3.9    2.0   -0.9   -2.0   -2.2   -0.5    6.1    8.4    5.4    2.9    2.1
  634   11.1    8.1    4.6    2.5   -0.1   -1.2    1.3    6.5    9.0    6.3    2.9    1.3   -0.4   -0.8    0.7    6.6    8.1    5.5    3.5    2.4    0.7    0.1    1.4    6.8    8.1    5.8    4.8    4.3
  635   10.3    7.4    4.4    2.2   -0.2   -0.8    1.7    8.4   11.7    6.0    1.8    0.5   -1.1   -1.2    0.6    8.4   10.3    5.6    2.4    0.5   -0.8   -1.0    0.6    7.0    8.5    6.1    5.1    5.0
  636    9.0    5.8    2.4    0.4   -1.0   -2.2    1.1    8.1   10.0    4.7    0.1   -0.8   -1.8   -2.8    0.1    7.4    9.3    4.2    0.9   -0.5   -1.7   -2.6    0.7    7.0    8.0    5.3    3.5    2.8
  642    9.7    8.2    5.6    4.0    2.4    1.1    2.4    8.2   10.3    7.3    4.3    2.7    1.3    0.5    2.1    7.8    9.6    7.1    4.8    2.9    1.7    0.5    1.7    7.7    9.2    7.0    5.5    5.4
  652   10.3    4.8    0.0   -1.9   -3.1   -3.9   -1.2    5.6    8.1    4.1    1.3   -0.7   -2.1   -2.5   -0.6    5.3    7.8    4.5    1.9   -0.3   -1.1   -1.9   -0.2    5.1    7.0    4.6    3.5    3.0
   96    7.7    6.8    6.5    6.7    6.9    7.3    8.0    8.4    8.2    8.1    8.0    8.7    8.9    8.4    8.8    8.8    8.5    7.9    7.9    8.4    8.2    8.4    8.8    9.3    8.7    8.6    8.6    9.2
  661    5.3    3.2    2.8    2.4    2.2    1.1    1.9    5.8    6.2    2.8    2.1    2.4    1.9    2.0    4.0    6.4    6.2    3.7    2.8    3.3    2.8    2.8    3.9    6.6    6.9    5.1    4.4    5.2
  670    6.2    3.7    3.0    3.1    3.1    2.9    2.7    6.4    7.1    4.7    3.2    3.5    3.1    2.8    4.5    7.9    7.6    5.3    3.9    3.8    3.2    3.1    4.4    7.9    8.2    6.5    5.6    5.3
  671    5.8    4.4    4.3    3.6    3.1    1.1    2.2    5.8    6.9    4.9    3.6    2.4    2.5    2.0    4.4    7.3    7.3    5.1    4.2    3.0    3.3    2.4    4.2    7.6    7.9    6.6    5.9    5.6
  699   10.5    8.8    7.8    6.9    5.2    4.0    4.7   10.0   11.4    8.1    5.5    4.2    3.2    2.2    4.2    9.5   10.4    7.3    4.6    3.0    2.2    1.8    3.9    8.1    9.5    8.0    7.2    7.2
  701    7.9    5.3    2.3    0.1   -1.4   -2.7   -0.8    7.1    9.6    4.1    0.5   -0.9   -2.4   -2.5   -0.1    7.2    9.6    4.2    1.2   -0.4   -1.3   -1.7    0.6    7.6    9.8    5.2    3.7    3.5
  702    9.8    8.4    6.0    3.6    1.7   -0.9    2.7    8.5   11.4    7.5    4.2    2.2    1.0   -0.2    2.1    8.5    9.9    6.9    3.6    1.9    0.9    0.4    2.3    8.1    8.7    6.5    5.9    5.9
  703    7.6    5.6    2.8    0.4   -1.9   -3.1   -1.0    7.9    9.2    4.9    0.5   -0.8   -2.4   -1.8   -0.0    7.1    9.1    4.8    0.8   -0.4   -1.7   -2.0    0.7    7.4    8.8    5.3    4.1    4.4
  704    8.7    8.6    7.5    6.1    4.2    3.3    5.1    8.2    9.2    7.0    5.7    4.8    4.8    3.8    5.2    7.5    8.5    6.9    5.7    4.7    4.3    3.8    4.2    6.9    7.6    7.0    6.6    7.0
  706    9.6    8.4    6.2    4.2    2.1    0.8    2.0    9.1   11.5    7.7    3.6    1.6    1.1    0.1    2.4    9.4   11.2    6.7    3.1    1.4    0.8   -0.2    2.3    8.4   10.0    7.8    6.2    6.5
  709    9.2    8.1    5.5    3.5    1.7   -1.0    1.0    8.1   11.4    6.2    2.6    0.9   -0.2   -0.4    1.8    8.6   11.7    6.7    3.0    0.9   -0.0   -0.3    1.5    8.6   10.3    7.8    6.1    6.2
  710   10.2    8.6    6.7    5.2    3.3    1.7    3.1   10.4   12.4    7.9    4.2    2.4    1.5    0.8    2.7    9.9   11.6    7.1    3.2    1.0    0.2   -0.2    2.8    8.4   10.2    8.0    6.7    7.0
  711    9.5    8.5    6.7    5.2    3.1    1.2    2.2   10.3   11.8    7.5    3.9    2.2    1.6   -0.4    2.3   10.1   11.4    7.6    3.3    1.3    0.4    0.4    2.7    9.4   10.6    8.3    6.4    6.6
  712   10.6    8.9    7.5    6.9    4.4    3.5    5.3   10.4   11.5    8.2    6.0    4.5    3.4    3.0    4.9   10.7   12.2    9.3    6.3    4.5    3.8    3.2    5.0   10.5   11.2    9.3    8.4    8.2
  713   10.7    8.4    6.8    5.6    3.0    1.5    4.6   10.5   11.7    7.0    4.7    3.1    1.9    1.4    3.5   10.5   12.2    8.2    4.7    3.2    2.8    1.9    4.7   10.3   11.2    8.9    7.5    7.3
  724   10.8   10.1   10.2   10.3    9.9    9.3    9.4   10.6   11.1   10.8   10.6   10.6   10.3    9.9   10.2   11.1   11.6   10.7    9.8    9.9    9.9    9.8   10.6   11.4   11.4   11.3   11.4   11.8
  727    7.3    6.4    6.9    7.4    7.4    6.7    7.9   10.1    9.6    7.4    7.0    6.9    6.9    6.2    7.6   10.1   10.0    7.0    6.1    5.8    6.0    6.2    7.9   10.0   10.7    9.4    9.0    9.4
  730    9.4    8.0    6.6    4.7    2.5    1.0    1.3    8.8   11.4    7.2    4.2    2.2    0.9    0.2    1.9    9.1   10.6    6.4    3.2    1.5   -0.1   -0.8    2.5    7.5    9.7    7.7    6.1    6.1
  731   10.1    9.3    7.6    6.9    5.1    4.0    4.9   10.2   11.8    8.4    5.7    4.9    2.8    1.7    3.8    9.4   11.1    7.9    4.7    3.1    1.7    1.2    3.9    8.4    9.5    8.5    7.8    7.6
  732    9.1    8.2    6.6    4.9    2.4    1.6    3.1    9.0   10.6    6.6    3.7    2.4    1.9    0.2    2.8    9.8   11.3    7.7    3.5    1.8    1.6    0.8    2.5    8.4   10.1    8.6    6.8    6.5
  733    9.4    7.3    4.7    3.4    1.4   -0.3    2.7    8.6   11.0    5.7    3.4    2.1    0.9   -0.0    1.8    8.0    9.8    5.4    3.4    1.7    1.0    0.2    1.8    6.9    8.2    6.2    5.7    5.0
  734    9.4    7.7    4.7    2.4    0.1   -1.0    1.6    9.9   11.4    6.9    2.9    0.7   -0.0   -0.8    1.5    9.4   10.4    6.5    3.0    1.0   -0.1   -0.2    1.9    8.6    9.1    6.7    4.8    5.0
  736    9.5    8.3    6.4    4.3    1.4    0.5    2.4    8.1   10.6    6.9    3.3    2.6    1.0    0.3    1.2    7.3    9.4    6.3    3.7    2.2    1.2    0.9    1.5    7.0    8.6    6.9    5.9    5.7
  737    9.5    8.5    6.9    4.7    2.5    0.5    2.8    8.9   11.0    7.1    5.5    3.3    2.0    0.6    1.8    8.3    9.6    6.7    4.9    3.1    1.6    1.0    2.1    7.1    8.5    6.7    6.2    6.1
  738    9.4    8.3    6.4    4.2    2.1    0.2    2.5    9.5   11.2    7.0    4.3    2.5    1.4    1.1    2.1    8.6   10.0    6.4    4.0    2.3    1.4    0.1    1.4    7.9    8.9    6.8    5.8    5.6
  741    9.6    8.6    7.0    5.0    3.5    2.3    2.8   10.1   12.5    8.1    4.4    2.2    2.1    1.2    1.9   10.0   11.7    8.0    3.7    1.9    0.7    0.1    2.8    9.3   10.7    8.4    6.9    7.4
  745   10.4    9.2    7.3    5.6    3.8    2.9    3.7   10.1   11.5    8.1    5.0    3.4    2.3    1.6    4.3   10.4   11.2    7.8    3.9    2.0    1.7    1.5    3.8    9.1    9.8    8.2    7.2    6.8
  748   10.3    8.8    7.6    6.4    4.7    3.4    5.7   10.4   11.3    7.4    5.2    4.2    3.3    2.6    5.1   11.1   12.2    8.1    5.6    4.3    3.5    3.1    5.2   10.0   11.1    9.0    8.3    8.1
  751    8.7    7.3    7.7    7.8    7.6    7.1    8.5   10.0    9.6    8.0    7.8    7.3    7.3    6.6    8.2   10.1    9.5    7.2    6.4    6.3    6.1    6.6    8.6   10.9   11.1   10.4    9.7    9.9
  752   10.4    8.9    9.5    9.7    9.8    9.9   10.7   12.5   12.5   10.6   10.1    9.9    9.5    9.0   10.7   12.8   13.0    9.6    8.9    8.6    8.7    9.1   10.2   12.3   12.6   10.9   11.0   11.1
  754   10.7    9.1    7.5    6.0    5.3    3.6    5.1   10.9   12.4    8.3    4.8    3.7    2.3    1.2    3.8   10.5   11.4    7.6    4.0    2.2    1.2    1.2    3.6    8.7   10.0    8.0    7.6    7.2
  757    7.4    4.8    2.2   -0.3   -2.7   -4.2   -1.4    7.5    9.8    4.0   -0.2   -2.4   -2.8   -2.9   -1.1    7.3    9.2    4.0    0.8   -1.2   -2.8   -2.8   -0.6    7.2    8.6    4.9    3.0    2.8
  760    8.0    5.6    3.6    1.4   -0.8   -2.6   -0.1    8.6    9.9    4.3    0.9   -1.1   -1.5   -1.4    1.3    8.4    9.0    3.5    0.1   -0.9   -1.7   -2.3    0.8    8.1    8.8    5.1    4.2    4.8
  762    8.7    6.5    4.8    2.8    0.4   -1.3   -0.5    8.6   10.6    5.4    2.3    0.2   -0.7   -1.6   -0.4    8.4    9.9    5.1    2.1    0.0   -0.8   -2.2    0.3    7.8    9.5    6.2    5.1    5.0
  767   10.5    8.6    7.4    6.1    4.3    3.7    6.1   10.0   11.0    7.6    5.3    3.8    3.2    2.6    5.4   11.0   11.7    8.1    5.1    4.3    3.8    3.6    5.9   10.4   10.6    9.3    7.5    8.3
  768    9.2    8.0    5.8    3.6    0.7   -1.0    0.7    6.4   11.6    6.5    3.1    1.8    0.4   -0.5    1.1    6.6   11.0    6.5    3.8    1.7    0.6    0.1    1.3    6.9   10.0    7.4    6.4    5.9
  769    9.9    8.6    8.0    6.8    5.1    4.3    4.6   10.3   10.9    7.5    5.4    4.8    3.6    2.7    5.0    9.5    9.9    7.3    4.9    3.7    2.9    2.4    4.1    8.5    8.9    7.6    7.1    7.5
  770    9.5    7.7    5.7    4.6    3.0    1.1    3.5   10.0   11.6    6.4    3.3    1.8    0.7   -0.7    2.0    9.4   10.9    5.7    2.0    0.3   -0.4   -0.6    2.4    9.0    9.7    7.1    6.4    6.4
  771   10.5    8.4    7.5    6.6    5.6    5.9    6.4   10.1   11.3    7.8    6.0    5.2    4.5    4.6    6.5    9.7   10.1    7.4    5.4    4.4    4.2    4.2    5.9    8.7    9.6    8.2    7.6    7.7
  775    9.6    8.7    6.7    5.4    3.1    1.8    2.0    8.8   11.5    8.0    4.4    2.6    1.1    0.0    2.1    9.0   10.5    7.2    3.7    1.0   -0.4   -0.7    2.1    7.6    9.5    7.7    6.7    5.9
  779   10.7    9.9    9.9   10.1    9.7    9.8   11.1   12.7   12.8   11.3   10.2   10.4   10.4   10.4   11.2   12.7   12.7   10.6    9.4    9.0    9.2   10.0   10.7   12.6   13.1   12.0   11.6   11.6
  780   12.7   10.6   10.7   11.2   11.6   11.1   11.6   12.8   13.0   11.2   10.8   10.9   10.5    9.7   11.7   13.5   13.4   10.8    9.8    9.8    9.7   10.1   11.9   13.8   14.2   13.1   12.4   12.6
  781   11.4   10.6   10.4   10.6   10.6   10.3   11.3   12.4   12.1   11.3    9.9    9.9    9.2    9.3   10.5   12.3   12.2   10.3    8.5    8.0    8.4    8.9   11.0   13.5   13.4   12.9   11.4   11.8
  782    5.1    4.0    4.8    4.7    4.3    4.2    5.1    6.0    6.2    5.0    4.8    4.6    4.5    4.3    5.5    6.7    6.6    4.5    4.5    4.4    4.8    5.3    6.5    7.6    7.7    7.5    6.9    7.4
  788    9.9    8.9    7.7    6.2    4.6    2.7    3.7   10.2   12.7    9.1    5.6    3.5    2.6    1.3    3.6   10.4   12.0    8.2    5.1    3.0    1.4    0.5    3.7    9.2   10.6    9.0    8.0    7.4
  789   10.2    8.4    7.5    6.4    5.6    4.5    5.4   10.1   11.2    7.8    6.0    4.8    4.1    3.4    5.2    9.2    9.9    7.4    5.3    4.2    3.7    3.1    5.2    8.2    9.1    7.9    7.3    7.2
  801    6.3    4.0    2.7    2.2    2.2   -0.7   -0.1    5.9    7.4    4.3    1.2   -0.1   -1.6   -2.3   -0.5    7.3    9.2    5.1    2.2    0.8   -0.5   -1.9    0.5    7.3    9.1    5.9    3.4    2.8
  803    7.3    3.7    0.6    0.0   -0.5   -2.2   -0.1    6.7    8.4    4.2    0.3   -0.4   -2.0   -3.2   -1.1    8.1    9.9    5.1    0.8   -0.6   -2.5   -3.8    0.0    8.5    9.5    5.4    3.3    2.6
  804    7.7    6.2    5.4    5.3    5.6    5.9    6.6    8.2    8.2    6.5    5.9    5.1    4.9    4.4    5.9    9.5    9.8    7.1    6.1    5.7    5.2    4.8    6.3    9.8    9.8    8.0    7.2    6.3
  810    9.1    6.7    3.2    0.6   -1.0   -1.1    1.3    7.3    9.2    5.7    3.2    2.5    0.2   -1.1    0.5    8.2   10.1    6.3    3.3    2.4    1.3    0.1    1.8    7.9    9.9    7.6    5.8    4.9
  811    8.0    6.9    5.1    4.7    4.3    3.5    4.7    8.7    9.6    6.8    3.9    2.7    1.4   -0.2    2.7    9.9   11.3    7.1    3.9    2.8    2.3    1.9    4.1   10.0   11.3    8.4    6.2    4.3
  812    9.3    7.2    3.4    0.5   -0.0   -0.9    1.0    8.3    9.6    5.5    2.8    1.0   -0.6   -2.1    0.6    9.2   10.5    5.3    2.6    1.2    0.7   -0.2    1.8    8.9   10.5    7.0    5.9    5.3
  813    7.9    6.9    4.3    2.2    1.6    0.0    1.8    8.4    9.7    6.1    3.1    1.8   -0.2   -1.5    0.5    9.1   11.5    6.9    3.1    1.2    0.2   -0.6    2.0    9.0   11.1    8.0    5.3    4.7
  815    9.5    5.5    1.5   -0.6   -2.6   -2.6   -0.4    5.9    8.4    5.1    2.8    0.8   -1.2   -1.9   -0.9    6.4    9.6    6.2    2.8    1.1   -0.1   -1.5    0.3    6.5    8.7    5.9    4.5    3.1
  822    8.2    5.6    2.3   -1.1   -2.0   -2.5   -0.6    6.9    8.6    4.3    1.1    0.3   -1.0   -1.8   -0.9    7.5    9.5    4.7    2.2    1.1    0.2   -0.5    0.5    7.2    9.3    6.7    4.6    3.9
  823    8.1    4.8    1.4   -0.7   -1.3   -2.0   -0.7    6.8    9.0    4.6    2.0    0.5   -1.0   -2.9   -2.2    6.9    9.4    4.8    1.0   -0.6   -2.2   -2.9   -0.6    7.1    9.2    6.3    4.5    3.5
  825    8.9    6.6    3.5    1.1    0.7   -0.6    2.2    7.3    9.6    6.0    3.4    2.4    0.9   -0.5    1.1    8.0   10.1    6.1    3.1    1.6    1.2    0.1    1.9    8.4    9.8    7.6    5.5    4.9
  827    8.1    7.8    4.9    3.5    3.1    1.8    3.6    7.8    9.9    7.9    4.7    4.1    2.2    0.6    2.3    8.7   11.5    8.5    5.0    3.5    2.6    1.4    3.1    9.0   10.8    9.3    6.9    6.4
  828    9.2    7.8    5.8    3.4    2.1    1.1    2.9    8.1   10.2    6.9    4.9    2.8    2.0    1.1    2.4    9.0   11.0    7.2    4.6    2.7    1.6    1.5    2.9    9.0   10.2    7.7    6.2    5.3
  832    9.3    6.1    2.4   -0.4   -1.2   -0.6    0.1    6.1    9.1    5.9    3.1    1.6   -0.1   -1.1   -1.2    6.5    9.4    6.0    2.9    0.6   -0.5   -0.7    0.1    6.5    8.7    6.7    5.3    3.9
  834    7.7    5.0    1.9   -0.0   -0.8   -0.9    0.8    5.3    7.2    3.3    1.3   -0.5   -0.9   -1.8    0.1    6.3    8.3    4.1    2.4    0.7    0.2   -0.4    1.2    6.3    7.5    5.3    2.4    2.4
  836    5.5    3.0    0.3    0.1   -0.8   -2.2   -1.3    5.9    7.1    3.2   -0.1   -1.5   -3.0   -4.0   -1.8    7.5    9.0    4.1    0.8   -1.0   -2.9   -4.0   -0.8    8.0    8.4    4.4    2.7    1.7
  844    7.4    6.1    4.9    4.7    3.6    4.1    4.8    8.4    9.0    5.1    3.8    2.9    1.7    0.9    3.8    9.9   10.1    6.4    3.7    3.5    2.4    1.8    4.2    9.9   10.4    7.1    5.3    4.5
  850    8.9    8.8    7.6    7.1    7.1    5.9    7.5    9.8    9.3    7.9    7.1    7.0    6.5    6.2    7.6   11.1   10.6    8.3    7.7    7.2    6.9    6.9    8.4   11.4   10.8    8.6    8.1    8.1
  871    1.0   -1.1   -0.3   -0.3   -0.4   -0.5    1.0    2.9    2.5    0.1   -0.1   -0.8   -1.0   -0.9    0.3    2.9    2.6    0.8    0.1    0.5    0.7    0.4    1.9    3.7    3.9    2.7    3.1    2.9
  876    6.4    4.5    4.0    4.2    3.8    2.8    4.3    7.0    7.0    4.9    3.6    3.0    3.0    2.6    4.3    8.3    8.1    5.9    5.0    4.5    4.0    3.3    4.9    8.7    8.9    8.0    6.7    6.4
  877   10.0    5.2    1.4   -0.9   -2.9   -3.3   -0.9    5.8    8.6    4.0    0.9    0.0   -1.1   -1.6   -0.5    6.0    9.0    4.4    2.0    0.1   -1.1   -1.5   -0.2    5.7    8.5    5.3    2.8    2.6
  887   10.3    7.2    4.2    1.8   -0.7   -1.0    0.8    7.5   10.0    5.9    2.6    1.4    0.3    0.1    0.3    6.8    9.5    5.8    3.0    1.8    0.9    0.7    1.0    6.4    8.8    5.9    4.4    3.8
  900    7.1    6.7    5.4    5.5    4.2    4.1    4.4    8.2    8.9    6.3    4.3    3.6    2.1    1.1    4.0   10.0   11.0    7.1    4.6    4.0    3.2    1.8    4.5   10.3   11.1    7.8    6.5    4.7
  901    9.3    8.6    7.8    7.0    7.4    7.4    7.8    9.9    9.6    9.0    8.3    7.6    7.0    6.6    7.7   11.4   11.3    9.4    9.2    8.3    8.0    7.5    8.5   11.6   11.0    9.7    9.5    9.2
  907    9.6    8.8    8.2    6.4    4.6    3.9    5.3    8.6   10.5    8.7    7.0    5.9    5.0    4.0    5.1    9.0   10.8    9.2    7.4    6.2    5.5    4.6    5.5    9.2   10.6    9.9    8.5    8.3
  908    9.9    8.6    6.9    5.3    4.2    3.9    5.6   10.0   11.0    7.7    5.8    4.0    3.4    2.6    5.2   11.0   12.2    8.5    6.0    4.4    3.7    3.1    6.0   11.2   11.4    9.4    8.0    7.7
  909    9.2    8.7    7.8    6.8    6.5    6.1    7.3    9.9   10.2    8.6    8.1    7.4    7.0    6.8    8.2   11.0   11.6    9.6    8.9    8.8    8.3    7.7    9.2   11.2   11.2   10.3    9.7   10.1
  912    8.4    6.7    4.4    1.8    0.2   -1.1   -0.1    7.4    9.6    5.2    2.3    1.2   -1.4   -2.1    0.1    8.1   10.9    6.6    2.7    1.4    0.1   -1.1    0.8    8.2   10.0    7.4    5.1    4.7
  915    9.1    6.8    3.8    0.8   -0.3   -0.8    1.6    8.8   10.3    5.5    1.8   -0.2   -0.8   -2.4    0.6    9.6   11.3    5.6    1.8    0.3   -0.1   -0.9    2.1    9.5   10.3    6.9    5.0    5.8
  917    9.8    8.1    7.1    4.6    3.6    3.3    4.1    9.8   11.6    6.5    4.2    2.7    1.9    1.5    3.3   10.2   12.2    6.6    4.4    3.6    2.8    3.0    4.1    9.9   10.8    8.2    6.6    6.6
  918    9.9    8.7    7.3    5.0    2.6    1.8    4.1    9.8   10.9    7.5    4.7    3.1    1.9    1.3    3.9   10.8   11.7    7.6    4.6    3.6    2.6    2.2    4.6   10.8   11.1    8.7    6.7    6.8
  919    8.9    7.8    5.0    1.9    0.8    0.5    2.2    8.4   10.8    6.6    3.5    1.4   -0.1   -0.7    1.7    9.3   11.6    6.7    3.3    1.4   -0.0   -0.0    2.3    9.4   10.6    8.3    6.5    5.4
  920    9.1    7.6    5.4    1.6    0.1   -0.2    1.8    8.1   10.7    6.7    3.0    0.6   -0.6   -1.9    0.8    9.3   11.6    6.5    2.7    0.4   -0.5   -1.1    1.7    9.2   10.7    8.0    5.2    5.0
  923    9.4    8.4    7.3    6.8    6.6    6.6    8.2   10.0    9.8    8.2    7.2    6.7    6.0    5.7    8.2   11.6   11.7    9.0    7.8    7.5    7.0    6.7    8.6   11.6   11.5    9.7    8.6    8.3
  932    9.1    8.5    7.1    5.4    3.5    2.3    3.8    9.6   11.0    7.7    5.4    4.0    2.4    1.3    2.8    9.9   11.7    8.6    5.3    4.0    3.4    3.0    4.2    9.9   10.5    8.8    7.2    7.0
  936    8.9    7.2    4.7    1.9    0.9    0.2    2.5    8.2    9.9    5.7    3.0    0.9    0.0   -1.2    1.3    8.9   10.7    5.5    2.7    1.0    0.5    0.1    2.7    8.9   10.1    7.1    5.0    5.6
  940    9.3    8.0    7.3    6.4    5.7    5.5    6.6    9.5   10.0    8.0    7.2    6.0    5.2    4.3    6.2   11.7   12.4    9.2    7.6    6.5    5.9    5.2    7.2   11.9   11.8    9.9    8.8    7.9
  946    6.8    4.6    2.0   -0.7   -2.9   -2.3    0.5    6.7    8.4    3.3    0.2   -0.4   -2.6   -2.0   -0.2    7.7    9.5    4.2    1.4    0.0   -0.8   -0.7    1.1    7.2    8.8    5.5    4.0    4.2
  790    9.8    9.0    8.5    7.6    6.1    6.2    7.4    9.3   10.1    8.7    8.3    8.2    7.5    6.6    7.7   10.1   10.5    9.1    8.9    8.6    8.3    7.9    8.3    9.9   10.6   10.0    9.9   10.5
10111    4.6    1.3   -1.2   -2.4   -3.5   -4.3   -3.2    0.9    2.2    0.1   -1.5   -2.6   -3.3   -3.7   -2.7    0.4    1.8    0.2   -0.6   -1.8   -2.8   -3.2   -2.3    0.6    2.3    1.0    0.5    0.7
10112    9.2    5.0    1.7    0.1   -1.1   -1.9   -0.4    5.1    6.7    3.4    1.3   -0.4   -1.2   -2.0   -0.4    4.6    6.4    3.5    2.3    0.5   -1.1   -1.3    0.4    5.0    6.8    4.7    3.7    3.7
10121   -5.5   -6.8   -7.1   -6.3   -5.1   -5.6   -5.1   -3.5   -2.1   -4.3   -5.6   -6.8   -6.5   -6.9   -5.2   -2.9   -3.2   -4.5   -5.1   -5.5   -6.1   -6.3   -5.4   -3.5   -3.2   -4.0   -4.5   -4.3
10122   -0.0   -1.6   -2.1   -1.8   -2.0   -2.7   -1.9    0.2    1.6   -0.1   -1.2   -2.0   -1.8   -2.1   -1.0    1.2    1.2   -0.1   -1.1   -1.5   -2.1   -1.9   -0.7    1.8    2.8    1.3    0.7    0.7
10131   -5.0   -6.4   -6.7   -6.1   -5.3   -5.8   -4.8   -2.5   -2.3   -4.1   -5.6   -6.2   -6.2   -6.6   -4.7   -2.5   -2.7   -4.4   -4.9   -5.5   -5.9   -6.3   -5.0   -2.6   -1.8   -3.3   -4.0   -3.7
10132    1.5   -0.9   -1.6   -1.6   -1.8   -2.4   -0.8    2.8    4.0    1.1   -1.2   -2.0   -2.1   -2.1    0.0    3.7    3.8    0.7   -0.4   -1.1   -1.5   -1.5    0.5    4.3    5.2    2.2    0.9    1.3
10141   -0.0   -2.6   -4.5   -5.2   -5.7   -6.2   -4.6   -1.6   -0.4   -2.6   -4.3   -5.2   -5.5   -5.7   -4.1   -1.1   -0.3   -1.9   -3.4   -4.5   -5.3   -5.8   -4.4   -1.0    0.1   -1.4   -2.5   -2.7
10142    7.3    3.2    0.4   -0.5   -1.4   -1.9    0.3    4.8    6.5    3.9    1.7    0.3   -0.4   -0.9    0.9    5.5    6.8    4.3    1.6   -0.1   -0.9   -1.0    1.1    6.3    7.4    4.6    3.0    3.0
10151    3.3    1.4   -0.1   -1.7   -2.6   -2.9   -1.8    2.4    3.3    0.7   -1.1   -2.5   -3.4   -4.1   -2.9    1.4    2.4    0.6   -1.2   -2.4   -3.2   -3.8   -2.5    1.9    2.9    1.5    1.4    1.2
10152    8.5    6.0    4.0    1.8    0.1   -0.4    1.6    7.0    8.6    4.8    2.3    0.5   -0.5   -1.3    0.4    6.1    7.6    4.4    2.2    0.6   -0.6   -1.1    0.7    6.3    7.7    5.6    4.9    4.5
10161    2.0   -0.2   -2.4   -3.5   -4.5   -4.5   -3.4   -0.2    0.8   -1.1   -2.5   -3.7   -4.2   -5.0   -2.9    0.9    1.4   -0.8   -2.2   -3.2   -3.7   -4.1   -2.7    1.1    1.9    0.3   -0.1   -0.3
10162    5.6    2.9    0.2   -1.9   -3.1   -2.9   -1.0    3.4    4.7    1.7   -0.5   -1.5   -2.1   -3.0   -0.9    4.1    5.2    2.0    0.3   -0.9   -1.7   -2.1   -0.0    4.5    5.6    3.3    2.1    1.5
10171    1.9   -0.9   -2.9   -4.3   -5.3   -5.6   -3.8   -0.3    0.9   -1.4   -3.1   -4.0   -4.3   -4.5   -3.0    0.6    1.3   -0.4   -2.1   -3.4   -4.1   -4.6   -3.1    1.0    1.7    0.0   -0.4   -0.7
10172    8.8    4.9    1.8    0.1   -1.0   -1.3    1.1    6.0    7.8    4.9    2.6    1.2    0.4   -0.0    1.7    6.7    8.1    5.6    3.2    1.4    0.4   -0.1    2.0    7.6    8.6    5.8    4.7    4.2
10181    6.6    5.4    4.5    3.4    2.8    1.7    2.7    6.0    7.1    4.7    3.2    2.5    1.7    0.9    2.7    5.7    6.4    4.0    2.2    1.2    0.7    0.6    2.5    5.1    5.9    5.1    5.3    5.0
10182   10.3    8.8    7.6    6.5    5.3    4.0    5.4   10.0   11.1    7.5    5.4    4.3    3.2    2.1    4.6    9.6   10.4    6.5    3.8    2.3    1.5    1.2    4.0    8.8    9.8    8.1    7.6    7.3
10192    1.0   -0.2   -1.4   -2.6   -3.7   -4.8   -3.3    0.3    1.2   -1.2   -2.9   -3.7   -4.2   -4.4   -2.4    0.9    1.9   -0.1   -2.0   -3.1   -3.6   -3.9   -2.1    1.7    2.2    1.0    0.2    0.2
10201    4.4    3.5    2.4    1.5    0.2   -0.9    0.2    3.6    5.0    2.7    0.9   -0.4   -0.8   -1.3    0.4    3.4    4.1    1.9    0.3   -0.7   -1.1   -1.6    0.5    3.6    4.4    3.1    3.1    3.2
10202    8.7    7.5    6.2    4.4    2.4    1.1    2.9    8.3    9.8    6.1    3.8    1.9    2.0    1.7    3.1    7.9    8.7    5.1    2.8    1.9    0.7    0.1    2.6    8.1    8.9    6.5    5.9    6.0
10211   -1.1   -2.6   -3.6   -4.9   -5.6   -6.4   -5.1   -1.4   -1.2   -3.1   -4.6   -5.3   -5.9   -5.8   -3.9   -0.3    0.3   -1.5   -3.6   -4.6   -5.4   -5.6   -3.7   -0.0    0.3   -1.1   -1.9   -2.4
10212    0.6   -0.7   -2.0   -3.4   -4.5   -5.2   -3.6   -0.1    0.8   -1.4   -2.8   -3.7   -4.4   -4.5   -2.5    0.7    1.7   -0.3   -2.2   -3.3   -3.8   -3.8   -2.1    1.4    2.2    0.8    0.2    0.1
10221    2.2    0.4   -0.9   -1.2   -0.5   -0.1    0.7    2.9    3.2    1.7    0.8    0.3   -0.1   -0.4    1.0    3.9    4.4    2.2    0.9   -0.2   -0.9   -1.5    0.6    4.0    4.9    3.2    2.5    2.4
10222    5.6    3.4    1.9    1.5    2.1    2.3    3.4    6.3    6.7    4.7    3.3    2.1    1.3    0.8    2.9    7.4    7.9    4.8    3.2    1.8    0.7    0.1    2.9    7.5    8.4    5.5    4.2    3.6
10231   -2.8   -4.2   -5.1   -6.2   -6.9   -7.6   -6.1   -2.5   -1.5   -3.9   -5.3   -6.2   -6.8   -7.1   -4.9   -1.2   -0.2   -2.4   -4.2   -4.7   -5.4   -6.1   -4.6   -1.7   -1.1   -2.5   -3.3   -3.2
10232   -0.3   -1.3   -2.2   -3.7   -4.8   -5.7   -4.2   -0.7    0.1   -2.2   -3.6   -4.2   -4.8   -5.2   -3.0    0.4    1.1   -0.8   -2.5   -3.4   -3.9   -4.4   -2.7    0.9    1.4    0.2   -0.4   -0.4
10241   -1.0   -3.2   -4.9   -5.5   -6.1   -6.6   -5.0   -2.4   -1.1   -3.0   -4.4   -4.7   -4.8   -5.1   -4.0   -1.1   -0.2   -2.1   -3.0   -4.0   -4.8   -5.5   -4.4   -1.1   -0.2   -1.5   -2.1   -2.6
10242    5.9    2.1   -0.5   -1.6   -2.2   -2.2   -0.2    4.1    5.7    3.0    1.0    0.1   -0.3   -0.5    0.7    5.2    6.5    4.3    2.1    0.5   -0.5   -1.1    0.9    5.8    6.7    3.9    2.4    2.2
10251   -0.8   -2.1   -3.3   -4.8   -5.8   -6.3   -4.7   -1.6   -1.0   -2.9   -4.0   -4.6   -4.9   -5.8   -3.6   -0.1    0.6   -1.7   -3.1   -3.9   -4.4   -4.5   -3.1    0.2    0.7   -0.2   -1.1   -1.2
10252    6.5    5.0    2.9    0.8   -0.3   -0.7    1.9    6.0    6.8    4.0    2.5    1.3    0.1   -0.9    1.7    6.7    7.7    3.8    2.4    1.1    0.9    0.5    2.7    7.2    8.4    6.0    4.7    4.1
10261    0.3   -3.2   -2.3   -2.2   -2.4   -2.6   -2.0   -0.2   -0.2   -2.0   -2.2   -2.7   -2.8   -2.3   -0.5    1.3    1.7   -1.1   -1.6   -2.4   -2.7   -2.7   -1.4    0.0    0.6   -0.2   -0.2   -0.0
10262    6.1    4.6    5.3    5.1    4.9    4.8    5.4    7.0    7.0    5.6    5.3    4.9    4.7    4.6    5.6    7.0    7.0    5.0    4.3    4.1    4.3    4.7    6.1    7.5    7.9    7.2    7.1    7.4
10272    4.3    3.0    3.8    3.6    3.4    3.3    4.1    5.7    5.7    4.2    4.1    3.7    3.5    3.4    4.4    5.8    5.8    3.9    3.4    3.1    3.1    3.5    4.7    6.0    6.6    5.6    5.7    5.8
10281    1.4    0.8   -0.2   -1.1   -2.0   -3.2   -2.4    1.7    2.6    0.3   -1.8   -2.8   -3.3   -3.7   -2.3    1.9    2.3   -0.1   -2.0   -3.1   -3.5   -4.1   -2.1    2.0    2.5    1.8    1.0    1.0
10282    8.6    7.7    6.5    5.2    3.5    2.2    3.5    8.9   10.5    7.4    4.3    2.5    1.6    0.7    3.2    8.9    9.9    5.9    3.1    1.5    0.7    0.0    2.8    8.8    9.9    8.1    6.9    6.8
20111    1.4   -1.5   -3.4   -4.4   -5.0   -5.3   -4.0   -0.6    0.1   -2.1   -3.6   -4.8   -5.0   -5.0   -3.6   -0.6    0.1   -1.6   -3.2   -4.3   -4.9   -5.1   -3.9   -0.7    0.4   -1.1   -1.6   -1.6
20121    6.4    2.9    0.1   -1.2   -2.2   -3.1   -1.8    2.4    4.0    2.0    0.0   -1.2   -1.9   -2.4   -1.2    1.9    3.7    1.8    0.6   -0.6   -1.5   -1.8   -0.7    2.6    4.4    2.9    2.1    1.6
20131    7.0    3.4    0.9   -0.6   -2.0   -2.7   -1.4    2.8    4.2    1.6   -0.0   -1.2   -1.9   -2.4   -1.1    2.4    3.8    1.9    0.5   -0.3   -1.6   -1.8   -0.6    3.0    4.5    3.1    2.2    1.9
20141   -2.8   -5.0   -5.9   -5.6   -5.7   -6.1   -4.8   -1.9   -2.2   -4.0   -5.3   -5.7   -5.8   -6.0   -4.0   -1.2   -1.4   -3.2   -3.9   -5.0   -5.4   -5.6   -4.1   -1.5   -0.6   -1.9   -2.5   -3.1
20151    5.4    3.5    2.3    0.4   -1.1   -1.4   -0.2    3.5    5.2    2.5    0.9   -0.3   -1.1   -1.8   -0.6    3.1    4.5    2.5    0.9   -0.1   -0.9   -1.6   -0.0    3.7    4.7    3.2    3.1    2.7
20161    2.9    1.9   -0.0   -1.0   -1.9   -2.6   -1.7    2.3    3.7    1.2   -0.8   -2.1   -2.8   -3.5   -1.9    1.9    2.9    1.0   -0.8   -2.0   -2.9   -3.5   -1.6    2.7    3.6    2.1    1.3    1.4
20171    5.0    3.7    2.1    0.2   -1.1   -1.8   -0.1    4.5    5.9    3.5    0.9   -0.4   -0.9   -1.1    0.2    4.3    5.6    2.8    0.8   -0.4   -1.2   -1.4    0.8    5.0    6.1    3.9    3.2    3.5
20181    4.2    3.3    2.1    0.4   -0.8   -1.6   -0.7    3.1    4.6    2.5    0.5   -0.9   -1.6   -1.8   -0.6    2.7    3.5    1.6    0.1   -1.0   -1.6   -2.0   -0.2    2.9    3.9    2.6    2.6    2.7
20191    6.9    6.3    5.4    4.2    2.5    1.0    2.0    6.4    7.6    4.8    3.2    1.9    1.1    0.8    2.2    6.0    6.5    4.0    2.4    1.2    0.9   -0.2    1.5    5.5    6.5    5.0    5.0    4.8
20201    1.4    0.8   -0.2   -1.1   -2.0   -3.2   -2.4    1.7    2.6    0.3   -1.8   -2.8   -3.3   -3.7   -2.3    1.9    2.3   -0.1   -2.0   -3.1   -3.5   -4.1   -2.1    2.0    2.5    1.8    1.0    1.0
20211    3.6    3.0    2.1    1.0   -0.1   -1.5   -0.4    3.1    4.4    1.8   -0.0   -1.0   -1.7   -2.1    0.0    3.5    4.6    2.4    0.4   -0.7   -1.0   -1.3    0.5    4.0    4.6    3.8    3.2    3.3
20221    5.7    5.0    3.9    2.7    1.3    1.2    2.4    5.0    5.8    4.3    3.3    2.8    2.1    1.3    2.6    5.3    6.1    4.6    3.3    2.9    2.6    2.3    3.6    5.7    6.3    5.9    6.1    6.2
20231    6.0    5.0    4.1    3.1    2.5    1.7    2.6    5.2    5.7    3.9    2.5    1.9    1.3    0.9    2.8    5.5    5.6    3.4    1.9    1.2    0.8    0.7    2.4    4.6    5.3    4.6    4.5    4.8
20241    6.1    5.1    4.3    3.2    2.6    1.8    2.8    5.2    5.7    4.1    2.8    2.1    1.7    1.1    2.9    5.6    5.9    3.6    2.0    1.4    1.0    0.9    2.5    4.7    5.4    4.7    4.7    4.9
20251   -0.1   -1.2   -2.6   -3.5   -3.8   -3.9   -2.6   -0.0    0.3   -1.0   -2.0   -2.4   -2.8   -3.5   -1.6    1.6    1.9    0.1   -1.3   -1.9   -2.8   -3.2   -1.0    2.0    2.7    1.6    0.2    0.0
20261    1.5   -1.2   -2.9   -3.5   -3.9   -4.1   -2.3    1.2    2.4    0.5   -1.1   -2.8   -3.1   -3.3   -1.3    2.5    3.6    1.4   -0.0   -1.4   -2.2   -2.9   -0.9    2.8    3.9    2.0    1.2    0.7
20271    3.6    1.9   -0.2   -2.1   -2.8   -3.2   -1.2    2.0    3.1    1.0   -0.4   -1.3   -2.1   -2.9   -1.3    2.4    3.8    1.6    0.4   -1.0   -1.7   -2.0   -0.6    3.1    4.6    3.4    2.4    2.3
20281    1.4    0.1   -1.8   -3.3   -4.3   -4.7   -2.7    0.1    1.1   -0.6   -1.8   -2.6   -3.1   -3.9   -2.4    1.1    2.1    0.1   -1.1   -2.3   -3.0   -3.2   -1.9    1.6    2.8    2.1    1.0    1.1
20291    0.3   -1.4   -2.8   -4.2   -5.2   -5.3   -3.9   -0.9    0.4   -0.8   -2.2   -2.7   -3.3   -4.2   -2.7    0.7    1.6   -0.2   -1.8   -3.0   -3.9   -4.3   -2.7    0.9    2.3    1.1   -0.0    0.1
20301    5.6    4.3    2.8    1.1    0.3   -0.0    1.3    5.2    6.3    4.1    2.6    1.5    0.8    0.1    1.4    5.5    6.8    4.0    2.2    1.4    1.0    0.7    2.3    6.1    7.4    6.1    4.8    4.9
30111    3.6    0.4   -2.1   -3.2   -4.1   -4.7   -3.2    0.6    1.7   -0.3   -2.1   -3.1   -3.6   -3.8   -2.7    0.0    1.4   -0.3   -1.3   -2.5   -3.1   -3.3   -2.3    0.5    2.1    0.5    0.1    0.2
30121    0.3   -2.5   -4.3   -5.2   -5.8   -6.0   -4.9   -1.9   -0.7   -3.0   -4.5   -5.7   -5.7   -5.7   -4.5   -1.6   -0.8   -2.5   -4.0   -5.0   -5.6   -5.7   -4.7   -2.0   -0.8   -2.2   -2.8   -2.7
30131    0.3   -2.6   -3.8   -4.0   -4.0   -4.8   -3.3    0.3    1.8   -0.4   -2.5   -3.8   -4.2   -4.3   -2.6    1.1    2.1   -0.5   -2.0   -2.5   -3.2   -3.3   -2.1    1.2    2.1    0.4   -0.8   -1.0
30141    1.3   -0.2   -1.0   -2.6   -3.6   -4.6   -3.1    0.5    1.4   -0.9   -2.5   -3.4   -4.1   -4.4   -2.2    1.1    2.2    0.2   -1.8   -2.9   -3.6   -3.7   -1.8    1.9    2.7    1.3    0.8    0.8
30151    5.9    4.5    3.2    1.9    0.3   -1.1    0.7    5.0    6.7    3.8    0.9   -0.7   -1.0   -1.4    0.5    4.9    6.2    2.6    0.5   -0.8   -1.6   -2.5    0.5    5.2    6.4    4.6    3.3    3.5
30161    1.0   -0.3   -1.5   -3.0   -4.3   -4.7   -3.4    0.3    1.2   -0.3   -1.6   -2.2   -2.9   -3.7   -2.4    1.8    2.3    0.2   -1.8   -3.0   -3.6   -3.7   -2.3    1.9    3.0    1.5    0.3    0.5
30171    0.2   -0.9   -2.1   -3.1   -3.3   -3.4   -2.0    0.4    0.6   -0.7   -1.6   -2.1   -2.5   -3.2   -1.2    1.9    2.1    0.2   -1.0   -1.7   -2.5   -2.8   -0.6    2.3    2.9    1.7    0.6    0.4
30181    0.2   -1.0   -2.3   -3.2   -3.6   -3.8   -2.4    0.3    0.7   -0.6   -1.7   -2.2   -2.7   -3.4   -1.4    2.0    2.3    0.2   -1.2   -1.9   -2.8   -3.2   -1.0    2.3    3.0    1.9    0.5    0.3
30191    3.4    2.1    0.4   -1.1   -1.7   -1.9   -0.7    3.0    4.0    2.4    1.2    0.2   -0.8   -1.6   -0.2    3.4    4.8    2.5    0.7   -0.3   -0.9   -1.2    0.4    3.9    5.1    3.9    2.8    2.8
30201    0.1   -1.2   -2.3   -3.9   -5.0   -5.9   -4.2   -0.6    0.2   -1.9   -3.4   -4.2   -4.9   -5.1   -3.0    0.5    1.3   -0.8   -2.5   -3.5   -4.0   -3.8   -2.3    1.0    1.7    0.3   -0.1   -0.3
30211    1.4    0.3   -1.0   -2.5   -4.0   -4.9   -3.2    0.5    1.7   -0.9   -2.6   -3.4   -4.2   -4.7   -2.3    2.2    2.5    0.2   -1.8   -2.9   -3.4   -3.3   -1.3    2.5    3.0    1.3    0.7    0.7
30221    1.5    0.5   -0.8   -2.4   -3.7   -4.6   -2.8    0.7    1.8   -0.6   -2.3   -3.0   -3.6   -4.1   -1.7    2.2    2.8    0.3   -1.5   -2.8   -2.9   -2.9   -1.1    2.5    3.2    1.6    1.1    1.2
30231    5.5    4.1    2.6    0.8   -0.1   -0.5    0.9    4.8    5.9    3.8    2.4    1.2    0.2   -0.5    0.9    5.0    6.4    3.7    1.8    0.9    0.5    0.2    1.8    5.6    7.0    5.9    4.4    4.3
30241    6.5    5.1    3.8    2.0    0.9    0.6    2.4    6.2    7.3    4.3    2.4    1.4    0.6   -0.2    2.1    6.7    7.8    4.6    2.6    1.7    1.4    1.1    3.2    7.1    7.9    6.4    5.5    5.7
30251    5.2    4.4    3.2    1.8    0.8    0.9    2.0    4.6    5.7    3.9    2.8    2.1    1.4    0.8    2.2    5.2    5.9    3.9    2.9    2.7    2.4    1.9    3.3    5.7    6.4    5.9    5.5    5.6
40111    4.7    1.3   -1.4   -2.6   -3.6   -4.4   -3.1    1.0    2.3   -0.0   -1.7   -2.7   -3.3   -3.7   -2.5    0.6    1.9    0.2   -0.6   -1.9   -2.8   -3.1   -2.0    0.6    2.4    0.9    0.5    0.7
40121    5.7    2.0   -0.7   -2.2   -3.3   -3.6   -2.3    1.5    3.2    0.8   -0.5   -1.9   -2.4   -2.7   -1.5    1.4    3.0    1.3    0.1   -1.0   -1.7   -1.9   -1.1    1.6    3.4    1.7    1.0    1.0
40131    5.5    1.3   -2.0   -3.3   -4.3   -4.4   -1.9    2.4    3.8    0.6   -1.5   -2.8   -3.1   -3.1   -1.5    2.6    3.8    1.4   -1.0   -2.5   -2.9   -2.9   -1.2    2.8    4.1    1.8    1.1    0.8
40141    1.1   -1.5   -3.4   -4.7   -5.3   -5.8   -4.6   -0.9    0.1   -2.1   -4.0   -5.1   -5.7   -5.9   -4.5   -1.0   -0.3   -2.0   -3.3   -4.8   -5.4   -5.8   -4.7   -1.2    0.7   -1.0   -1.9   -2.0
40151    5.7    2.2   -0.4   -1.7   -2.9   -3.4   -2.2    1.6    3.2    1.1   -0.5   -1.5   -2.2   -3.3   -1.6    1.3    2.8    0.9    0.0   -1.3   -2.5   -2.7   -1.4    2.0    3.5    2.2    1.3    1.1
40161    6.7    4.4    2.0    0.6   -0.5   -1.1   -0.4    2.6    3.7    2.1    1.2    0.5    0.1   -0.5    0.2    2.4    3.4    2.3    1.5    0.6    0.3   -0.3    0.3    2.8    3.8    2.9    2.8    2.9
40171   -0.2   -2.9   -4.3   -4.8   -4.8   -5.3   -4.0   -1.2    0.2   -1.8   -3.4   -4.3   -4.6   -4.6   -3.4   -0.6    0.5   -1.3   -2.7   -3.3   -4.6   -4.4   -3.3   -0.7    0.1   -1.4   -2.0   -2.0
40181    3.8    0.5   -1.9   -3.0   -3.7   -4.0   -2.3    1.2    2.9    0.6   -1.2   -2.4   -2.9   -3.0   -2.0    1.3    3.0    1.2   -0.2   -1.7   -2.3   -2.4   -1.4    1.7    3.2    1.6    0.6    0.4
40191    6.7    2.9    0.2   -1.3   -2.2   -2.5   -0.6    3.9    5.7    3.0    0.6   -1.0   -1.8   -2.2   -0.7    4.0    5.6    3.3    1.1   -0.8   -1.4   -1.7   -0.2    4.4    6.0    3.7    2.6    2.4
40201   -1.2   -3.7   -4.8   -5.1   -5.1   -5.9   -4.3   -1.5   -0.1   -2.3   -4.3   -5.3   -5.2   -5.3   -3.7   -0.6    0.1   -1.7   -3.3   -4.0   -4.7   -4.8   -3.6   -0.6    0.1   -1.4   -2.6   -2.7
40211   -3.4   -5.2   -5.8   -5.6   -5.4   -6.3   -4.9   -1.9   -1.8   -3.7   -5.4   -6.2   -6.0   -6.5   -4.8   -1.5   -1.7   -3.6   -4.7   -5.5   -6.2   -6.5   -5.2   -2.2   -1.3   -2.4   -3.4   -3.9
40221   -3.3   -4.6   -5.2   -5.2   -5.0   -5.4   -3.8   -1.8   -1.2   -2.7   -4.1   -5.0   -5.0   -5.6   -3.3   -1.1   -0.9   -2.7   -3.4   -4.4   -5.1   -5.3   -3.0   -0.3    0.7   -1.1   -1.7   -1.4
40231   -3.9   -5.0   -5.5   -5.6   -5.3   -5.5   -3.9   -2.1   -1.7   -3.2   -4.4   -5.3   -5.4   -5.9   -3.6   -1.5   -1.4   -3.2   -3.7   -4.8   -5.6   -5.9   -3.4   -0.9    0.0   -1.5   -2.1   -1.8
40241    5.2    3.0    0.8   -0.9   -2.5   -3.2   -1.8    2.0    3.7    0.9   -0.7   -1.9   -2.6   -3.3   -1.9    1.8    3.0    1.1   -0.4   -1.5   -2.5   -2.9   -1.4    2.4    3.6    2.0    1.9    1.5
40251    0.2   -1.2   -2.6   -3.8   -4.5   -5.1   -3.6   -0.4    0.4   -1.7   -3.2   -4.1   -4.9   -5.2   -3.1    0.4    1.3   -1.0   -2.6   -3.7   -4.2   -4.4   -2.8    1.1    2.0    0.6   -0.2   -0.5
40262    6.3    4.7    3.1    1.3   -0.3   -1.2    1.2    6.3    7.5    3.7    1.5    0.3   -0.9   -0.9    1.6    6.6    7.9    4.9    1.9    0.3   -0.2   -0.5    2.2    7.5    8.3    5.9    4.4    4.6
40271    1.6    0.5   -0.7   -2.1   -3.4   -4.5   -2.8    1.1    1.9   -0.7   -2.5   -3.2   -3.7   -4.1   -2.0    1.8    2.7    0.7   -1.5   -2.6   -2.9   -3.3   -1.4    2.5    2.8    1.7    1.0    1.3
40281    7.4    6.6    5.7    4.9    4.2    3.2    4.1    6.7    7.4    5.7    4.2    3.5    3.1    2.8    4.7    7.2    7.2    4.9    3.6    3.1    2.7    2.6    4.1    6.1    6.9    6.2    5.9    6.3
40291   -0.2   -0.7   -1.1   -0.9   -0.9   -0.7   -0.4   -0.1   -0.1    0.4    1.0    0.9    1.0    1.2    1.1    1.0    0.8    0.8    0.5    0.5    0.5    0.4    0.5    0.6    1.1    1.9    2.7    3.0
40301   -0.2   -1.8   -2.7   -2.6   -2.2   -1.9   -1.0    0.6    0.6   -0.5   -1.4   -1.9   -2.4   -2.9   -1.1    1.6    1.8   -0.3   -1.2   -2.2   -3.0   -3.5   -1.3    1.7    2.5    1.1    0.6    1.1
40311    3.1    2.1    0.8    0.6    1.0    0.8    1.7    3.5    3.4    2.5    2.2    1.7    1.3    0.9    1.8    4.3    4.6    2.8    2.1    1.1    0.9    0.7    2.1    4.5    5.2    3.7    3.0    3.0
40321    4.4    3.0    1.4    0.5    0.4    0.2    1.6    5.0    5.2    3.4    2.1    1.2    0.5   -0.4    1.9    5.9    6.8    4.0    2.1    0.9    0.3   -0.1    2.4    6.4    7.1    5.3    4.0    3.6
40331    4.9    3.7    2.0   -0.1   -1.6   -2.1    0.1    4.7    5.7    2.2    0.2   -1.2   -2.3   -2.8   -0.0    5.3    6.5    2.4    0.6   -0.8   -1.4   -1.6    1.1    5.6    6.6    4.6    3.8    3.8
40341    3.7    2.3    0.8   -0.6   -1.2   -1.3   -0.1    3.2    4.4    2.7    1.7    0.5   -0.3   -1.0    0.5    4.0    5.0    2.7    1.0    0.2   -0.2   -0.4    1.2    4.6    5.7    4.4    3.3    3.3
40351    5.0    3.7    2.6    1.8    1.8    1.6    2.4    5.0    5.2    4.1    3.1    2.3    1.7    1.2    2.5    5.9    6.6    4.7    3.6    2.8    2.2    1.8    3.1    6.3    6.9    5.6    4.6    4.7
40361    3.3    2.0    0.7   -0.2   -0.2   -0.3    0.7    3.6    3.9    2.5    1.5    0.7    0.2   -0.4    1.1    4.7    5.5    3.3    1.9    0.9    0.3   -0.0    1.5    5.1    5.7    4.3    3.3    3.3
