2015121100+000HOUR     2015121109LST
STNID     6H    30H    54H    78H
STNID 121115 121215 121315 121415LST
47003    4.9    5.8    6.2    3.8
47005   -1.3    1.0    0.1   -2.9
47008    6.6    5.9    6.0    4.9
47014   -2.6   -1.6   -1.2   -2.9
47016   -1.7   -2.2   -1.5   -3.2
47020    0.5    1.5    0.1   -0.5
47022    0.2    2.7    0.8   -1.6
47025    8.3    8.7    7.6    7.2
47028    4.7    4.8    5.4    2.9
47031   -0.1    0.7   -1.1   -2.2
47035    6.4    5.3    6.3    3.7
47037    5.1    5.0    5.1    1.5
47039    6.8    6.1    5.6    2.2
47041    9.4    9.3    8.9    7.6
47046    9.4    8.5    8.7    8.0
47050    8.0    6.5    6.2    3.6
47052    7.5    6.4    6.0    4.2
47055    8.9    8.9    8.1    7.7
47058    9.4    7.5    6.8    5.6
47060    8.9    7.4    5.8    5.1
47061    9.0    9.4    8.5    9.2
47065    9.3    8.4    8.2    6.0
47067    9.5    7.2    7.5    5.2
47068   10.1    9.0    7.7    6.1
47069   11.4    9.2    8.1    6.4
47070   10.8    8.4    7.7    6.4
47075    6.9    6.5    6.1    5.2
47090    8.2    9.0    8.9    9.3
47095    8.7    8.0    7.3    6.6
47098   10.7    9.9    8.8    8.0
47099   10.3    8.9    8.3    7.4
47100    3.1    4.2    4.8    5.2
47101    9.1    7.7    7.3    6.2
47104    7.5    8.7    9.4    9.2
47105    8.5    9.4   10.4   10.2
47106    8.9    9.2   10.3   10.6
47108   10.7   10.0    8.9    8.6
47112   10.5    9.1    8.5    8.2
47114    9.8    9.2    8.9    8.3
47115    6.5    7.6    8.0    9.4
47119   12.1   10.3    9.8    9.2
47121    9.0    9.0    9.2    7.8
47127    9.5    8.9    9.2    8.5
47129   11.9   10.2    9.2    8.7
47130    9.0    8.9   10.2   10.6
47131   10.8    9.8    9.6    9.1
47133   10.5   11.0   10.5    9.4
47135    7.5    9.2    9.4    8.4
47136    9.8   10.1   10.2    9.2
47137    9.7    9.5    9.9    8.2
47138   10.0   10.3   11.6   11.5
47140   10.1   10.7    9.7    8.8
47143   10.8   11.3   12.1   11.2
47146   10.7   12.7   11.3   10.4
47152   10.5   11.3   13.4   13.1
47155   11.2   11.1   12.7   11.3
47156   10.8   12.8   12.5   10.7
47159   11.8   12.5   14.4   14.0
47162   11.3   11.6   13.0   12.5
47165   11.6   12.6   11.0    9.8
47168   10.0   10.8   11.4   10.9
47169   10.6   10.8   10.5   10.6
47170   11.7   12.2   12.3   10.7
47172   10.3   10.9   10.4    9.8
47174   10.1   12.2   12.2   11.3
47177    9.7    8.1    8.3    8.1
47184   12.2   13.4   13.9   14.4
47185   11.8   13.5   13.4   14.4
47188   12.6   12.9   13.7   15.0
47189   14.6   15.0   16.1   16.3
47192   10.4   11.5   11.8   10.7
47201   10.9    9.1    7.8    6.9
47202   11.4    9.3    8.7    7.4
47203   10.9    9.3    8.6    7.8
47211    7.7    8.9    8.4    7.2
47212    9.8    9.2    8.6    7.6
47216    3.5    6.9    7.3    7.4
47221    8.3    8.4    8.2    7.4
47226   10.0   10.4   10.3    9.3
47232   10.9   10.4    9.6    9.1
47233    9.7    7.9    8.3    7.8
47235   11.3   11.1   10.4    9.5
47236   10.7   11.5   10.2    8.6
47238   10.3   11.4   10.2    9.2
47243   10.6   11.6   10.2    9.5
47244    9.4   11.6   10.6    9.3
47245   10.6   12.0   11.1   10.6
47247   10.2   11.7   11.3   10.0
47248    8.3   10.1   10.1    9.1
47251   10.7   12.1   11.1   10.3
47252   11.0   11.8   10.7    9.9
47253   11.6   11.8   13.7   12.5
47254    9.7   12.9   11.9   10.6
47255   10.4   11.1   12.4   10.9
47256 -999.0 -999.0 -999.0 -999.0
47257   10.7   11.2   12.9   12.7
47259   11.7   12.4   12.4   10.6
47260   11.9   12.6   12.8   12.0
47261   11.8   12.6   12.3   10.9
47262   11.8   12.7   13.2   12.4
47263   10.9   10.7   11.3   10.9
47264    9.6   11.3   12.4   11.2
47266   11.6   12.3   13.2   12.7
47268   11.3   10.8   10.4   10.6
47271    7.4    7.9    8.5    6.9
47272    9.3    9.0    9.0    8.0
47273   10.4   10.2    9.8    8.5
47276    8.1    9.1   10.5    9.4
47277    9.7    9.9   11.3   11.0
47278   10.4   10.6   11.5   10.2
47279   10.4   10.7   10.7   10.2
47281    9.7   10.7   11.7   10.9
47283    9.1   10.1   12.2   11.4
47284    9.8   10.3   10.9   10.2
47285   11.6   11.6   11.9   11.6
47288   10.6   12.0   13.3   11.8
47289   10.3   11.0   11.6   10.9
47294   11.5   11.5   13.3   12.8
47295   11.0   11.2   11.7   10.7
47299   12.6   15.2   14.2   13.4
  319    8.0    8.2    8.6   10.0
  328   12.9   14.3   15.6   15.1
  400   10.1    9.0    8.7    8.2
  433   10.8    9.8    9.0    8.2
  441    9.8    8.1    7.3    6.4
  504    9.2    8.2    7.9    6.9
  516   11.0    9.7    9.6    8.8
  517    7.7    7.1    8.1    8.7
  519    7.5    7.4    6.9    5.4
  523    7.8    8.1    8.5    8.9
  525    6.2    7.3    7.5    5.3
  526    7.5    7.7    7.9    6.4
  527    6.9    7.6    8.4    6.7
  528    9.5    8.1    8.3    6.4
  529    8.4    8.7   10.5   10.3
  530    6.9    8.0    8.6    9.8
  531   10.0    8.0    8.0    5.8
  532    9.8    8.8    8.3    7.4
  534    9.4    7.9    8.2    7.9
  536    9.3    8.3    8.3    7.5
  540   10.2    9.1    8.1    7.6
  541   10.4    8.7    8.5    7.9
  542    9.4    8.6    7.8    6.6
  546    9.8    8.2    7.9    6.8
  548    9.5    7.8    7.8    7.2
  549    9.8    9.0    8.9    8.0
  551   10.9    9.6    9.3    8.7
  552    7.8    7.4    6.9    5.8
  555    9.3    7.4    7.3    5.6
  556    7.6    7.2    7.1    5.7
  557    6.7    8.2    7.6    6.2
  559    4.4    7.0    7.0    4.9
  561    7.9    8.1    8.6    6.9
  562    8.0    8.1    7.8    6.2
  563    5.8    8.6    7.8    6.5
  565   10.9    9.8    8.9    8.8
  566    6.7    7.7    8.1    8.6
  571   11.3   10.0    8.7    8.5
  572   10.8    9.9    9.2    8.7
  579    3.5    4.6    5.6    5.9
  580    7.1    7.7    8.7    9.6
  581    6.0    7.8    8.0    6.7
  583    5.4    5.6    6.0    5.4
  586    8.4    8.0    7.4    6.0
  588    9.8    8.6    7.5    6.5
  590   10.8    9.8    9.2    8.8
  598    9.5    8.6    7.7    7.1
  601    7.9    7.3    8.4    6.8
  602    9.3    8.7    8.7    8.3
  603    9.7    9.0    9.3    8.6
  604    9.6   10.9    9.6    9.0
  605    9.7    9.7   10.4   10.0
  606   11.4   10.2    8.6    7.9
  608   10.1    9.7    8.2    8.1
  610   11.3   10.7    9.2    8.6
  611   10.0   10.2    9.2    7.6
  612   10.6   10.6    9.9    9.1
  614    9.7   10.7    9.4    8.2
  615   10.8   11.2   10.6    8.3
  616   10.9    9.9    8.3    8.1
  617   11.2   10.1    9.7    8.5
  618    9.4   10.8    9.2    8.1
  619    9.4    8.3    8.5    8.2
  623   10.3   10.0    9.5    8.6
  624    9.4    8.8    9.9    8.5
  627   11.3   11.0    9.2    8.4
  628   10.9   10.0    8.2    8.7
  630    9.2    8.4    8.8    8.2
  634   10.2    9.4    8.2    8.3
  635   11.0   12.4   10.5    8.5
  636   10.0   10.6    9.3    8.6
  642   10.2   10.7   10.1    9.6
  652    9.1    7.9    7.6    6.7
   96    8.7    8.5   10.1   11.1
  661    7.8    7.4    7.5    8.0
  670    7.7    8.8    9.2    8.8
  671    7.1    7.9    8.3    9.0
  699   10.7   11.7   10.4    9.3
  701    9.1   10.6   10.0    9.9
  702   10.3   11.9   10.6    9.4
  703    8.0   10.1    9.5    8.3
  704    8.9    9.0    8.5    8.0
  706   10.7   12.9   11.9    9.8
  709    9.6   12.7   12.1   10.5
  710   10.5   12.9   11.7   10.2
  711   10.2   12.0   12.3   11.0
  712   11.1   12.4   13.0   11.7
  713   11.9   12.4   13.2   12.3
  724   11.3   11.8   11.6   12.3
  727    8.0   10.0   11.0   11.5
  730    9.7   12.1   11.5    9.6
  731   10.5   11.8   11.3   10.3
  732   10.1   11.1   11.6   10.5
  733    9.7   11.1   10.0    8.6
  734   10.6   11.7   10.8    9.5
  736   10.1   10.8    9.6    8.2
  737    9.1   10.8    9.6    8.3
  738   10.3   11.9   10.5    9.1
  741   11.4   13.9   13.1   12.1
  745   11.0   11.4   11.5   10.6
  748   11.2   12.6   12.7   11.6
  751    9.3   10.3   10.4   11.6
  752   11.0   12.8   12.9   13.3
  754   11.7   13.4   11.7   10.7
  757    8.4   10.6    9.9    8.5
  760    9.1   11.1   10.1    9.1
  762   10.0   12.5   11.4    9.6
  767   10.9   11.2   11.9   11.8
  768    9.4   11.9   11.8   10.2
  769   11.2   11.6   10.2    9.4
  770   10.1   12.0   10.9   10.6
  771   11.1   12.9   10.4    9.7
  775   10.2   11.2   10.8    9.5
  779   11.9   13.2   13.4   14.1
  780   13.8   13.3   14.4   16.0
  781   11.5   12.1   12.3   13.8
  782    5.7    6.6    7.7    8.9
  788   11.1   13.6   13.1   11.1
  789   10.7   12.1    9.7    9.2
  801    7.6    8.3   10.1    9.3
  803    8.9    8.8   10.8    9.2
  804    9.2    8.8   10.6   10.1
  810    9.9    9.3   10.0    9.6
  811    9.3   11.0   12.2   11.0
  812   10.1    9.8   11.1    9.6
  813    9.2   10.5   12.3   11.0
  815    9.3    8.1    9.5    8.1
  822    9.3    9.4    9.8    9.6
  823    8.9    8.7    9.8    8.7
  825   10.9   10.1   10.7   10.0
  827    9.5   11.0   11.5   11.1
  828   11.2   10.2   11.4    9.9
  832    9.6   10.0    9.8    8.4
  834    7.5    7.7    8.5    7.4
  836    6.0    7.6    9.6    8.2
  844    8.8    9.8   11.5   10.9
  850    9.8    9.7   11.5   11.2
  871    2.6    3.8    3.8    4.4
  876    7.6    7.8    9.5    9.8
  877   10.0    8.8    8.4    7.8
  887   10.5   10.5    9.7    8.8
  900    8.2    9.8   11.6   11.9
  901   10.0   10.5   11.7   11.3
  907    9.7   10.5   10.9   10.5
  908   11.1   10.8   12.6   11.7
  909   10.4   10.4   12.2   11.4
  912   10.5   10.3   11.2   10.2
  915   10.3   11.1   11.7   10.6
  917   10.9   11.9   12.3   10.6
  918   10.3   11.0   12.1   10.9
  919   10.7   11.3   12.1   10.4
  920    9.7   10.9   12.0   10.5
  923   10.8   10.9   12.3   12.8
  932   10.4   11.5   12.0   11.3
  936    9.8   10.3   11.4   10.2
  940   10.6   10.4   12.8   12.4
  946    8.9   10.1   10.7    9.9
  790   10.5   10.1   10.4   11.4
10111 -999.0 -999.0 -999.0 -999.0
10112 -999.0 -999.0 -999.0 -999.0
10121 -999.0 -999.0 -999.0 -999.0
10122 -999.0 -999.0 -999.0 -999.0
10131 -999.0 -999.0 -999.0 -999.0
10132 -999.0 -999.0 -999.0 -999.0
10141 -999.0 -999.0 -999.0 -999.0
10142 -999.0 -999.0 -999.0 -999.0
10151 -999.0 -999.0 -999.0 -999.0
10152 -999.0 -999.0 -999.0 -999.0
10161 -999.0 -999.0 -999.0 -999.0
10162 -999.0 -999.0 -999.0 -999.0
10171 -999.0 -999.0 -999.0 -999.0
10172 -999.0 -999.0 -999.0 -999.0
10181 -999.0 -999.0 -999.0 -999.0
10182 -999.0 -999.0 -999.0 -999.0
10192 -999.0 -999.0 -999.0 -999.0
10201 -999.0 -999.0 -999.0 -999.0
10202 -999.0 -999.0 -999.0 -999.0
10211 -999.0 -999.0 -999.0 -999.0
10212 -999.0 -999.0 -999.0 -999.0
10221 -999.0 -999.0 -999.0 -999.0
10222 -999.0 -999.0 -999.0 -999.0
10231 -999.0 -999.0 -999.0 -999.0
10232 -999.0 -999.0 -999.0 -999.0
10241 -999.0 -999.0 -999.0 -999.0
10242 -999.0 -999.0 -999.0 -999.0
10251 -999.0 -999.0 -999.0 -999.0
10252 -999.0 -999.0 -999.0 -999.0
10261 -999.0 -999.0 -999.0 -999.0
10262 -999.0 -999.0 -999.0 -999.0
10272 -999.0 -999.0 -999.0 -999.0
10281 -999.0 -999.0 -999.0 -999.0
10282 -999.0 -999.0 -999.0 -999.0
20111 -999.0 -999.0 -999.0 -999.0
20121 -999.0 -999.0 -999.0 -999.0
20131 -999.0 -999.0 -999.0 -999.0
20141 -999.0 -999.0 -999.0 -999.0
20151 -999.0 -999.0 -999.0 -999.0
20161 -999.0 -999.0 -999.0 -999.0
20171 -999.0 -999.0 -999.0 -999.0
20181 -999.0 -999.0 -999.0 -999.0
20191 -999.0 -999.0 -999.0 -999.0
20201 -999.0 -999.0 -999.0 -999.0
20211 -999.0 -999.0 -999.0 -999.0
20221 -999.0 -999.0 -999.0 -999.0
20231 -999.0 -999.0 -999.0 -999.0
20241 -999.0 -999.0 -999.0 -999.0
20251 -999.0 -999.0 -999.0 -999.0
20261 -999.0 -999.0 -999.0 -999.0
20271 -999.0 -999.0 -999.0 -999.0
20281 -999.0 -999.0 -999.0 -999.0
20291 -999.0 -999.0 -999.0 -999.0
20301 -999.0 -999.0 -999.0 -999.0
30111 -999.0 -999.0 -999.0 -999.0
30121 -999.0 -999.0 -999.0 -999.0
30131 -999.0 -999.0 -999.0 -999.0
30141 -999.0 -999.0 -999.0 -999.0
30151 -999.0 -999.0 -999.0 -999.0
30161 -999.0 -999.0 -999.0 -999.0
30171 -999.0 -999.0 -999.0 -999.0
30181 -999.0 -999.0 -999.0 -999.0
30191 -999.0 -999.0 -999.0 -999.0
30201 -999.0 -999.0 -999.0 -999.0
30211 -999.0 -999.0 -999.0 -999.0
30221 -999.0 -999.0 -999.0 -999.0
30231 -999.0 -999.0 -999.0 -999.0
30241 -999.0 -999.0 -999.0 -999.0
30251 -999.0 -999.0 -999.0 -999.0
40111 -999.0 -999.0 -999.0 -999.0
40121 -999.0 -999.0 -999.0 -999.0
40131 -999.0 -999.0 -999.0 -999.0
40141 -999.0 -999.0 -999.0 -999.0
40151 -999.0 -999.0 -999.0 -999.0
40161 -999.0 -999.0 -999.0 -999.0
40171 -999.0 -999.0 -999.0 -999.0
40181 -999.0 -999.0 -999.0 -999.0
40191 -999.0 -999.0 -999.0 -999.0
40201 -999.0 -999.0 -999.0 -999.0
40211 -999.0 -999.0 -999.0 -999.0
40221 -999.0 -999.0 -999.0 -999.0
40231 -999.0 -999.0 -999.0 -999.0
40241 -999.0 -999.0 -999.0 -999.0
40251 -999.0 -999.0 -999.0 -999.0
40262 -999.0 -999.0 -999.0 -999.0
40271 -999.0 -999.0 -999.0 -999.0
40281 -999.0 -999.0 -999.0 -999.0
40291 -999.0 -999.0 -999.0 -999.0
40301 -999.0 -999.0 -999.0 -999.0
40311 -999.0 -999.0 -999.0 -999.0
40321 -999.0 -999.0 -999.0 -999.0
40331 -999.0 -999.0 -999.0 -999.0
40341 -999.0 -999.0 -999.0 -999.0
40351 -999.0 -999.0 -999.0 -999.0
40361 -999.0 -999.0 -999.0 -999.0
