2015121100+000HOUR     2015121109LST
STNID    -3H    21H    45H    69H
STNID 121106 121206 121306 121406LST
47003   -4.9   -4.5   -4.7   -3.6
47005  -12.5  -12.5  -11.9  -10.0
47008   -3.7   -1.3   -0.6   -0.9
47014  -15.3   -8.0  -12.3   -6.9
47016  -17.4  -12.5  -12.4   -8.6
47020  -13.0   -8.7  -11.1   -4.9
47022  -13.6  -11.5  -11.6   -8.3
47025   -1.5   -0.2    0.5    0.3
47028   -4.4   -2.0   -2.1   -5.6
47031  -12.3   -9.2   -8.0   -8.1
47035   -1.9   -0.6   -0.8   -3.7
47037   -5.7   -3.3   -2.0   -5.5
47039   -7.9   -5.1   -5.2   -4.6
47041   -0.6   -1.5    0.5   -0.8
47046    0.1    0.8    1.5    1.4
47050   -2.2   -0.7   -1.0   -2.9
47052   -6.8   -4.5   -2.8   -2.5
47055    0.5   -0.2    1.1    2.6
47058   -3.0   -0.7   -1.5   -1.3
47060   -1.6    0.0   -0.6   -0.1
47061   -0.4    1.1    1.8    4.7
47065   -3.3   -1.7   -1.6   -0.3
47067   -4.0   -2.8   -2.5    0.1
47068   -2.4   -2.4   -1.3   -0.4
47069   -0.1    0.4    0.4    1.3
47070   -2.1   -1.4   -1.2    1.1
47075   -5.6   -5.3   -3.3    1.3
47090    1.5    2.6    3.1    5.6
47095   -5.6   -4.3   -2.8    0.8
47098   -3.2   -2.3   -1.3    2.4
47099   -3.9   -3.5   -2.1    0.7
47100   -4.1   -6.5   -4.4    0.1
47101   -1.9   -1.3   -0.8    1.3
47104    2.2    2.0    2.7    5.2
47105    1.7    2.8    3.4    5.9
47106    1.9    2.1    3.3    6.2
47108    0.3    1.6    1.8    4.0
47112    0.7    2.6    2.0    4.1
47114   -2.4   -1.6   -1.3    1.5
47115    3.3    4.5    4.6    7.5
47119   -1.1   -0.8   -0.4    4.1
47121   -1.9   -2.4   -1.7    0.8
47127   -3.0   -1.3   -0.8    3.0
47129   -2.9   -1.9   -0.6    3.1
47130    3.1    1.6    2.8    5.3
47131    0.7    0.6    1.1    4.3
47133    0.4    0.8   -0.4    4.4
47135    0.8   -1.6   -1.2    1.7
47136   -1.2   -0.5   -0.8    2.9
47137   -1.1   -0.0   -0.9    3.0
47138    6.1    4.6    5.7    6.7
47140   -0.4    0.3   -0.5    5.2
47143    2.2    1.9    0.5    5.9
47146    0.5    1.1    0.6    5.0
47152    5.9    4.2    4.2    7.3
47155    3.7    3.7    3.9    7.0
47156    3.0    1.6    1.6    6.9
47159    5.7    5.7    7.0    9.2
47162    3.0    3.8    3.7    7.5
47165    4.0    2.8    2.4    8.2
47168    6.2    6.3    6.7    9.0
47169    8.9    8.8    8.7    9.8
47170    5.3    5.0    5.1    8.3
47172    0.8    0.1    0.1    5.9
47174   -1.0   -0.9   -1.6    4.2
47177   -1.0    0.5    0.6    4.9
47184    9.5    8.4    8.1   12.0
47185   10.3   10.0    9.7   10.7
47188   10.1    8.0    8.5   11.4
47189   10.7   10.2   10.8   12.5
47192   -0.0   -1.5    0.4    5.2
47201   -2.3   -1.3   -1.0    2.5
47202   -3.9   -2.6   -2.2    1.7
47203   -3.9   -1.5   -2.0    1.1
47211   -2.1   -2.8   -0.2    1.4
47212   -2.7   -3.6   -2.0    1.3
47216   -3.2   -5.0   -2.8    1.8
47221   -4.5   -1.9   -3.1   -0.4
47226   -1.9   -2.6   -0.4    1.7
47232   -2.3   -1.8   -1.5    3.4
47233   -1.4    0.8    0.6    4.6
47235    1.1    0.7    0.8    5.2
47236   -2.2   -1.6   -1.9    4.2
47238   -2.0   -2.3   -2.3    3.3
47243   -0.9   -0.3    0.1    4.6
47244   -4.7   -4.1   -2.6    3.4
47245   -0.5    1.3   -0.3    5.1
47247   -1.0   -1.9   -1.1    4.3
47248   -4.3   -3.4   -2.4    3.5
47251    1.0    0.9    0.4    5.4
47252    1.4   -1.0   -0.5    5.5
47253    3.7    4.0    4.6    6.7
47254   -2.3   -1.4   -1.1    3.6
47255    2.7    2.4    2.0    5.8
47256 -999.0 -999.0 -999.0 -999.0
47257    4.2    0.7    1.8    6.1
47259    2.9    1.2    1.9    6.4
47260    1.5    0.3    1.4    6.4
47261    3.9    1.1    1.5    7.4
47262    2.1   -1.1    0.1    5.2
47263   -2.1   -1.7   -0.9    4.1
47264   -2.4   -1.2   -0.7    3.3
47266    4.0    3.9    5.5    8.1
47268    3.4    3.5    4.5    4.9
47271   -5.2   -5.1   -4.9   -0.1
47272   -2.8   -0.6   -1.5    2.8
47273   -1.1   -1.5   -1.3    2.3
47276   -1.2   -1.7   -2.3    1.6
47277    3.3    2.5    3.1    6.1
47278   -3.1   -2.4   -3.2    2.4
47279   -0.6   -0.4   -0.5    4.0
47281    2.0   -2.0   -1.3    2.8
47283    3.5    0.0    1.2    3.1
47284   -3.0   -2.0   -1.2    4.0
47285   -1.3   -1.7   -0.9    4.0
47288    0.8    0.1    0.6    5.2
47289   -1.2   -0.7   -0.6    4.4
47294    3.1    2.9    3.7    7.2
47295    3.4    3.4    3.9    7.3
47299   15.0   15.4   13.5   10.6
  319    2.9    5.8    5.1    9.1
  328   11.4   10.3    8.8   12.3
  400    0.1    1.7    1.5    4.9
  433   -0.4    0.6    1.4    4.0
  441   -3.6   -2.5   -1.5    1.4
  504   -5.7   -5.1   -3.3    1.3
  516   -2.7   -1.6   -0.9    2.3
  517    0.5    0.3    0.6    4.1
  519   -7.1   -5.5   -3.9   -2.0
  523   -0.9   -2.0    0.6    3.9
  525  -11.3   -7.8   -6.1    0.1
  526   -6.1   -5.4   -3.6   -0.4
  527   -5.1   -4.3   -3.0    0.6
  528    3.4    4.1    5.1    4.1
  529    1.7    0.8    1.8    4.8
  530    3.1    5.0    4.2    7.8
  531   -5.7   -5.2   -2.9   -0.5
  532   -3.8   -3.4   -1.7    1.4
  534   -5.2   -3.1   -3.1    0.4
  536   -5.4   -4.2   -3.6    1.3
  540   -4.1   -3.2   -0.5    0.9
  541   -3.6   -3.2   -1.5    1.8
  542   -2.5   -2.2   -1.6    1.7
  546   -2.9   -2.0   -2.2    1.5
  548   -3.6   -1.8   -2.2    1.6
  549   -4.1   -3.1   -2.4    1.5
  551   -2.4   -1.7   -1.0    2.6
  552   -6.6   -6.9   -4.0    1.0
  555   -3.4   -2.3   -1.3    0.5
  556   -3.7   -2.6   -0.8   -0.5
  557   -2.7   -4.6   -2.0    1.0
  559   -6.7   -7.9   -6.2   -0.1
  561   -5.9   -5.8   -2.6    0.6
  562   -5.3   -5.5   -4.3   -0.4
  563   -3.7   -4.9   -3.2    0.6
  565   -3.5   -1.8   -1.4    2.9
  566   -1.3   -1.3    0.9    2.7
  571   -1.2   -0.3    0.7    4.4
  572   -3.0   -1.9   -1.8    2.5
  579   -4.4   -6.5   -4.4    0.6
  580    1.5    2.1    3.3    5.7
  581   -4.2   -4.7   -4.2    0.2
  583   -9.0   -7.7   -5.0   -0.0
  586   -3.0   -1.7   -1.2    0.1
  588   -3.9   -4.7   -3.1   -1.0
  590   -3.7   -2.7   -1.6    2.6
  598   -5.9   -5.3   -3.0   -1.1
  601   -3.0   -1.3   -2.4    0.9
  602   -4.7   -3.3   -2.8    1.5
  603   -5.6   -5.1   -3.5    1.1
  604    0.2   -1.6   -1.0    3.0
  605   -2.2   -2.9   -2.4    3.2
  606    3.3    4.8    4.7    5.6
  608   -1.7   -1.7   -1.2    2.5
  610   -3.1   -3.4   -2.4    2.2
  611   -3.5   -2.5   -2.3    2.7
  612   -1.9   -1.4   -1.7    2.7
  614   -1.9   -2.9   -1.7    5.6
  615   -2.6   -3.4   -3.1    4.1
  616   -1.6   -0.0    0.5    2.3
  617   -2.5   -1.8   -1.1    2.8
  618   -3.0   -4.9   -4.6    1.8
  619   -5.5   -3.7   -3.9    0.6
  623   -4.7   -4.1   -2.3    2.2
  624   -3.8   -4.8   -2.4    1.5
  627   -0.7    0.8    1.0    3.8
  628   -2.5   -1.4   -1.1    2.7
  630   -4.9   -3.9   -3.7    0.7
  634   -2.0   -1.3   -1.3    2.8
  635   -2.7   -3.1   -1.5    5.8
  636   -2.7   -4.4   -5.0    3.7
  642    1.8    0.7    0.6    4.8
  652   -4.9   -3.3   -2.6    2.7
   96    6.9    8.4    7.7   10.2
  661   -0.6   -0.7    0.0    4.1
  670    1.5    3.0    2.6    4.8
  671   -0.2    1.0    1.1    5.2
  699    3.6    0.3    0.3    6.8
  701   -3.9   -4.1   -3.1    4.6
  702   -2.4   -2.1   -1.2    4.8
  703   -2.4   -4.6   -2.6    4.4
  704    2.5    3.3    2.4    6.0
  706   -0.4   -0.6   -1.6    4.6
  709   -1.1   -2.7   -3.0    5.3
  710   -1.0   -1.6   -2.6    6.1
  711    0.9   -1.6   -1.4    5.7
  712    3.6    1.7    1.7    6.3
  713    1.6    0.5    0.8    6.8
  724    9.5    9.6   10.1   11.6
  727    8.0    5.4    4.5    9.5
  730   -0.1   -2.0   -2.8    5.1
  731    2.7   -0.2   -0.3    8.3
  732    2.0   -1.6   -0.5    5.5
  733   -1.4   -0.9   -1.1    2.4
  734   -2.1   -2.5   -1.4    4.0
  736   -1.7   -1.0   -1.3    4.0
  737   -0.5   -0.6   -0.5    3.7
  738   -1.6   -1.0   -1.7    5.1
  741    2.1   -0.1   -0.7    6.7
  745    0.2   -0.9   -1.1    6.8
  748    2.0    0.8    0.9    6.6
  751    6.3    5.9    5.6   10.2
  752   11.2    9.6    8.5    9.2
  754    2.8   -1.4   -0.7    6.6
  757   -5.4   -4.5   -4.8    3.6
  760   -5.2   -4.5   -5.1    2.8
  762   -3.0   -4.6   -4.4    3.2
  767    1.7   -0.0    0.7    6.0
  768   -3.1   -2.2   -2.6    5.5
  769    3.2    0.9    0.2    6.9
  770   -0.5   -2.2   -2.4    6.5
  771    5.0    0.7    1.5    6.7
  775    0.8   -1.7   -2.4    5.6
  779   10.9   10.5    9.8   12.0
  780   12.5    8.5    8.4   12.2
  781    9.5    7.3    7.4   11.2
  782    5.0    4.7    5.7    7.1
  788    1.6    0.3   -0.3    7.0
  789    2.9    0.9    0.7    7.0
  801   -1.4   -3.4   -4.1    2.1
  803   -3.0   -3.5   -4.5    1.8
  804    5.4    3.6    4.1    6.4
  810   -2.4   -3.5   -2.5    3.9
  811    3.8   -2.4   -0.9    2.0
  812   -1.5   -3.3   -2.8    4.6
  813   -1.8   -3.4   -3.7    3.4
  815   -4.9   -4.9   -2.9    2.0
  822   -4.6   -3.5   -2.9    1.9
  823   -2.2   -5.5   -6.4    2.4
  825   -1.1   -2.1   -1.8    4.0
  827    2.1   -0.8   -0.5    5.1
  828    1.9   -0.1   -0.1    5.3
  832   -1.5   -2.4   -3.0    3.9
  834   -2.1   -3.6   -1.7    0.9
  836   -3.1   -5.4   -5.9   -0.4
  844    1.6   -1.1    0.4    4.4
  850    4.1    3.9    4.0    5.7
  871   -2.7   -3.2   -0.7    1.5
  876    2.6    4.1    3.4    6.3
  877   -5.3   -2.9   -3.3    0.2
  887   -2.3   -1.2   -1.5    3.2
  900    5.2   -0.8    0.4    5.1
  901    7.1    6.0    7.4    9.1
  907    5.2    3.9    5.0    8.4
  908    4.1    1.4    2.1    7.7
  909    6.4    6.4    8.5   10.2
  912   -1.9   -2.3   -3.0    4.3
  915   -1.9   -4.5   -3.2    5.2
  917    3.6    0.6    2.1    6.9
  918    1.1   -0.6    0.6    6.5
  919   -0.5   -2.9   -2.8    4.7
  920   -0.7   -2.4   -2.8    4.7
  923    6.5    7.4    8.2    8.9
  932    0.8    0.4    1.8    6.0
  936   -1.4   -2.8   -2.0    5.0
  940    4.8    4.0    4.7    7.6
  946   -3.1   -3.1   -1.7    4.1
  790    5.7    6.1    6.7    9.6
10111 -999.0 -999.0 -999.0 -999.0
10112 -999.0 -999.0 -999.0 -999.0
10121 -999.0 -999.0 -999.0 -999.0
10122 -999.0 -999.0 -999.0 -999.0
10131 -999.0 -999.0 -999.0 -999.0
10132 -999.0 -999.0 -999.0 -999.0
10141 -999.0 -999.0 -999.0 -999.0
10142 -999.0 -999.0 -999.0 -999.0
10151 -999.0 -999.0 -999.0 -999.0
10152 -999.0 -999.0 -999.0 -999.0
10161 -999.0 -999.0 -999.0 -999.0
10162 -999.0 -999.0 -999.0 -999.0
10171 -999.0 -999.0 -999.0 -999.0
10172 -999.0 -999.0 -999.0 -999.0
10181 -999.0 -999.0 -999.0 -999.0
10182 -999.0 -999.0 -999.0 -999.0
10192 -999.0 -999.0 -999.0 -999.0
10201 -999.0 -999.0 -999.0 -999.0
10202 -999.0 -999.0 -999.0 -999.0
10211 -999.0 -999.0 -999.0 -999.0
10212 -999.0 -999.0 -999.0 -999.0
10221 -999.0 -999.0 -999.0 -999.0
10222 -999.0 -999.0 -999.0 -999.0
10231 -999.0 -999.0 -999.0 -999.0
10232 -999.0 -999.0 -999.0 -999.0
10241 -999.0 -999.0 -999.0 -999.0
10242 -999.0 -999.0 -999.0 -999.0
10251 -999.0 -999.0 -999.0 -999.0
10252 -999.0 -999.0 -999.0 -999.0
10261 -999.0 -999.0 -999.0 -999.0
10262 -999.0 -999.0 -999.0 -999.0
10272 -999.0 -999.0 -999.0 -999.0
10281 -999.0 -999.0 -999.0 -999.0
10282 -999.0 -999.0 -999.0 -999.0
20111 -999.0 -999.0 -999.0 -999.0
20121 -999.0 -999.0 -999.0 -999.0
20131 -999.0 -999.0 -999.0 -999.0
20141 -999.0 -999.0 -999.0 -999.0
20151 -999.0 -999.0 -999.0 -999.0
20161 -999.0 -999.0 -999.0 -999.0
20171 -999.0 -999.0 -999.0 -999.0
20181 -999.0 -999.0 -999.0 -999.0
20191 -999.0 -999.0 -999.0 -999.0
20201 -999.0 -999.0 -999.0 -999.0
20211 -999.0 -999.0 -999.0 -999.0
20221 -999.0 -999.0 -999.0 -999.0
20231 -999.0 -999.0 -999.0 -999.0
20241 -999.0 -999.0 -999.0 -999.0
20251 -999.0 -999.0 -999.0 -999.0
20261 -999.0 -999.0 -999.0 -999.0
20271 -999.0 -999.0 -999.0 -999.0
20281 -999.0 -999.0 -999.0 -999.0
20291 -999.0 -999.0 -999.0 -999.0
20301 -999.0 -999.0 -999.0 -999.0
30111 -999.0 -999.0 -999.0 -999.0
30121 -999.0 -999.0 -999.0 -999.0
30131 -999.0 -999.0 -999.0 -999.0
30141 -999.0 -999.0 -999.0 -999.0
30151 -999.0 -999.0 -999.0 -999.0
30161 -999.0 -999.0 -999.0 -999.0
30171 -999.0 -999.0 -999.0 -999.0
30181 -999.0 -999.0 -999.0 -999.0
30191 -999.0 -999.0 -999.0 -999.0
30201 -999.0 -999.0 -999.0 -999.0
30211 -999.0 -999.0 -999.0 -999.0
30221 -999.0 -999.0 -999.0 -999.0
30231 -999.0 -999.0 -999.0 -999.0
30241 -999.0 -999.0 -999.0 -999.0
30251 -999.0 -999.0 -999.0 -999.0
40111 -999.0 -999.0 -999.0 -999.0
40121 -999.0 -999.0 -999.0 -999.0
40131 -999.0 -999.0 -999.0 -999.0
40141 -999.0 -999.0 -999.0 -999.0
40151 -999.0 -999.0 -999.0 -999.0
40161 -999.0 -999.0 -999.0 -999.0
40171 -999.0 -999.0 -999.0 -999.0
40181 -999.0 -999.0 -999.0 -999.0
40191 -999.0 -999.0 -999.0 -999.0
40201 -999.0 -999.0 -999.0 -999.0
40211 -999.0 -999.0 -999.0 -999.0
40221 -999.0 -999.0 -999.0 -999.0
40231 -999.0 -999.0 -999.0 -999.0
40241 -999.0 -999.0 -999.0 -999.0
40251 -999.0 -999.0 -999.0 -999.0
40262 -999.0 -999.0 -999.0 -999.0
40271 -999.0 -999.0 -999.0 -999.0
40281 -999.0 -999.0 -999.0 -999.0
40291 -999.0 -999.0 -999.0 -999.0
40301 -999.0 -999.0 -999.0 -999.0
40311 -999.0 -999.0 -999.0 -999.0
40321 -999.0 -999.0 -999.0 -999.0
40331 -999.0 -999.0 -999.0 -999.0
40341 -999.0 -999.0 -999.0 -999.0
40351 -999.0 -999.0 -999.0 -999.0
40361 -999.0 -999.0 -999.0 -999.0
